"location","county","date","visitor","algaeobserved","algalid","cyanobacteriadominant","toxinpresent","mcvalue","mcqualifier","cylvalue","cylqualifier","anavalue","anaqualifier","saxvalue","saxqualifier","nodvalue","nodqualifier","othertoxins","comments","datetime","latitude","longitude","sampledepth","picurl"
"Center of George’s lake","Putnam",2023-09-18,"SJRWMD","No","Pending","Pending","Pending",,,,,,,,,,,"Pending",,2023-09-18 13:25:00,29.7991168759041,-81.84906428105,0.3,"https://services1.arcgis.com/nRHtyn3uE1kyzoYc/ArcGIS/rest/services/service_c1026ff3b55f468d9f2edd834cb807f8/FeatureServer/0/7840/attachments/5140?token=esFGg2N_4QUkCtU1tiMztDW4hm2M0GdusSqnOkviQULZsKWy6cHlYSpBrHqloDkjMDORyL7vHp8tCloK_rT_6I4OA4EY19edP5rFzXcDxs3_bvd6rAbKq0BqhoPk7exiwoF-z98H5LJH5jJbe4dDOjffY9Bj9w3g5kWvPrs5PpMeAdY4Rap08W1RrijQW_Ta"
"Lake Washington - Center (LWC)","Brevard",2023-09-18,"SJRWMD","No","Pending","Pending","Pending",,,,,,,,,,,"Pending","0-clear",2023-09-18 13:17:00,28.142439,-80.746111,0.3,"https://services1.arcgis.com/nRHtyn3uE1kyzoYc/ArcGIS/rest/services/service_c1026ff3b55f468d9f2edd834cb807f8/FeatureServer/0/7845/attachments/5147?token=esFGg2N_4QUkCtU1tiMztDW4hm2M0GdusSqnOkviQULZsKWy6cHlYSpBrHqloDkjMDORyL7vHp8tCloK_rT_6I4OA4EY19edP5rFzXcDxs3_bvd6rAbKq0BqhoPk7exiwoF-z98H5LJH5jJbe4dDOjffY9Bj9w3g5kWvPrs5PpMeAdY4Rap08W1RrijQW_Ta"
"Georges Lake - Boat Ramp","Putnam",2023-09-14,"NEROC","Yes","Co-dominant taxa were: Microcystis aeruginosa and Cylindrospermopsis raciborskii","Yes","Yes",0.2,"I (I qualifier indicates that the reported value is between the laboratory method detection limit and the laboratory practical quantitation limit.)",,,,,,,,,"Anatoxin-a: not detected; Cylindrospermopsin: not detected; Nodularin-R: not detected; Saxitoxins: not detected",,2023-09-14 16:05:00,29.8023232723948,-81.8454339079608,0.3,"https://services1.arcgis.com/nRHtyn3uE1kyzoYc/ArcGIS/rest/services/service_c1026ff3b55f468d9f2edd834cb807f8/FeatureServer/0/7828/attachments/5123?token=esFGg2N_4QUkCtU1tiMztDW4hm2M0GdusSqnOkviQULZsKWy6cHlYSpBrHqloDkjMDORyL7vHp8tCloK_rT_6I4OA4EY19edP5rFzXcDxs3_bvd6rAbKq0BqhoPk7exiwoF-z98H5LJH5jJbe4dDOjffY9Bj9w3g5kWvPrs5PpMeAdY4Rap08W1RrijQW_Ta"
"Lake Monroe - Center (LMAC)","Volusia",2023-09-14,"SJRWMD","No","mixed algae; no dominant species in sample","No","No",,,,,,,,,,,"Anatoxin-a: not detected; Cylindrospermopsin: not detected; Nodularin-R: not detected; Saxitoxins: not detected","Sunny Hot",2023-09-14 15:25:00,28.83496,-81.27091,0.3,
"Lake Jesup - Center (OW-CTR)","Seminole",2023-09-14,"SJRWMD","No","Dominant taxon: Microcystis aeruginosa","Yes","Yes",,,1.4,,,,,,,,"Anatoxin-a: not detected; Cylindrospermopsin: 1.4; Nodularin-R: not detected; Saxitoxins: not detected","Sunny Hot",2023-09-14 14:32:00,28.7268,-81.2111,0.3,
"Crescent Lake - mouth of Haw Creek","Putnam",2023-09-14,"SJRWMD","Yes","Dominant taxon: Microcystis aeruginosa","Yes","No",,,,,,,,,,,"Anatoxin-a: not detected; Cylindrospermopsin: not detected; Nodularin-R: not detected; Saxitoxins: not detected","Warm, sunny, calm",2023-09-14 14:08:00,29.3968611111111,-81.4290833333333,0.293,"https://services1.arcgis.com/nRHtyn3uE1kyzoYc/ArcGIS/rest/services/service_c1026ff3b55f468d9f2edd834cb807f8/FeatureServer/0/7827/attachments/5122?token=esFGg2N_4QUkCtU1tiMztDW4hm2M0GdusSqnOkviQULZsKWy6cHlYSpBrHqloDkjMDORyL7vHp8tCloK_rT_6I4OA4EY19edP5rFzXcDxs3_bvd6rAbKq0BqhoPk7exiwoF-z98H5LJH5jJbe4dDOjffY9Bj9w3g5kWvPrs5PpMeAdY4Rap08W1RrijQW_Ta"
"Crescent Lake - mouth of Dunns Creek (CRESLM)","Putnam",2023-09-14,"SJRWMD","Yes","Dominant taxon: Microcystis aeruginosa","Yes","No",,,,,,,,,,,"Anatoxin-a: not detected; Cylindrospermopsin: not detected; Nodularin-R: not detected; Saxitoxins: not detected","Sunny, warm, calm",2023-09-14 12:59:00,29.52955556,-81.55372222,0.299,"https://services1.arcgis.com/nRHtyn3uE1kyzoYc/ArcGIS/rest/services/service_c1026ff3b55f468d9f2edd834cb807f8/FeatureServer/0/7826/attachments/5121?token=esFGg2N_4QUkCtU1tiMztDW4hm2M0GdusSqnOkviQULZsKWy6cHlYSpBrHqloDkjMDORyL7vHp8tCloK_rT_6I4OA4EY19edP5rFzXcDxs3_bvd6rAbKq0BqhoPk7exiwoF-z98H5LJH5jJbe4dDOjffY9Bj9w3g5kWvPrs5PpMeAdY4Rap08W1RrijQW_Ta"
"Blue Cypress Lake - Center (BCL)","IndianRiver",2023-09-13,"SJRWMD","No","mixed algae; no dominant species in sample","No","No",,,,,,,,,,,"Anatoxin-a: not detected; Cylindrospermopsin: not detected; Nodularin-R: not detected; Saxitoxins: not detected",,2023-09-13 15:34:00,27.7266,-80.7536,0.3,"https://services1.arcgis.com/nRHtyn3uE1kyzoYc/ArcGIS/rest/services/service_c1026ff3b55f468d9f2edd834cb807f8/FeatureServer/0/7818/attachments/5104?token=esFGg2N_4QUkCtU1tiMztDW4hm2M0GdusSqnOkviQULZsKWy6cHlYSpBrHqloDkjMDORyL7vHp8tCloK_rT_6I4OA4EY19edP5rFzXcDxs3_bvd6rAbKq0BqhoPk7exiwoF-z98H5LJH5jJbe4dDOjffY9Bj9w3g5kWvPrs5PpMeAdY4Rap08W1RrijQW_Ta"
"Lateral M Canal - just north of Blue Cypress Lake","IndianRiver",2023-09-13,"SJRWMD","No","mixed algae; no dominant species in sample","No","No",,,,,,,,,,,"Anatoxin-a: not detected; Cylindrospermopsin: not detected; Nodularin-R: not detected; Saxitoxins: not detected",,2023-09-13 14:59:00,27.75739876,-80.74367186,0.3,"https://services1.arcgis.com/nRHtyn3uE1kyzoYc/ArcGIS/rest/services/service_c1026ff3b55f468d9f2edd834cb807f8/FeatureServer/0/7817/attachments/5101?token=esFGg2N_4QUkCtU1tiMztDW4hm2M0GdusSqnOkviQULZsKWy6cHlYSpBrHqloDkjMDORyL7vHp8tCloK_rT_6I4OA4EY19edP5rFzXcDxs3_bvd6rAbKq0BqhoPk7exiwoF-z98H5LJH5jJbe4dDOjffY9Bj9w3g5kWvPrs5PpMeAdY4Rap08W1RrijQW_Ta"
"Lake Yale","Lake",2023-09-13,"SJRWMD","Yes","Dominant taxon: Microcystis aeruginosa","Yes","Yes",,,0.24,"I (I qualifier indicates that the reported value is between the laboratory method detection limit and the laboratory practical quantitation limit.)",,,,,,,"Anatoxin-a: not detected; Cylindrospermopsin: 0.24 I (I qualifier indicates that the reported value is between the laboratory method detection limit and the laboratory practical quantitation limit.); Nodularin-R: not detected; Saxitoxins: not detected","Sunny Hot No wind",2023-09-13 13:12:00,28.9054397713741,-81.7219179979624,0.3,
"Lake George - Center (LEO)","Volusia",2023-09-13,"SJRWMD","No","Dominant taxon: Planktolyngbya limnetica","Yes","Yes",,,0.16,"I (I qualifier indicates that the reported value is between the laboratory method detection limit and the laboratory practical quantitation limit.)",,,,,,,"Anatoxin-a: not detected; Cylindrospermopsin: 0.16 I (I qualifier indicates that the reported value is between the laboratory method detection limit and the laboratory practical quantitation limit.); Nodularin-R: not detected; Saxitoxins: not detected",,2023-09-13 13:04:00,29.30830556,-81.60638889,0.3,
"Stick Marsh - North (STKM)","IndianRiver",2023-09-13,"SJRWMD","Yes","Dominant taxon: Microcystis aeruginosa","Yes","Yes",,,0.65,,,,,,,,"Anatoxin-a: not detected; Cylindrospermopsin: 0.65; Nodularin-R: not detected; Saxitoxins: not detected",,2023-09-13 12:43:00,27.81065,-80.724854,0.3,"https://services1.arcgis.com/nRHtyn3uE1kyzoYc/ArcGIS/rest/services/service_c1026ff3b55f468d9f2edd834cb807f8/FeatureServer/0/7816/attachments/5100?token=esFGg2N_4QUkCtU1tiMztDW4hm2M0GdusSqnOkviQULZsKWy6cHlYSpBrHqloDkjMDORyL7vHp8tCloK_rT_6I4OA4EY19edP5rFzXcDxs3_bvd6rAbKq0BqhoPk7exiwoF-z98H5LJH5jJbe4dDOjffY9Bj9w3g5kWvPrs5PpMeAdY4Rap08W1RrijQW_Ta"
"Lake Howell - N Shore","Seminole",2023-09-12,"CEROC","Yes","Dominant taxon: Microcystis aeruginosa","Yes","Yes",,,0.15,"I (I qualifier indicates that the reported value is between the laboratory method detection limit and the laboratory practical quantitation limit.)",,,,,,,"Anatoxin-a: not detected; Cylindrospermopsin: 0.15 I (I qualifier indicates that the reported value is between the laboratory method detection limit and the laboratory practical quantitation limit.); Nodularin-R: not detected; Saxitoxins: not detected","Sunny. Water green with some algae specks observed in water column ",2023-09-12 16:58:00,28.6434344369319,-81.311581398979,0.3,"https://services1.arcgis.com/nRHtyn3uE1kyzoYc/ArcGIS/rest/services/service_c1026ff3b55f468d9f2edd834cb807f8/FeatureServer/0/7807/attachments/5086?token=esFGg2N_4QUkCtU1tiMztDW4hm2M0GdusSqnOkviQULZsKWy6cHlYSpBrHqloDkjMDORyL7vHp8tCloK_rT_6I4OA4EY19edP5rFzXcDxs3_bvd6rAbKq0BqhoPk7exiwoF-z98H5LJH5jJbe4dDOjffY9Bj9w3g5kWvPrs5PpMeAdY4Rap08W1RrijQW_Ta"
"St. Johns River - Mandarin Point (MP72)","Duval",2023-09-12,"SJRWMD","No","mixed algae; no dominant species in sample","No","No",,,,,,,,,,,"Anatoxin-a: not detected; Cylindrospermopsin: not detected; Nodularin-R: not detected; Saxitoxins: not detected","Partly cloudy hot",2023-09-12 16:51:00,30.15666667,-81.68388889,0.3,"https://services1.arcgis.com/nRHtyn3uE1kyzoYc/ArcGIS/rest/services/service_c1026ff3b55f468d9f2edd834cb807f8/FeatureServer/0/7812/attachments/5093?token=esFGg2N_4QUkCtU1tiMztDW4hm2M0GdusSqnOkviQULZsKWy6cHlYSpBrHqloDkjMDORyL7vHp8tCloK_rT_6I4OA4EY19edP5rFzXcDxs3_bvd6rAbKq0BqhoPk7exiwoF-z98H5LJH5jJbe4dDOjffY9Bj9w3g5kWvPrs5PpMeAdY4Rap08W1RrijQW_Ta"
"Doctors Lake - Center (DTL)","Clay",2023-09-12,"SJRWMD","No","mixed algae; no dominant species in sample","No","No",,,,,,,,,,,"Anatoxin-a: not detected; Cylindrospermopsin: not detected; Nodularin-R: not detected; Saxitoxins: not detected","Partly cloudy hot",2023-09-12 16:26:00,30.13805556,-81.72722222,0.3,"https://services1.arcgis.com/nRHtyn3uE1kyzoYc/ArcGIS/rest/services/service_c1026ff3b55f468d9f2edd834cb807f8/FeatureServer/0/7811/attachments/5092?token=esFGg2N_4QUkCtU1tiMztDW4hm2M0GdusSqnOkviQULZsKWy6cHlYSpBrHqloDkjMDORyL7vHp8tCloK_rT_6I4OA4EY19edP5rFzXcDxs3_bvd6rAbKq0BqhoPk7exiwoF-z98H5LJH5jJbe4dDOjffY9Bj9w3g5kWvPrs5PpMeAdY4Rap08W1RrijQW_Ta"
"Doctors Lake - Pace Island dock (HAB23PK26)","Clay",2023-09-12,"SJRWMD","Yes","Dominant taxon: Microcystis wesenbergii","Yes","No",,,,,,,,,,,"Anatoxin-a: not detected; Cylindrospermopsin: not detected; Nodularin-R: not detected; Saxitoxins: not detected","Partly cloudy, hot ",2023-09-12 16:10:00,30.1363287189363,-81.7206996016314,0.3,"https://services1.arcgis.com/nRHtyn3uE1kyzoYc/ArcGIS/rest/services/service_c1026ff3b55f468d9f2edd834cb807f8/FeatureServer/0/7810/attachments/5090?token=esFGg2N_4QUkCtU1tiMztDW4hm2M0GdusSqnOkviQULZsKWy6cHlYSpBrHqloDkjMDORyL7vHp8tCloK_rT_6I4OA4EY19edP5rFzXcDxs3_bvd6rAbKq0BqhoPk7exiwoF-z98H5LJH5jJbe4dDOjffY9Bj9w3g5kWvPrs5PpMeAdY4Rap08W1RrijQW_Ta"
"Doctors Lake - Salt Myrtle Lane (HAB23PK27)","Clay",2023-09-12,"SJRWMD","No","Dominant taxon: Microcystis wesenbergii","Yes","No",,,,,,,,,,,"Anatoxin-a: not detected; Cylindrospermopsin: not detected; Nodularin-R: not detected; Saxitoxins: not detected","Partly cloudy hot",2023-09-12 15:52:00,30.1257332466726,-81.7175661373787,0.3,"https://services1.arcgis.com/nRHtyn3uE1kyzoYc/ArcGIS/rest/services/service_c1026ff3b55f468d9f2edd834cb807f8/FeatureServer/0/7809/attachments/5089?token=esFGg2N_4QUkCtU1tiMztDW4hm2M0GdusSqnOkviQULZsKWy6cHlYSpBrHqloDkjMDORyL7vHp8tCloK_rT_6I4OA4EY19edP5rFzXcDxs3_bvd6rAbKq0BqhoPk7exiwoF-z98H5LJH5jJbe4dDOjffY9Bj9w3g5kWvPrs5PpMeAdY4Rap08W1RrijQW_Ta"
"St. Johns River - Shands Bridge (20030157)","StJohns",2023-09-12,"SJRWMD","No","mixed algae; no dominant species in sample","No","No",,,,,,,,,,,"Anatoxin-a: not detected; Cylindrospermopsin: not detected; Nodularin-R: not detected; Saxitoxins: not detected","Overcast, humid ",2023-09-12 14:37:00,29.98163056,-81.62213889,0.3,"https://services1.arcgis.com/nRHtyn3uE1kyzoYc/ArcGIS/rest/services/service_c1026ff3b55f468d9f2edd834cb807f8/FeatureServer/0/7808/attachments/5088?token=esFGg2N_4QUkCtU1tiMztDW4hm2M0GdusSqnOkviQULZsKWy6cHlYSpBrHqloDkjMDORyL7vHp8tCloK_rT_6I4OA4EY19edP5rFzXcDxs3_bvd6rAbKq0BqhoPk7exiwoF-z98H5LJH5jJbe4dDOjffY9Bj9w3g5kWvPrs5PpMeAdY4Rap08W1RrijQW_Ta"
"Ortega River - 0.3 miles up Morven Canal","Clay",2023-09-11,"NEROC","No","mixed algae; no dominant species in sample","No","No",,,,,,,,,,,"Anatoxin-a: not detected; Cylindrospermopsin: not detected; Nodularin-R: not detected; Saxitoxins: not detected","Bacterial scum layer across surface.",2023-09-11 18:00:00,30.2554169197409,-81.7051346438615,0.3,"https://services1.arcgis.com/nRHtyn3uE1kyzoYc/ArcGIS/rest/services/service_c1026ff3b55f468d9f2edd834cb807f8/FeatureServer/0/7799/attachments/5062?token=esFGg2N_4QUkCtU1tiMztDW4hm2M0GdusSqnOkviQULZsKWy6cHlYSpBrHqloDkjMDORyL7vHp8tCloK_rT_6I4OA4EY19edP5rFzXcDxs3_bvd6rAbKq0BqhoPk7exiwoF-z98H5LJH5jJbe4dDOjffY9Bj9w3g5kWvPrs5PpMeAdY4Rap08W1RrijQW_Ta"
"Lake Yale - near center ","Lake",2023-09-11,"CEROC","Yes","Dominant taxon: Microcystis aeruginosa","Yes","Yes",,,0.24,"I (I qualifier indicates that the reported value is between the laboratory method detection limit and the laboratory practical quantitation limit.)",,,,,,,"Anatoxin-a: not detected; Cylindrospermopsin: 0.24 I (I qualifier indicates that the reported value is between the laboratory method detection limit and the laboratory practical quantitation limit.); Nodularin-R: not detected; Saxitoxins: not detected","Sunny. Green algae specks distributed throughout water column",2023-09-11 17:07:00,28.9140973895424,-81.7305643943555,0.3,"https://services1.arcgis.com/nRHtyn3uE1kyzoYc/ArcGIS/rest/services/service_c1026ff3b55f468d9f2edd834cb807f8/FeatureServer/0/7800/attachments/5065?token=esFGg2N_4QUkCtU1tiMztDW4hm2M0GdusSqnOkviQULZsKWy6cHlYSpBrHqloDkjMDORyL7vHp8tCloK_rT_6I4OA4EY19edP5rFzXcDxs3_bvd6rAbKq0BqhoPk7exiwoF-z98H5LJH5jJbe4dDOjffY9Bj9w3g5kWvPrs5PpMeAdY4Rap08W1RrijQW_Ta"
"Lake Rowena - near NE corner","Orange",2023-09-11,"CEROC","Yes","Dominant taxon: Microcystis aeruginosa","Yes","Yes",,,0.22,"I (I qualifier indicates that the reported value is between the laboratory method detection limit and the laboratory practical quantitation limit.)",,,,,,,"Anatoxin-a: not detected; Cylindrospermopsin: 0.22 I (I qualifier indicates that the reported value is between the laboratory method detection limit and the laboratory practical quantitation limit.); Nodularin-R: not detected; Saxitoxins: not detected","Sunny. Green algae specks visible throughout water column and surface ",2023-09-11 13:42:00,28.572597402986,-81.3583556486854,0.25,"https://services1.arcgis.com/nRHtyn3uE1kyzoYc/ArcGIS/rest/services/service_c1026ff3b55f468d9f2edd834cb807f8/FeatureServer/0/7801/attachments/5068?token=esFGg2N_4QUkCtU1tiMztDW4hm2M0GdusSqnOkviQULZsKWy6cHlYSpBrHqloDkjMDORyL7vHp8tCloK_rT_6I4OA4EY19edP5rFzXcDxs3_bvd6rAbKq0BqhoPk7exiwoF-z98H5LJH5jJbe4dDOjffY9Bj9w3g5kWvPrs5PpMeAdY4Rap08W1RrijQW_Ta"
"Pioneer Lake - N Shore","Volusia",2023-09-06,"CEROC","Yes","mixed algae; no dominant species in sample","No","No",,,,,,,,,,,"Anatoxin-a: not detected; Cylindrospermopsin: not detected; Nodularin-R: not detected; Saxitoxins: not detected",,2023-09-06 16:00:00,28.8838329661521,-81.2420453964359,0.3,"https://services1.arcgis.com/nRHtyn3uE1kyzoYc/ArcGIS/rest/services/service_c1026ff3b55f468d9f2edd834cb807f8/FeatureServer/0/7775/attachments/5048?token=esFGg2N_4QUkCtU1tiMztDW4hm2M0GdusSqnOkviQULZsKWy6cHlYSpBrHqloDkjMDORyL7vHp8tCloK_rT_6I4OA4EY19edP5rFzXcDxs3_bvd6rAbKq0BqhoPk7exiwoF-z98H5LJH5jJbe4dDOjffY9Bj9w3g5kWvPrs5PpMeAdY4Rap08W1RrijQW_Ta"
"Lake Minnehaha - E Dock","Orange",2023-09-06,"CEROC","Yes","mixed algae; no dominant species in sample","No","Yes",,,0.2,"I (I qualifier indicates that the reported value is between the laboratory method detection limit and the laboratory practical quantitation limit.)",,,,,,,"Anatoxin-a: not detected; Cylindrospermopsin: 0.20 I (I qualifier indicates that the reported value is between the laboratory method detection limit and the laboratory practical quantitation limit.); Nodularin-R: not detected; Saxitoxins: not detected","Epiphitic growth on submersed plants and wind blown mats on surface ",2023-09-06 15:04:00,28.6320983403798,-81.3516642380172,0.3,"https://services1.arcgis.com/nRHtyn3uE1kyzoYc/ArcGIS/rest/services/service_c1026ff3b55f468d9f2edd834cb807f8/FeatureServer/0/7776/attachments/5051?token=esFGg2N_4QUkCtU1tiMztDW4hm2M0GdusSqnOkviQULZsKWy6cHlYSpBrHqloDkjMDORyL7vHp8tCloK_rT_6I4OA4EY19edP5rFzXcDxs3_bvd6rAbKq0BqhoPk7exiwoF-z98H5LJH5jJbe4dDOjffY9Bj9w3g5kWvPrs5PpMeAdY4Rap08W1RrijQW_Ta"
"St. Johns River - Astor Park Boat Ramp","Lake",2023-09-06,"SJRWMD","Yes","Dominant taxon: Dinophyceae","No","No",,,,,,,,,,,"Anatoxin-a: not detected; Cylindrospermopsin: not detected; Nodularin-R: not detected; Saxitoxins: not detected",,2023-09-06 14:23:00,29.1627384759286,-81.5244269546891,0.3,"https://services1.arcgis.com/nRHtyn3uE1kyzoYc/ArcGIS/rest/services/service_c1026ff3b55f468d9f2edd834cb807f8/FeatureServer/0/7774/attachments/5047?token=esFGg2N_4QUkCtU1tiMztDW4hm2M0GdusSqnOkviQULZsKWy6cHlYSpBrHqloDkjMDORyL7vHp8tCloK_rT_6I4OA4EY19edP5rFzXcDxs3_bvd6rAbKq0BqhoPk7exiwoF-z98H5LJH5jJbe4dDOjffY9Bj9w3g5kWvPrs5PpMeAdY4Rap08W1RrijQW_Ta"
"Lake Washington - Center (LWC)","Brevard",2023-08-31,"SJRWMD","No","mixed algae; no dominant species in sample","No","No",,,,,,,,,,,"Anatoxin-a: not detected; Cylindrospermopsin: not detected; Nodularin-R: not detected; Saxitoxins: not detected","Clear no rain",2023-08-31 13:48:00,28.142439,-80.746111,0.3,"https://services1.arcgis.com/nRHtyn3uE1kyzoYc/ArcGIS/rest/services/service_c1026ff3b55f468d9f2edd834cb807f8/FeatureServer/0/7742/attachments/5006?token=esFGg2N_4QUkCtU1tiMztDW4hm2M0GdusSqnOkviQULZsKWy6cHlYSpBrHqloDkjMDORyL7vHp8tCloK_rT_6I4OA4EY19edP5rFzXcDxs3_bvd6rAbKq0BqhoPk7exiwoF-z98H5LJH5jJbe4dDOjffY9Bj9w3g5kWvPrs5PpMeAdY4Rap08W1RrijQW_Ta"
"Park Lake - W Shore","Orange",2023-08-28,"CEROC","Yes","Dominant taxon: Microcystis aeruginosa","Yes","No",0.35,"I (I qualifier indicates that the reported value is between the laboratory method detection limit and the laboratory practical quantitation limit.)",,,,,,,,,"Anatoxin-a: not detected; Cylindrospermopsin: not detected; Nodularin-R: not detected; Saxitoxins: not detected","Sunny",2023-08-28 14:35:00,28.5544617054037,-81.3734945246882,0.2,"https://services1.arcgis.com/nRHtyn3uE1kyzoYc/ArcGIS/rest/services/service_c1026ff3b55f468d9f2edd834cb807f8/FeatureServer/0/7735/attachments/4989?token=esFGg2N_4QUkCtU1tiMztDW4hm2M0GdusSqnOkviQULZsKWy6cHlYSpBrHqloDkjMDORyL7vHp8tCloK_rT_6I4OA4EY19edP5rFzXcDxs3_bvd6rAbKq0BqhoPk7exiwoF-z98H5LJH5jJbe4dDOjffY9Bj9w3g5kWvPrs5PpMeAdY4Rap08W1RrijQW_Ta"
"Caywood Pond - SW Dock","Orange",2023-08-28,"CEROC","Yes","mixed algae; no dominant species in sample","No","No",,,,,,,,,,,"Anatoxin-a: not detected; Cylindrospermopsin: not detected; Nodularin-R: not detected; Saxitoxins: not detected","Sunny",2023-08-28 13:38:00,28.4886316347153,-81.590812735086,0.3,"https://services1.arcgis.com/nRHtyn3uE1kyzoYc/ArcGIS/rest/services/service_c1026ff3b55f468d9f2edd834cb807f8/FeatureServer/0/7736/attachments/4992?token=esFGg2N_4QUkCtU1tiMztDW4hm2M0GdusSqnOkviQULZsKWy6cHlYSpBrHqloDkjMDORyL7vHp8tCloK_rT_6I4OA4EY19edP5rFzXcDxs3_bvd6rAbKq0BqhoPk7exiwoF-z98H5LJH5jJbe4dDOjffY9Bj9w3g5kWvPrs5PpMeAdY4Rap08W1RrijQW_Ta"
"Lake Monroe - Center (LMAC)","Volusia",2023-08-28,"SJRWMD","No","mixed algae; no dominant species in sample","No","No",,,,,,,,,,,"Anatoxin-a: not detected; Cylindrospermopsin: not detected; Nodularin-R: not detected; Saxitoxins: not detected","Sunny light wind",2023-08-28 13:37:00,28.835,-81.2709,0.3,
"Doctors Lake - Pace Island dock","Clay",2023-08-24,"SJRWMD","Yes","Co-dominant taxa were: Microcystis aeruginosa and Cylindrospermopsis raciborskii","Yes","Yes",0.29,"I (I qualifier indicates that the reported value is between the laboratory method detection limit and the laboratory practical quantitation limit.)",,,,,,,,,"Anatoxin-a: not detected; Cylindrospermopsin: not detected; Nodularin-R: not detected; Saxitoxins: not detected","Cloudy, sunny",2023-08-24 13:14:00,30.1357605780734,-81.7216201968163,0.3,"https://services1.arcgis.com/nRHtyn3uE1kyzoYc/ArcGIS/rest/services/service_c1026ff3b55f468d9f2edd834cb807f8/FeatureServer/0/7732/attachments/4983?token=esFGg2N_4QUkCtU1tiMztDW4hm2M0GdusSqnOkviQULZsKWy6cHlYSpBrHqloDkjMDORyL7vHp8tCloK_rT_6I4OA4EY19edP5rFzXcDxs3_bvd6rAbKq0BqhoPk7exiwoF-z98H5LJH5jJbe4dDOjffY9Bj9w3g5kWvPrs5PpMeAdY4Rap08W1RrijQW_Ta"
"St. Johns River - Buzzard island ","Putnam",2023-08-23,"SJRWMD","Yes","Co-dominant taxa were: Cylindrospermopsis raciborskii and Planktolyngbya limnetica","Yes","Yes",0.25,"I (I qualifier indicates that the reported value is between the laboratory method detection limit and the laboratory practical quantitation limit.)",,,,,,,,,"Anatoxin-a: not detected; Cylindrospermopsin: not detected; Nodularin-R: not detected; Saxitoxins: not detected","Sunny cloudy 

",2023-08-23 15:29:00,29.5961930847861,-81.608364737967,0.3,"https://services1.arcgis.com/nRHtyn3uE1kyzoYc/ArcGIS/rest/services/service_c1026ff3b55f468d9f2edd834cb807f8/FeatureServer/0/7712/attachments/4978?token=esFGg2N_4QUkCtU1tiMztDW4hm2M0GdusSqnOkviQULZsKWy6cHlYSpBrHqloDkjMDORyL7vHp8tCloK_rT_6I4OA4EY19edP5rFzXcDxs3_bvd6rAbKq0BqhoPk7exiwoF-z98H5LJH5jJbe4dDOjffY9Bj9w3g5kWvPrs5PpMeAdY4Rap08W1RrijQW_Ta"
"Crescent Lake - mouth of Dunns Creek (CRESLM)","Putnam",2023-08-23,"SJRWMD","Yes","Dominant taxon: Planktolyngbya limnetica","Yes","No",,,,,,,,,,,"Anatoxin-a: not detected; Cylindrospermopsin: not detected; Nodularin-R: not detected; Saxitoxins: not detected","Sunny, cloudy",2023-08-23 14:59:00,29.52955556,-81.55372222,0.3,"https://services1.arcgis.com/nRHtyn3uE1kyzoYc/ArcGIS/rest/services/service_c1026ff3b55f468d9f2edd834cb807f8/FeatureServer/0/7711/attachments/4977?token=esFGg2N_4QUkCtU1tiMztDW4hm2M0GdusSqnOkviQULZsKWy6cHlYSpBrHqloDkjMDORyL7vHp8tCloK_rT_6I4OA4EY19edP5rFzXcDxs3_bvd6rAbKq0BqhoPk7exiwoF-z98H5LJH5jJbe4dDOjffY9Bj9w3g5kWvPrs5PpMeAdY4Rap08W1RrijQW_Ta"
"Lake George - Center (LEO)","Volusia",2023-08-23,"SJRWMD","No","Co-dominant taxa were: Cylindrospermopsis raciborskii and Planktolyngbya limnetica","Yes","Yes",,,0.11,"I (I qualifier indicates that the reported value is between the laboratory method detection limit and the laboratory practical quantitation limit.)",,,,,,,"Anatoxin-a: not detected; Cylindrospermopsin: 0.11 I (I qualifier indicates that the reported value is between the laboratory method detection limit and the laboratory practical quantitation limit.); Nodularin-R: not detected; Saxitoxins: not detected","Sunny, cloudy",2023-08-23 12:32:00,29.30830556,-81.60638889,0.3,"https://services1.arcgis.com/nRHtyn3uE1kyzoYc/ArcGIS/rest/services/service_c1026ff3b55f468d9f2edd834cb807f8/FeatureServer/0/7710/attachments/4976?token=esFGg2N_4QUkCtU1tiMztDW4hm2M0GdusSqnOkviQULZsKWy6cHlYSpBrHqloDkjMDORyL7vHp8tCloK_rT_6I4OA4EY19edP5rFzXcDxs3_bvd6rAbKq0BqhoPk7exiwoF-z98H5LJH5jJbe4dDOjffY9Bj9w3g5kWvPrs5PpMeAdY4Rap08W1RrijQW_Ta"
"Stick Marsh - North (STKM)","IndianRiver",2023-08-22,"SJRWMD","No","Dominant taxon: Microcystis aeruginosa","Yes","Yes",,,0.46,"I (I qualifier indicates that the reported value is between the laboratory method detection limit and the laboratory practical quantitation limit.)",,,,,,,"Anatoxin-a: not detected; Cylindrospermopsin: 0.46 I (I qualifier indicates that the reported value is between the laboratory method detection limit and the laboratory practical quantitation limit.); Nodularin-R: not detected; Saxitoxins: not detected","0-clear",2023-08-22 13:17:00,27.81065,-80.724854,0.307,"https://services1.arcgis.com/nRHtyn3uE1kyzoYc/ArcGIS/rest/services/service_c1026ff3b55f468d9f2edd834cb807f8/FeatureServer/0/7693/attachments/4972?token=esFGg2N_4QUkCtU1tiMztDW4hm2M0GdusSqnOkviQULZsKWy6cHlYSpBrHqloDkjMDORyL7vHp8tCloK_rT_6I4OA4EY19edP5rFzXcDxs3_bvd6rAbKq0BqhoPk7exiwoF-z98H5LJH5jJbe4dDOjffY9Bj9w3g5kWvPrs5PpMeAdY4Rap08W1RrijQW_Ta"
"Blue Cypress Lake - Center (BCL)","IndianRiver",2023-08-22,"SJRWMD","No","mixed algae; no dominant species in sample","No","No",,,,,,,,,,,"Anatoxin-a: not detected; Cylindrospermopsin: not detected; Nodularin-R: not detected; Saxitoxins: not detected",,2023-08-22 13:08:00,27.7266,-80.7536,0.3,"https://services1.arcgis.com/nRHtyn3uE1kyzoYc/ArcGIS/rest/services/service_c1026ff3b55f468d9f2edd834cb807f8/FeatureServer/0/7694/attachments/4974?token=esFGg2N_4QUkCtU1tiMztDW4hm2M0GdusSqnOkviQULZsKWy6cHlYSpBrHqloDkjMDORyL7vHp8tCloK_rT_6I4OA4EY19edP5rFzXcDxs3_bvd6rAbKq0BqhoPk7exiwoF-z98H5LJH5jJbe4dDOjffY9Bj9w3g5kWvPrs5PpMeAdY4Rap08W1RrijQW_Ta"
"Georges Lake - Center (20030400)","Putnam",2023-08-21,"SJRWMD","No","mixed algae; no dominant species in sample","No","Yes",0.17,"I (I qualifier indicates that the reported value is between the laboratory method detection limit and the laboratory practical quantitation limit.)",,,,,,,,,"Anatoxin-a: not detected; Cylindrospermopsin: not detected; Nodularin-R: not detected; Saxitoxins: not detected","Partly cloudy, no rains",2023-08-21 16:26:00,29.7995161735127,-81.849147881692,0.3,"https://services1.arcgis.com/nRHtyn3uE1kyzoYc/ArcGIS/rest/services/service_c1026ff3b55f468d9f2edd834cb807f8/FeatureServer/0/7680/attachments/4948?token=esFGg2N_4QUkCtU1tiMztDW4hm2M0GdusSqnOkviQULZsKWy6cHlYSpBrHqloDkjMDORyL7vHp8tCloK_rT_6I4OA4EY19edP5rFzXcDxs3_bvd6rAbKq0BqhoPk7exiwoF-z98H5LJH5jJbe4dDOjffY9Bj9w3g5kWvPrs5PpMeAdY4Rap08W1RrijQW_Ta"
"Lake Rowena - near NE corner","Orange",2023-08-21,"CEROC","Yes","Dominant taxon: Microcystis aeruginosa","Yes","Yes",,,0.21,"I (I qualifier indicates that the reported value is between the laboratory method detection limit and the laboratory practical quantitation limit.)",,,,,,,"Anatoxin-a: not detected; Cylindrospermopsin: 0.21 I (I qualifier indicates that the reported value is between the laboratory method detection limit and the laboratory practical quantitation limit.); Nodularin-R: not detected; Saxitoxins: not detected","90 partly cloudy",2023-08-21 15:21:00,28.572639751231,-81.3583887784699,0.3,"https://services1.arcgis.com/nRHtyn3uE1kyzoYc/ArcGIS/rest/services/service_c1026ff3b55f468d9f2edd834cb807f8/FeatureServer/0/7674/attachments/4940?token=esFGg2N_4QUkCtU1tiMztDW4hm2M0GdusSqnOkviQULZsKWy6cHlYSpBrHqloDkjMDORyL7vHp8tCloK_rT_6I4OA4EY19edP5rFzXcDxs3_bvd6rAbKq0BqhoPk7exiwoF-z98H5LJH5jJbe4dDOjffY9Bj9w3g5kWvPrs5PpMeAdY4Rap08W1RrijQW_Ta"
"St. Johns River - Shands Bridge (20030157)","StJohns",2023-08-21,"SJRWMD","No","Dominant taxon: Microcystis aeruginosa","Yes","No",,,,,,,,,,,"Anatoxin-a: not detected; Cylindrospermopsin: not detected; Nodularin-R: not detected; Saxitoxins: not detected","Partly cloudy, windy ",2023-08-21 15:17:00,29.98163056,-81.62213889,0.3,"https://services1.arcgis.com/nRHtyn3uE1kyzoYc/ArcGIS/rest/services/service_c1026ff3b55f468d9f2edd834cb807f8/FeatureServer/0/7679/attachments/4947?token=esFGg2N_4QUkCtU1tiMztDW4hm2M0GdusSqnOkviQULZsKWy6cHlYSpBrHqloDkjMDORyL7vHp8tCloK_rT_6I4OA4EY19edP5rFzXcDxs3_bvd6rAbKq0BqhoPk7exiwoF-z98H5LJH5jJbe4dDOjffY9Bj9w3g5kWvPrs5PpMeAdY4Rap08W1RrijQW_Ta"
"Pioneer Lake - N Shore","Volusia",2023-08-21,"CEROC","Yes","Dominant taxon: Microcystis wesenbergii","Yes","No",,,,,,,,,,,"Anatoxin-a: not detected; Cylindrospermopsin: not detected; Nodularin-R: not detected; Saxitoxins: not detected","90 partly cloudy",2023-08-21 14:27:00,28.8839600893945,-81.2427462122412,0.3,"https://services1.arcgis.com/nRHtyn3uE1kyzoYc/ArcGIS/rest/services/service_c1026ff3b55f468d9f2edd834cb807f8/FeatureServer/0/7675/attachments/4942?token=esFGg2N_4QUkCtU1tiMztDW4hm2M0GdusSqnOkviQULZsKWy6cHlYSpBrHqloDkjMDORyL7vHp8tCloK_rT_6I4OA4EY19edP5rFzXcDxs3_bvd6rAbKq0BqhoPk7exiwoF-z98H5LJH5jJbe4dDOjffY9Bj9w3g5kWvPrs5PpMeAdY4Rap08W1RrijQW_Ta"
"Doctors Lake - Salt Myrtle Lane","Clay",2023-08-21,"SJRWMD","No","mixed algae; no dominant species in sample","No","No",,,,,,,,,,,"Anatoxin-a: not detected; Cylindrospermopsin: not detected; Nodularin-R: not detected; Saxitoxins: not detected","Partly cloudy, humid ",2023-08-21 14:22:00,30.1257424708929,-81.7173736900731,0.307,"https://services1.arcgis.com/nRHtyn3uE1kyzoYc/ArcGIS/rest/services/service_c1026ff3b55f468d9f2edd834cb807f8/FeatureServer/0/7678/attachments/4946?token=esFGg2N_4QUkCtU1tiMztDW4hm2M0GdusSqnOkviQULZsKWy6cHlYSpBrHqloDkjMDORyL7vHp8tCloK_rT_6I4OA4EY19edP5rFzXcDxs3_bvd6rAbKq0BqhoPk7exiwoF-z98H5LJH5jJbe4dDOjffY9Bj9w3g5kWvPrs5PpMeAdY4Rap08W1RrijQW_Ta"
"Lake Marian - Boat Ramp","Osceola",2023-08-21,"SEROC","No","Dominant taxon: Microcystis aeruginosa","Yes","Yes",2.3,,,,,,,,,,"Anatoxin-a: not detected; Cylindrospermopsin: not detected; Nodularin-R: not detected; Saxitoxins: not detected",,2023-08-21 14:15:00,27.87282,-81.0519933333333,0.3,"https://services1.arcgis.com/nRHtyn3uE1kyzoYc/ArcGIS/rest/services/service_c1026ff3b55f468d9f2edd834cb807f8/FeatureServer/0/7673/attachments/4937?token=esFGg2N_4QUkCtU1tiMztDW4hm2M0GdusSqnOkviQULZsKWy6cHlYSpBrHqloDkjMDORyL7vHp8tCloK_rT_6I4OA4EY19edP5rFzXcDxs3_bvd6rAbKq0BqhoPk7exiwoF-z98H5LJH5jJbe4dDOjffY9Bj9w3g5kWvPrs5PpMeAdY4Rap08W1RrijQW_Ta"
"Doctors Lake - Center (DTL)","Clay",2023-08-21,"SJRWMD","No","Dominant taxon: Microcystis aeruginosa","Yes","Yes",0.68,"I (I qualifier indicates that the reported value is between the laboratory method detection limit and the laboratory practical quantitation limit.)",,,,,,,,,"Anatoxin-a: not detected; Cylindrospermopsin: not detected; Nodularin-R: not detected; Saxitoxins: not detected","Partly cloudy, windy ",2023-08-21 14:08:00,30.13805556,-81.72722222,0.291,"https://services1.arcgis.com/nRHtyn3uE1kyzoYc/ArcGIS/rest/services/service_c1026ff3b55f468d9f2edd834cb807f8/FeatureServer/0/7677/attachments/4945?token=esFGg2N_4QUkCtU1tiMztDW4hm2M0GdusSqnOkviQULZsKWy6cHlYSpBrHqloDkjMDORyL7vHp8tCloK_rT_6I4OA4EY19edP5rFzXcDxs3_bvd6rAbKq0BqhoPk7exiwoF-z98H5LJH5jJbe4dDOjffY9Bj9w3g5kWvPrs5PpMeAdY4Rap08W1RrijQW_Ta"
"St. Johns River - Mandarin Point (MP72)","Duval",2023-08-21,"SJRWMD","No","mixed algae; no dominant species in sample","No","No",,,,,,,,,,,"Anatoxin-a: not detected; Cylindrospermopsin: not detected; Nodularin-R: not detected; Saxitoxins: not detected"," Cloudy, windy ",2023-08-21 13:39:00,30.15666667,-81.68388889,0.289,"https://services1.arcgis.com/nRHtyn3uE1kyzoYc/ArcGIS/rest/services/service_c1026ff3b55f468d9f2edd834cb807f8/FeatureServer/0/7676/attachments/4944?token=esFGg2N_4QUkCtU1tiMztDW4hm2M0GdusSqnOkviQULZsKWy6cHlYSpBrHqloDkjMDORyL7vHp8tCloK_rT_6I4OA4EY19edP5rFzXcDxs3_bvd6rAbKq0BqhoPk7exiwoF-z98H5LJH5jJbe4dDOjffY9Bj9w3g5kWvPrs5PpMeAdY4Rap08W1RrijQW_Ta"
"Lake Monroe - Center (LMAC)","Volusia",2023-08-17,"SJRWMD","No","mixed algae; no dominant species in sample","No","No",,,,,,,,,,,"Anatoxin-a: not detected; Cylindrospermopsin: not detected; Nodularin-R: not detected; Saxitoxins: not detected",,2023-08-17 15:42:00,28.83496,-81.27091,0.3,
"Lake Jesup - Center (OW-CTR)","Seminole",2023-08-17,"SJRWMD","No","Dominant taxon: Microcystis aeruginosa","Yes","Yes",,,1.1,,,,,,,,"Anatoxin-a: not detected; Cylindrospermopsin: 1.1; Nodularin-R: not detected; Saxitoxins: not detected",,2023-08-17 14:00:00,28.7268,-81.2111,0.3,
"Cedar River - 5561 Hyde Park Cir","Duval",2023-08-17,"NEROC","No","mixed algae; no dominant species in sample","No","No",,,,,,,,,,,"Anatoxin-a: not detected; Cylindrospermopsin: not detected; Nodularin-R: not detected; Saxitoxins: not detected",,2023-08-17 13:45:00,30.2879918777603,-81.7403191937266,0.3,"https://services1.arcgis.com/nRHtyn3uE1kyzoYc/ArcGIS/rest/services/service_c1026ff3b55f468d9f2edd834cb807f8/FeatureServer/0/7669/attachments/4931?token=esFGg2N_4QUkCtU1tiMztDW4hm2M0GdusSqnOkviQULZsKWy6cHlYSpBrHqloDkjMDORyL7vHp8tCloK_rT_6I4OA4EY19edP5rFzXcDxs3_bvd6rAbKq0BqhoPk7exiwoF-z98H5LJH5jJbe4dDOjffY9Bj9w3g5kWvPrs5PpMeAdY4Rap08W1RrijQW_Ta"
"Lake Minnehaha - E Dock","Orange",2023-08-16,"CEROC","No","Dominant taxon: Planktolyngbya limnetica","Yes","Yes",,,0.33,"I (I qualifier indicates that the reported value is between the laboratory method detection limit and the laboratory practical quantitation limit.)",,,,,,,"Anatoxin-a: not detected; Cylindrospermopsin: 0.33 I (I qualifier indicates that the reported value is between the laboratory method detection limit and the laboratory practical quantitation limit.); Nodularin-R: not detected; Saxitoxins: not detected","Sunny, breezy",2023-08-16 17:38:00,28.6321162882821,-81.3517197636425,0.3,"https://services1.arcgis.com/nRHtyn3uE1kyzoYc/ArcGIS/rest/services/service_c1026ff3b55f468d9f2edd834cb807f8/FeatureServer/0/7660/attachments/4915?token=esFGg2N_4QUkCtU1tiMztDW4hm2M0GdusSqnOkviQULZsKWy6cHlYSpBrHqloDkjMDORyL7vHp8tCloK_rT_6I4OA4EY19edP5rFzXcDxs3_bvd6rAbKq0BqhoPk7exiwoF-z98H5LJH5jJbe4dDOjffY9Bj9w3g5kWvPrs5PpMeAdY4Rap08W1RrijQW_Ta"
"Lake Conway – N Lobe near canal","Orange",2023-08-16,"CEROC","Yes","mixed algae; no dominant species in sample","No","No",,,,,,,,,,,"Anatoxin-a: not detected; Cylindrospermopsin: not detected; Nodularin-R: not detected; Saxitoxins: not detected","Sunny",2023-08-16 15:54:00,28.4662542620854,-81.3430062003206,0.3,"https://services1.arcgis.com/nRHtyn3uE1kyzoYc/ArcGIS/rest/services/service_c1026ff3b55f468d9f2edd834cb807f8/FeatureServer/0/7659/attachments/4912?token=esFGg2N_4QUkCtU1tiMztDW4hm2M0GdusSqnOkviQULZsKWy6cHlYSpBrHqloDkjMDORyL7vHp8tCloK_rT_6I4OA4EY19edP5rFzXcDxs3_bvd6rAbKq0BqhoPk7exiwoF-z98H5LJH5jJbe4dDOjffY9Bj9w3g5kWvPrs5PpMeAdY4Rap08W1RrijQW_Ta"
"Lake Washington - Center (LWC)","Brevard",2023-08-15,"SJRWMD","No","mixed algae; no dominant species in sample","No","No",,,,,,,,,,,"Anatoxin-a: not detected; Cylindrospermopsin: not detected; Nodularin-R: not detected; Saxitoxins: not detected","HAB routine sample",2023-08-15 12:09:00,28.142439,-80.746111,0.3,"https://services1.arcgis.com/nRHtyn3uE1kyzoYc/ArcGIS/rest/services/service_c1026ff3b55f468d9f2edd834cb807f8/FeatureServer/0/7651/attachments/4896?token=esFGg2N_4QUkCtU1tiMztDW4hm2M0GdusSqnOkviQULZsKWy6cHlYSpBrHqloDkjMDORyL7vHp8tCloK_rT_6I4OA4EY19edP5rFzXcDxs3_bvd6rAbKq0BqhoPk7exiwoF-z98H5LJH5jJbe4dDOjffY9Bj9w3g5kWvPrs5PpMeAdY4Rap08W1RrijQW_Ta"
"Indian River Lagoon - Canal at Lucia Drive","IndianRiver",2023-08-14,"SEROC","Yes","Dominant taxon: Raphidophyceae","No","No",,,,,,,,,,,"Anatoxin-a: not detected; Cylindrospermopsin: not detected; Nodularin-R: not detected; Saxitoxins: not detected",,2023-08-14 18:00:00,27.737110103648,-80.4224159241771,0.29,"https://services1.arcgis.com/nRHtyn3uE1kyzoYc/ArcGIS/rest/services/service_c1026ff3b55f468d9f2edd834cb807f8/FeatureServer/0/7633/attachments/4854?token=esFGg2N_4QUkCtU1tiMztDW4hm2M0GdusSqnOkviQULZsKWy6cHlYSpBrHqloDkjMDORyL7vHp8tCloK_rT_6I4OA4EY19edP5rFzXcDxs3_bvd6rAbKq0BqhoPk7exiwoF-z98H5LJH5jJbe4dDOjffY9Bj9w3g5kWvPrs5PpMeAdY4Rap08W1RrijQW_Ta"
"Georges Lake - Boat Ramp","Putnam",2023-08-14,"NEROC","Yes","Dominant taxon: Microcystis aeruginosa","Yes","Yes",0.19,"I (I qualifier indicates that the reported value is between the laboratory method detection limit and the laboratory practical quantitation limit.)",,,,,,,,,"Anatoxin-a: not detected; Cylindrospermopsin: not detected; Nodularin-R: not detected; Saxitoxins: not detected",,2023-08-14 15:40:00,29.8022401891484,-81.8455297468473,0.3,"https://services1.arcgis.com/nRHtyn3uE1kyzoYc/ArcGIS/rest/services/service_c1026ff3b55f468d9f2edd834cb807f8/FeatureServer/0/7632/attachments/4851?token=esFGg2N_4QUkCtU1tiMztDW4hm2M0GdusSqnOkviQULZsKWy6cHlYSpBrHqloDkjMDORyL7vHp8tCloK_rT_6I4OA4EY19edP5rFzXcDxs3_bvd6rAbKq0BqhoPk7exiwoF-z98H5LJH5jJbe4dDOjffY9Bj9w3g5kWvPrs5PpMeAdY4Rap08W1RrijQW_Ta"
"Crescent Lake - mouth of Dunns Creek (CRESLM)","Putnam",2023-08-10,"SJRWMD","No","Dominant taxon: Microcystis aeruginosa","Yes","No",,,,,,,,,,,"Anatoxin-a: not detected; Cylindrospermopsin: not detected; Nodularin-R: not detected; Saxitoxins: not detected","
",2023-08-10 13:00:00,29.52955556,-81.55372222,0.3,"https://services1.arcgis.com/nRHtyn3uE1kyzoYc/ArcGIS/rest/services/service_c1026ff3b55f468d9f2edd834cb807f8/FeatureServer/0/7631/attachments/4850?token=esFGg2N_4QUkCtU1tiMztDW4hm2M0GdusSqnOkviQULZsKWy6cHlYSpBrHqloDkjMDORyL7vHp8tCloK_rT_6I4OA4EY19edP5rFzXcDxs3_bvd6rAbKq0BqhoPk7exiwoF-z98H5LJH5jJbe4dDOjffY9Bj9w3g5kWvPrs5PpMeAdY4Rap08W1RrijQW_Ta"
"Stick Marsh - North (STKM)","IndianRiver",2023-08-09,"SJRWMD","No","mixed algae; no dominant species in sample","No","Yes",,,0.23,"I (I qualifier indicates that the reported value is between the laboratory method detection limit and the laboratory practical quantitation limit.)",,,,,,,"Anatoxin-a: not detected; Cylindrospermopsin: 0.23 I (I qualifier indicates that the reported value is between the laboratory method detection limit and the laboratory practical quantitation limit.); Nodularin-R: not detected; Saxitoxins: not detected",,2023-08-09 17:19:00,27.81065,-80.724854,0.3,"https://services1.arcgis.com/nRHtyn3uE1kyzoYc/ArcGIS/rest/services/service_c1026ff3b55f468d9f2edd834cb807f8/FeatureServer/0/7592/attachments/4814?token=esFGg2N_4QUkCtU1tiMztDW4hm2M0GdusSqnOkviQULZsKWy6cHlYSpBrHqloDkjMDORyL7vHp8tCloK_rT_6I4OA4EY19edP5rFzXcDxs3_bvd6rAbKq0BqhoPk7exiwoF-z98H5LJH5jJbe4dDOjffY9Bj9w3g5kWvPrs5PpMeAdY4Rap08W1RrijQW_Ta"
"Lateral m canal - just north of Blue Cypress Lake","IndianRiver",2023-08-09,"SJRWMD","Yes","Dominant taxon: Microcystis aeruginosa","Yes","No",,,,,,,,,,,"Anatoxin-a: not detected; Cylindrospermopsin: not detected; Nodularin-R: not detected; Saxitoxins: not detected",,2023-08-09 15:14:00,27.7572454,-80.74370963,0.3,"https://services1.arcgis.com/nRHtyn3uE1kyzoYc/ArcGIS/rest/services/service_c1026ff3b55f468d9f2edd834cb807f8/FeatureServer/0/7590/attachments/4811?token=esFGg2N_4QUkCtU1tiMztDW4hm2M0GdusSqnOkviQULZsKWy6cHlYSpBrHqloDkjMDORyL7vHp8tCloK_rT_6I4OA4EY19edP5rFzXcDxs3_bvd6rAbKq0BqhoPk7exiwoF-z98H5LJH5jJbe4dDOjffY9Bj9w3g5kWvPrs5PpMeAdY4Rap08W1RrijQW_Ta"
"Blue Cypress Lake - Center (BCL)","IndianRiver",2023-08-09,"SJRWMD","No","mixed algae; no dominant species in sample","No","No",,,,,,,,,,,"Anatoxin-a: not detected; Cylindrospermopsin: not detected; Nodularin-R: not detected; Saxitoxins: not detected",,2023-08-09 14:42:00,27.7266,-80.7536,0.3,"https://services1.arcgis.com/nRHtyn3uE1kyzoYc/ArcGIS/rest/services/service_c1026ff3b55f468d9f2edd834cb807f8/FeatureServer/0/7589/attachments/4809?token=esFGg2N_4QUkCtU1tiMztDW4hm2M0GdusSqnOkviQULZsKWy6cHlYSpBrHqloDkjMDORyL7vHp8tCloK_rT_6I4OA4EY19edP5rFzXcDxs3_bvd6rAbKq0BqhoPk7exiwoF-z98H5LJH5jJbe4dDOjffY9Bj9w3g5kWvPrs5PpMeAdY4Rap08W1RrijQW_Ta"
"Lake George - Center (LEO)","Volusia",2023-08-09,"SJRWMD","No","Dominant taxon: Planktolyngbya limnetica","Yes","No",,,,,,,,,,,"Anatoxin-a: not detected; Cylindrospermopsin: not detected; Nodularin-R: not detected; Saxitoxins: not detected",,2023-08-09 12:29:00,29.30830556,-81.60638889,0.3,"https://services1.arcgis.com/nRHtyn3uE1kyzoYc/ArcGIS/rest/services/service_c1026ff3b55f468d9f2edd834cb807f8/FeatureServer/0/7584/attachments/4797?token=esFGg2N_4QUkCtU1tiMztDW4hm2M0GdusSqnOkviQULZsKWy6cHlYSpBrHqloDkjMDORyL7vHp8tCloK_rT_6I4OA4EY19edP5rFzXcDxs3_bvd6rAbKq0BqhoPk7exiwoF-z98H5LJH5jJbe4dDOjffY9Bj9w3g5kWvPrs5PpMeAdY4Rap08W1RrijQW_Ta"
"St. Johns River - Mandarin Point (MP72)","Duval",2023-08-08,"SJRWMD","No","mixed algae; no dominant species in sample","No","No",,,,,,,,,,,"Anatoxin-a: not detected; Cylindrospermopsin: not detected; Nodularin-R: not detected; Saxitoxins: not detected","Partly cloudy, windy ",2023-08-08 15:48:00,30.15666667,-81.68388889,0.316,"https://services1.arcgis.com/nRHtyn3uE1kyzoYc/ArcGIS/rest/services/service_c1026ff3b55f468d9f2edd834cb807f8/FeatureServer/0/7582/attachments/4793?token=esFGg2N_4QUkCtU1tiMztDW4hm2M0GdusSqnOkviQULZsKWy6cHlYSpBrHqloDkjMDORyL7vHp8tCloK_rT_6I4OA4EY19edP5rFzXcDxs3_bvd6rAbKq0BqhoPk7exiwoF-z98H5LJH5jJbe4dDOjffY9Bj9w3g5kWvPrs5PpMeAdY4Rap08W1RrijQW_Ta"
"Doctors Lake - Center (DTL)","Clay",2023-08-08,"SJRWMD","No","mixed algae; no dominant species in sample","No","No",,,,,,,,,,,"Anatoxin-a: not detected; Cylindrospermopsin: not detected; Nodularin-R: not detected; Saxitoxins: not detected","Partly cloudy, windy ",2023-08-08 15:23:00,30.13805556,-81.72722222,0.318,"https://services1.arcgis.com/nRHtyn3uE1kyzoYc/ArcGIS/rest/services/service_c1026ff3b55f468d9f2edd834cb807f8/FeatureServer/0/7581/attachments/4792?token=esFGg2N_4QUkCtU1tiMztDW4hm2M0GdusSqnOkviQULZsKWy6cHlYSpBrHqloDkjMDORyL7vHp8tCloK_rT_6I4OA4EY19edP5rFzXcDxs3_bvd6rAbKq0BqhoPk7exiwoF-z98H5LJH5jJbe4dDOjffY9Bj9w3g5kWvPrs5PpMeAdY4Rap08W1RrijQW_Ta"
"St. Johns River - Shands Bridge (20030157)","StJohns",2023-08-08,"SJRWMD","No","mixed algae; no dominant species in sample","No","No",,,,,,,,,,,"Anatoxin-a: not detected; Cylindrospermopsin: not detected; Nodularin-R: not detected; Saxitoxins: not detected","Partly cloudy, humid ",2023-08-08 14:10:00,29.98163056,-81.62213889,0.304,"https://services1.arcgis.com/nRHtyn3uE1kyzoYc/ArcGIS/rest/services/service_c1026ff3b55f468d9f2edd834cb807f8/FeatureServer/0/7580/attachments/4791?token=esFGg2N_4QUkCtU1tiMztDW4hm2M0GdusSqnOkviQULZsKWy6cHlYSpBrHqloDkjMDORyL7vHp8tCloK_rT_6I4OA4EY19edP5rFzXcDxs3_bvd6rAbKq0BqhoPk7exiwoF-z98H5LJH5jJbe4dDOjffY9Bj9w3g5kWvPrs5PpMeAdY4Rap08W1RrijQW_Ta"
"Pioneer Lake - N Shore","Volusia",2023-08-07,"CEROC","Yes","Dominant taxon: Microcystis aeruginosa","Yes","Yes",0.4,,,,,,,,,,"Anatoxin-a: not detected; Cylindrospermopsin: not detected; Nodularin-R: not detected; Saxitoxins: not detected","Sunny. Algae specks observed throughout water column ",2023-08-07 15:32:00,28.883952372597,-81.242713145547,0.3,"https://services1.arcgis.com/nRHtyn3uE1kyzoYc/ArcGIS/rest/services/service_c1026ff3b55f468d9f2edd834cb807f8/FeatureServer/0/7565/attachments/4757?token=esFGg2N_4QUkCtU1tiMztDW4hm2M0GdusSqnOkviQULZsKWy6cHlYSpBrHqloDkjMDORyL7vHp8tCloK_rT_6I4OA4EY19edP5rFzXcDxs3_bvd6rAbKq0BqhoPk7exiwoF-z98H5LJH5jJbe4dDOjffY9Bj9w3g5kWvPrs5PpMeAdY4Rap08W1RrijQW_Ta"
"Georges Lake - Boat Ramp","Putnam",2023-08-07,"NEROC","Yes","Dominant taxon: Microcystis aeruginosa","Yes","Yes",0.58,,,,,,,,,,"Anatoxin-a: not detected; Cylindrospermopsin: not detected; Nodularin-R: not detected; Saxitoxins: not detected",,2023-08-07 15:15:00,29.8022158341108,-81.8455217292969,0.3,"https://services1.arcgis.com/nRHtyn3uE1kyzoYc/ArcGIS/rest/services/service_c1026ff3b55f468d9f2edd834cb807f8/FeatureServer/0/7560/attachments/4746?token=esFGg2N_4QUkCtU1tiMztDW4hm2M0GdusSqnOkviQULZsKWy6cHlYSpBrHqloDkjMDORyL7vHp8tCloK_rT_6I4OA4EY19edP5rFzXcDxs3_bvd6rAbKq0BqhoPk7exiwoF-z98H5LJH5jJbe4dDOjffY9Bj9w3g5kWvPrs5PpMeAdY4Rap08W1RrijQW_Ta"
"Caywood Pond - SW Dock","Orange",2023-08-07,"CEROC","Yes","mixed algae; no dominant species in sample","No","Yes",,,0.11,"I (I qualifier indicates that the reported value is between the laboratory method detection limit and the laboratory practical quantitation limit.)",,,,,,,"Anatoxin-a: not detected; Cylindrospermopsin: 0.11 I (I qualifier indicates that the reported value is between the laboratory method detection limit and the laboratory practical quantitation limit.); Nodularin-R: not detected; Saxitoxins: not detected","Algae specks observed throughout water column. Filamentous algal mat along shoreline near dock.",2023-08-07 14:15:00,28.4886106846202,-81.5907322547117,0.3,"https://services1.arcgis.com/nRHtyn3uE1kyzoYc/ArcGIS/rest/services/service_c1026ff3b55f468d9f2edd834cb807f8/FeatureServer/0/7564/attachments/4754?token=esFGg2N_4QUkCtU1tiMztDW4hm2M0GdusSqnOkviQULZsKWy6cHlYSpBrHqloDkjMDORyL7vHp8tCloK_rT_6I4OA4EY19edP5rFzXcDxs3_bvd6rAbKq0BqhoPk7exiwoF-z98H5LJH5jJbe4dDOjffY9Bj9w3g5kWvPrs5PpMeAdY4Rap08W1RrijQW_Ta"
"Park Lake - W Shore","Orange",2023-08-07,"CEROC","Yes","Dominant taxon: Microcystis aeruginosa","Yes","No",,,,,,,,,,,"Anatoxin-a: not detected; Cylindrospermopsin: not detected; Nodularin-R: not detected; Saxitoxins: not detected","Sunny. Algae specks observed in water column",2023-08-07 13:30:00,28.5548809708556,-81.3733840037315,0.2,"https://services1.arcgis.com/nRHtyn3uE1kyzoYc/ArcGIS/rest/services/service_c1026ff3b55f468d9f2edd834cb807f8/FeatureServer/0/7563/attachments/4751?token=esFGg2N_4QUkCtU1tiMztDW4hm2M0GdusSqnOkviQULZsKWy6cHlYSpBrHqloDkjMDORyL7vHp8tCloK_rT_6I4OA4EY19edP5rFzXcDxs3_bvd6rAbKq0BqhoPk7exiwoF-z98H5LJH5jJbe4dDOjffY9Bj9w3g5kWvPrs5PpMeAdY4Rap08W1RrijQW_Ta"
"Doctors Lake - Mill Cove","Clay",2023-08-01,"NEROC","Yes","Dominant taxon: Microcystis aeruginosa","Yes","No",,,,,,,,,,,"Anatoxin-a: not detected; Cylindrospermopsin: not detected; Nodularin-R: not detected; Saxitoxins: not detected",,2023-08-01 15:35:00,30.1250923147393,-81.727492816033,0.3,"https://services1.arcgis.com/nRHtyn3uE1kyzoYc/ArcGIS/rest/services/service_c1026ff3b55f468d9f2edd834cb807f8/FeatureServer/0/7537/attachments/4693?token=esFGg2N_4QUkCtU1tiMztDW4hm2M0GdusSqnOkviQULZsKWy6cHlYSpBrHqloDkjMDORyL7vHp8tCloK_rT_6I4OA4EY19edP5rFzXcDxs3_bvd6rAbKq0BqhoPk7exiwoF-z98H5LJH5jJbe4dDOjffY9Bj9w3g5kWvPrs5PpMeAdY4Rap08W1RrijQW_Ta"
"Swimming Pen Creek - Whiteys Fish Camp","Clay",2023-08-01,"NEROC","Yes","Co-dominant taxa were: Microcystis aeruginosa and Microcystis wesenbergii","Yes","Yes",0.28,"I (I qualifier indicates that the reported value is between the laboratory method detection limit and the laboratory practical quantitation limit.)",,,,,,,,,"Anatoxin-a: not detected; Cylindrospermopsin: not detected; Nodularin-R: not detected; Saxitoxins: not detected",,2023-08-01 15:15:00,30.100959454294,-81.7467159216842,0.31,"https://services1.arcgis.com/nRHtyn3uE1kyzoYc/ArcGIS/rest/services/service_c1026ff3b55f468d9f2edd834cb807f8/FeatureServer/0/7536/attachments/4690?token=esFGg2N_4QUkCtU1tiMztDW4hm2M0GdusSqnOkviQULZsKWy6cHlYSpBrHqloDkjMDORyL7vHp8tCloK_rT_6I4OA4EY19edP5rFzXcDxs3_bvd6rAbKq0BqhoPk7exiwoF-z98H5LJH5jJbe4dDOjffY9Bj9w3g5kWvPrs5PpMeAdY4Rap08W1RrijQW_Ta"
"Doctor’s Lake - Catfish Point","Clay",2023-08-01,"NEROC","Yes","Co-dominant taxa were: Microcystis aeruginosa and Microcystis wesenbergii","Yes","Yes",0.38,"I (I qualifier indicates that the reported value is between the laboratory method detection limit and the laboratory practical quantitation limit.)",,,,,,,,,"Anatoxin-a: not detected; Cylindrospermopsin: not detected; Nodularin-R: not detected; Saxitoxins: not detected","Odor present at sample site location.",2023-08-01 14:50:00,30.1199620521893,-81.7475580175012,0.3,"https://services1.arcgis.com/nRHtyn3uE1kyzoYc/ArcGIS/rest/services/service_c1026ff3b55f468d9f2edd834cb807f8/FeatureServer/0/7535/attachments/4687?token=esFGg2N_4QUkCtU1tiMztDW4hm2M0GdusSqnOkviQULZsKWy6cHlYSpBrHqloDkjMDORyL7vHp8tCloK_rT_6I4OA4EY19edP5rFzXcDxs3_bvd6rAbKq0BqhoPk7exiwoF-z98H5LJH5jJbe4dDOjffY9Bj9w3g5kWvPrs5PpMeAdY4Rap08W1RrijQW_Ta"
"Doctors Lake - 1915 Salt Myrtle Lane","Clay",2023-08-01,"NEROC","Yes","mixed algae; no dominant species in sample","No","No",,,,,,,,,,,"Anatoxin-a: not detected; Cylindrospermopsin: not detected; Nodularin-R: not detected; Saxitoxins: not detected","Odor present at sample site location.",2023-08-01 14:25:00,30.1249727645408,-81.7172556299817,0.3,"https://services1.arcgis.com/nRHtyn3uE1kyzoYc/ArcGIS/rest/services/service_c1026ff3b55f468d9f2edd834cb807f8/FeatureServer/0/7534/attachments/4684?token=esFGg2N_4QUkCtU1tiMztDW4hm2M0GdusSqnOkviQULZsKWy6cHlYSpBrHqloDkjMDORyL7vHp8tCloK_rT_6I4OA4EY19edP5rFzXcDxs3_bvd6rAbKq0BqhoPk7exiwoF-z98H5LJH5jJbe4dDOjffY9Bj9w3g5kWvPrs5PpMeAdY4Rap08W1RrijQW_Ta"
"Lake Rowena - near NE corner","Orange",2023-07-31,"CEROC","Yes","Co-dominant taxa were: Microcystis aeruginosa and Microcystis wesenbergii","Yes","Yes",,,0.3,"I (I qualifier indicates that the reported value is between the laboratory method detection limit and the laboratory practical quantitation limit.)",,,,,,,"Anatoxin-a: not detected; Cylindrospermopsin: 0.30 I (I qualifier indicates that the reported value is between the laboratory method detection limit and the laboratory practical quantitation limit.); Nodularin-R: not detected; Saxitoxins: not detected","85 and cloudy",2023-07-31 15:07:00,28.5726584599013,-81.3583907254869,0.3,"https://services1.arcgis.com/nRHtyn3uE1kyzoYc/ArcGIS/rest/services/service_c1026ff3b55f468d9f2edd834cb807f8/FeatureServer/0/7530/attachments/4675?token=esFGg2N_4QUkCtU1tiMztDW4hm2M0GdusSqnOkviQULZsKWy6cHlYSpBrHqloDkjMDORyL7vHp8tCloK_rT_6I4OA4EY19edP5rFzXcDxs3_bvd6rAbKq0BqhoPk7exiwoF-z98H5LJH5jJbe4dDOjffY9Bj9w3g5kWvPrs5PpMeAdY4Rap08W1RrijQW_Ta"
"Pioneer Lake - N Shore","Volusia",2023-07-31,"CEROC","Yes","Dominant taxon: Microcystis aeruginosa","Yes","Yes",2.1,,,,,,,,,,"Anatoxin-a: not detected; Cylindrospermopsin: not detected; Nodularin-R: not detected; Saxitoxins: not detected","80 and cloudy ",2023-07-31 13:54:00,28.8839501972507,-81.24274950498,0.3,"https://services1.arcgis.com/nRHtyn3uE1kyzoYc/ArcGIS/rest/services/service_c1026ff3b55f468d9f2edd834cb807f8/FeatureServer/0/7529/attachments/4672?token=esFGg2N_4QUkCtU1tiMztDW4hm2M0GdusSqnOkviQULZsKWy6cHlYSpBrHqloDkjMDORyL7vHp8tCloK_rT_6I4OA4EY19edP5rFzXcDxs3_bvd6rAbKq0BqhoPk7exiwoF-z98H5LJH5jJbe4dDOjffY9Bj9w3g5kWvPrs5PpMeAdY4Rap08W1RrijQW_Ta"
"Lake Washington - Center (LWC)","Brevard",2023-07-31,"SJRWMD","No","mixed algae; no dominant species in sample","No","No",,,,,,,,,,,"Anatoxin-a: not detected; Cylindrospermopsin: not detected; Nodularin-R: not detected; Saxitoxins: not detected",,2023-07-31 13:41:00,28.142439,-80.746111,0.299,"https://services1.arcgis.com/nRHtyn3uE1kyzoYc/ArcGIS/rest/services/service_c1026ff3b55f468d9f2edd834cb807f8/FeatureServer/0/7533/attachments/4682?token=esFGg2N_4QUkCtU1tiMztDW4hm2M0GdusSqnOkviQULZsKWy6cHlYSpBrHqloDkjMDORyL7vHp8tCloK_rT_6I4OA4EY19edP5rFzXcDxs3_bvd6rAbKq0BqhoPk7exiwoF-z98H5LJH5jJbe4dDOjffY9Bj9w3g5kWvPrs5PpMeAdY4Rap08W1RrijQW_Ta"
"Bull Creek - near Boat Ramp","Flagler",2023-07-31,"SJRWMD","Yes","Dominant taxon: Microcystis aeruginosa","Yes","No",,,,,,,,,,,"Anatoxin-a: not detected; Cylindrospermopsin: not detected; Nodularin-R: not detected; Saxitoxins: not detected","Cloudy, humid",2023-07-31 13:26:00,29.4235535540947,-81.4359426897397,0.3,"https://services1.arcgis.com/nRHtyn3uE1kyzoYc/ArcGIS/rest/services/service_c1026ff3b55f468d9f2edd834cb807f8/FeatureServer/0/7532/attachments/4681?token=esFGg2N_4QUkCtU1tiMztDW4hm2M0GdusSqnOkviQULZsKWy6cHlYSpBrHqloDkjMDORyL7vHp8tCloK_rT_6I4OA4EY19edP5rFzXcDxs3_bvd6rAbKq0BqhoPk7exiwoF-z98H5LJH5jJbe4dDOjffY9Bj9w3g5kWvPrs5PpMeAdY4Rap08W1RrijQW_Ta"
"Doctors Lake - end of Lawrence Rd","Clay",2023-07-27,"NEROC","Yes","Dominant taxon: Microcystis aeruginosa","Yes","No",0.45,"I (I qualifier indicates that the reported value is between the laboratory method detection limit and the laboratory practical quantitation limit.)",,,,,,,,,"Anatoxin-a: not detected; Cylindrospermopsin: not detected; Nodularin-R: not detected; Saxitoxins: not detected",,2023-07-27 17:45:00,30.12992417267,-81.7520347664125,0.3,"https://services1.arcgis.com/nRHtyn3uE1kyzoYc/ArcGIS/rest/services/service_c1026ff3b55f468d9f2edd834cb807f8/FeatureServer/0/7520/attachments/4657?token=esFGg2N_4QUkCtU1tiMztDW4hm2M0GdusSqnOkviQULZsKWy6cHlYSpBrHqloDkjMDORyL7vHp8tCloK_rT_6I4OA4EY19edP5rFzXcDxs3_bvd6rAbKq0BqhoPk7exiwoF-z98H5LJH5jJbe4dDOjffY9Bj9w3g5kWvPrs5PpMeAdY4Rap08W1RrijQW_Ta"
"Doctors Lake - Lake Shore boat ramp (HAB23PK20)","Clay",2023-07-27,"SJRWMD","Yes","Co-dominant taxa were: Microcystis aeruginosa and Dolichospermum circinale","Yes","Yes",1.9,,,,,,,,,,"Anatoxin-a: not detected; Cylindrospermopsin: not detected; Nodularin-R: not detected; Saxitoxins: not detected","Partly cloudy, no rain. Noticeable smell. ",2023-07-27 16:55:00,30.1230994900404,-81.7273486220406,0.3,"https://services1.arcgis.com/nRHtyn3uE1kyzoYc/ArcGIS/rest/services/service_c1026ff3b55f468d9f2edd834cb807f8/FeatureServer/0/7522/attachments/4662?token=esFGg2N_4QUkCtU1tiMztDW4hm2M0GdusSqnOkviQULZsKWy6cHlYSpBrHqloDkjMDORyL7vHp8tCloK_rT_6I4OA4EY19edP5rFzXcDxs3_bvd6rAbKq0BqhoPk7exiwoF-z98H5LJH5jJbe4dDOjffY9Bj9w3g5kWvPrs5PpMeAdY4Rap08W1RrijQW_Ta"
"Doctors Lake - at Catfish point (HAB23PK19)","Clay",2023-07-27,"SJRWMD","Yes","Dominant taxon: Microcystis aeruginosa","Yes","Yes",1.1,,,,,,,,,,"Anatoxin-a: not detected; Cylindrospermopsin: not detected; Nodularin-R: not detected; Saxitoxins: not detected","Partly cloudy, no rain. Strong smell",2023-07-27 13:40:00,30.1181234512759,-81.749008242117,0.3,"https://services1.arcgis.com/nRHtyn3uE1kyzoYc/ArcGIS/rest/services/service_c1026ff3b55f468d9f2edd834cb807f8/FeatureServer/0/7521/attachments/4660?token=esFGg2N_4QUkCtU1tiMztDW4hm2M0GdusSqnOkviQULZsKWy6cHlYSpBrHqloDkjMDORyL7vHp8tCloK_rT_6I4OA4EY19edP5rFzXcDxs3_bvd6rAbKq0BqhoPk7exiwoF-z98H5LJH5jJbe4dDOjffY9Bj9w3g5kWvPrs5PpMeAdY4Rap08W1RrijQW_Ta"
"Lake Monroe - Center (LMAC)","Volusia",2023-07-27,"SJRWMD","No","mixed algae; no dominant species in sample","No","No",,,,,,,,,,,"Anatoxin-a: not detected; Cylindrospermopsin: not detected; Nodularin-R: not detected; Saxitoxins: not detected","Overcast",2023-07-27 13:40:00,28.83496,-81.27091,0.3,
"Lake Minnehaha - E Dock","Orange",2023-07-26,"CEROC","Yes","Dominant taxon: Microcystis aeruginosa","Yes","Yes",0.31,"I (I qualifier indicates that the reported value is between the laboratory method detection limit and the laboratory practical quantitation limit.)",,,,,,,,,"Anatoxin-a: not detected; Cylindrospermopsin: not detected; Nodularin-R: not detected; Saxitoxins: not detected","85 and cloudy",2023-07-26 14:22:00,28.6320847501568,-81.3517050475983,0.3,"https://services1.arcgis.com/nRHtyn3uE1kyzoYc/ArcGIS/rest/services/service_c1026ff3b55f468d9f2edd834cb807f8/FeatureServer/0/7499/attachments/4638?token=esFGg2N_4QUkCtU1tiMztDW4hm2M0GdusSqnOkviQULZsKWy6cHlYSpBrHqloDkjMDORyL7vHp8tCloK_rT_6I4OA4EY19edP5rFzXcDxs3_bvd6rAbKq0BqhoPk7exiwoF-z98H5LJH5jJbe4dDOjffY9Bj9w3g5kWvPrs5PpMeAdY4Rap08W1RrijQW_Ta"
"Lake Marian - Boat Ramp","Osceola",2023-07-26,"SEROC","No","Dominant taxon: Microcystis aeruginosa","Yes","Yes",2.3,,,,,,,,,,"Anatoxin-a: not detected; Cylindrospermopsin: not detected; Nodularin-R: not detected; Saxitoxins: not detected",,2023-07-26 13:45:00,27.8728368863999,-81.0519900979362,0.3,"https://services1.arcgis.com/nRHtyn3uE1kyzoYc/ArcGIS/rest/services/service_c1026ff3b55f468d9f2edd834cb807f8/FeatureServer/0/7496/attachments/4633?token=esFGg2N_4QUkCtU1tiMztDW4hm2M0GdusSqnOkviQULZsKWy6cHlYSpBrHqloDkjMDORyL7vHp8tCloK_rT_6I4OA4EY19edP5rFzXcDxs3_bvd6rAbKq0BqhoPk7exiwoF-z98H5LJH5jJbe4dDOjffY9Bj9w3g5kWvPrs5PpMeAdY4Rap08W1RrijQW_Ta"
"Cedar River - end of Mardis Pl E","Duval",2023-07-26,"NEROC","Yes","Dominant taxon: Chlamydomonas sp.","No","No",,,,,,,,,,,"Anatoxin-a: not detected; Cylindrospermopsin: not detected; Nodularin-R: not detected; Saxitoxins: not detected","Not very green",2023-07-26 13:40:00,30.2900128865883,-81.7429517081792,0.3,"https://services1.arcgis.com/nRHtyn3uE1kyzoYc/ArcGIS/rest/services/service_c1026ff3b55f468d9f2edd834cb807f8/FeatureServer/0/7495/attachments/4631?token=esFGg2N_4QUkCtU1tiMztDW4hm2M0GdusSqnOkviQULZsKWy6cHlYSpBrHqloDkjMDORyL7vHp8tCloK_rT_6I4OA4EY19edP5rFzXcDxs3_bvd6rAbKq0BqhoPk7exiwoF-z98H5LJH5jJbe4dDOjffY9Bj9w3g5kWvPrs5PpMeAdY4Rap08W1RrijQW_Ta"
"Lake Jesup - Center (OW-CTR)","Seminole",2023-07-26,"SJRWMD","No","Dominant taxon: Microcystis aeruginosa","Yes","Yes",,,0.22,"I (I qualifier indicates that the reported value is between the laboratory method detection limit and the laboratory practical quantitation limit.)",,,,,,,"Anatoxin-a: not detected; Cylindrospermopsin: 0.22 I (I qualifier indicates that the reported value is between the laboratory method detection limit and the laboratory practical quantitation limit.); Nodularin-R: not detected; Saxitoxins: not detected","Sunny-No windE",2023-07-26 13:34:00,28.7268,-81.2111,0.3,
"Crescent Lake - mouth of Dunns Creek (CRESLM)","Putnam",2023-07-25,"SJRWMD","No","Dominant taxon: Microcystis aeruginosa","Yes","No",,,,,,,,,,,"Anatoxin-a: not detected; Cylindrospermopsin: not detected; Nodularin-R: not detected; Saxitoxins: not detected",,2023-07-25 15:40:00,29.52955556,-81.55372222,0.3,"https://services1.arcgis.com/nRHtyn3uE1kyzoYc/ArcGIS/rest/services/service_c1026ff3b55f468d9f2edd834cb807f8/FeatureServer/0/7479/attachments/4616?token=esFGg2N_4QUkCtU1tiMztDW4hm2M0GdusSqnOkviQULZsKWy6cHlYSpBrHqloDkjMDORyL7vHp8tCloK_rT_6I4OA4EY19edP5rFzXcDxs3_bvd6rAbKq0BqhoPk7exiwoF-z98H5LJH5jJbe4dDOjffY9Bj9w3g5kWvPrs5PpMeAdY4Rap08W1RrijQW_Ta"
"St. Johns River - at Turkey Island channel marker 44 (HAB23PK18)","Putnam",2023-07-25,"SJRWMD","Yes","mixed algae; no dominant species in sample","No","No",,,,,,,,,,,"Anatoxin-a: not detected; Cylindrospermopsin: not detected; Nodularin-R: not detected; Saxitoxins: not detected","Partly cloudy, no rain ",2023-07-25 14:35:00,29.4969183897107,-81.6847734990104,0.3,"https://services1.arcgis.com/nRHtyn3uE1kyzoYc/ArcGIS/rest/services/service_c1026ff3b55f468d9f2edd834cb807f8/FeatureServer/0/7478/attachments/4614?token=esFGg2N_4QUkCtU1tiMztDW4hm2M0GdusSqnOkviQULZsKWy6cHlYSpBrHqloDkjMDORyL7vHp8tCloK_rT_6I4OA4EY19edP5rFzXcDxs3_bvd6rAbKq0BqhoPk7exiwoF-z98H5LJH5jJbe4dDOjffY9Bj9w3g5kWvPrs5PpMeAdY4Rap08W1RrijQW_Ta"
"Lake George - Center (LEO)","Volusia",2023-07-25,"SJRWMD","Yes","mixed algae; no dominant species in sample","No","No",,,,,,,,,,,"Anatoxin-a: not detected; Cylindrospermopsin: not detected; Nodularin-R: not detected; Saxitoxins: not detected","Partly cloudy, no rain


",2023-07-25 12:48:00,29.30830556,-81.60638889,0.3,"https://services1.arcgis.com/nRHtyn3uE1kyzoYc/ArcGIS/rest/services/service_c1026ff3b55f468d9f2edd834cb807f8/FeatureServer/0/7477/attachments/4613?token=esFGg2N_4QUkCtU1tiMztDW4hm2M0GdusSqnOkviQULZsKWy6cHlYSpBrHqloDkjMDORyL7vHp8tCloK_rT_6I4OA4EY19edP5rFzXcDxs3_bvd6rAbKq0BqhoPk7exiwoF-z98H5LJH5jJbe4dDOjffY9Bj9w3g5kWvPrs5PpMeAdY4Rap08W1RrijQW_Ta"
"Indian River Lagoon - Scobie Park","Brevard",2023-07-24,"CEROC","Yes","algal mat - Dominant taxon was: Chaetomorpha; water - mixed algae; no dominant species in sample","No","No",,,,,,,,,,,"Anatoxin-a: not detected; Cylindrospermopsin: not detected; Nodularin-R: not detected; Saxitoxins: not detected","Sunny and breezy. Large decaying algal mats along shoreline (red/green/white). Pungent sulfur smell. Deceased horseshoe crabs observed. 3 Stormwater inputs nearby ",2023-07-24 17:25:00,28.6126507828107,-80.8048360268395,0.15,"https://services1.arcgis.com/nRHtyn3uE1kyzoYc/ArcGIS/rest/services/service_c1026ff3b55f468d9f2edd834cb807f8/FeatureServer/0/7471/attachments/4604?token=esFGg2N_4QUkCtU1tiMztDW4hm2M0GdusSqnOkviQULZsKWy6cHlYSpBrHqloDkjMDORyL7vHp8tCloK_rT_6I4OA4EY19edP5rFzXcDxs3_bvd6rAbKq0BqhoPk7exiwoF-z98H5LJH5jJbe4dDOjffY9Bj9w3g5kWvPrs5PpMeAdY4Rap08W1RrijQW_Ta"
"Indian River Lagoon - near Merritt Island Wildlife Refuge","Brevard",2023-07-24,"CEROC","Yes","algal mat - Dominant taxon was: Chaetomorpha; water - mixed algae; no dominant species in sample","No","No",,,,,,,,,,,"Anatoxin-a: not detected; Cylindrospermopsin: not detected; Nodularin-R: not detected; Saxitoxins: not detected","Sunny and breezy. Filamentous benthic algal mats. Decomposing algal mats also along shoreline (white/black/red/green) with pungent sulfur smell. Several deceased horseshoe crabs observed along shoreline. ",2023-07-24 16:21:00,28.6265869290886,-80.7892653060473,0.2,"https://services1.arcgis.com/nRHtyn3uE1kyzoYc/ArcGIS/rest/services/service_c1026ff3b55f468d9f2edd834cb807f8/FeatureServer/0/7469/attachments/4599?token=esFGg2N_4QUkCtU1tiMztDW4hm2M0GdusSqnOkviQULZsKWy6cHlYSpBrHqloDkjMDORyL7vHp8tCloK_rT_6I4OA4EY19edP5rFzXcDxs3_bvd6rAbKq0BqhoPk7exiwoF-z98H5LJH5jJbe4dDOjffY9Bj9w3g5kWvPrs5PpMeAdY4Rap08W1RrijQW_Ta"
"St. Johns River - Shands Bridge (20030157)","StJohns",2023-07-24,"SJRWMD","No","mixed algae; no dominant species in sample","No","No",,,,,,,,,,,"Anatoxin-a: not detected; Cylindrospermopsin: not detected; Nodularin-R: not detected; Saxitoxins: not detected","Partly cloudy, humid, hot",2023-07-24 15:58:00,29.98163056,-81.62213889,0.303,"https://services1.arcgis.com/nRHtyn3uE1kyzoYc/ArcGIS/rest/services/service_c1026ff3b55f468d9f2edd834cb807f8/FeatureServer/0/7465/attachments/4593?token=esFGg2N_4QUkCtU1tiMztDW4hm2M0GdusSqnOkviQULZsKWy6cHlYSpBrHqloDkjMDORyL7vHp8tCloK_rT_6I4OA4EY19edP5rFzXcDxs3_bvd6rAbKq0BqhoPk7exiwoF-z98H5LJH5jJbe4dDOjffY9Bj9w3g5kWvPrs5PpMeAdY4Rap08W1RrijQW_Ta"
"Doctors Lake - 1915 Salt Myrtle Lane","Clay",2023-07-24,"NEROC","Yes","Dominant taxon: Dolichospermum sp.","Yes","Yes",2.2,,,,,,,,,,"Anatoxin-a: not detected; Cylindrospermopsin: not detected; Nodularin-R: not detected; Saxitoxins: not detected","Wind creating natural foam by shoreline. Odor present a sample site location.",2023-07-24 15:55:00,30.1262348089857,-81.7165971572543,0.11,"https://services1.arcgis.com/nRHtyn3uE1kyzoYc/ArcGIS/rest/services/service_c1026ff3b55f468d9f2edd834cb807f8/FeatureServer/0/7461/attachments/4588?token=esFGg2N_4QUkCtU1tiMztDW4hm2M0GdusSqnOkviQULZsKWy6cHlYSpBrHqloDkjMDORyL7vHp8tCloK_rT_6I4OA4EY19edP5rFzXcDxs3_bvd6rAbKq0BqhoPk7exiwoF-z98H5LJH5jJbe4dDOjffY9Bj9w3g5kWvPrs5PpMeAdY4Rap08W1RrijQW_Ta"
"Indian River Lagoon - near Max Brewer Bridge","Brevard",2023-07-24,"CEROC","No","Dominant taxon: Pyrodinium bahamense","No","No",,,,,,,,,,,"Anatoxin-a: not detected; Cylindrospermopsin: not detected; Nodularin-R: not detected; Saxitoxins: not detected","Sunny and breezy. ",2023-07-24 15:27:00,28.619285066757,-80.7967512950007,0.3,"https://services1.arcgis.com/nRHtyn3uE1kyzoYc/ArcGIS/rest/services/service_c1026ff3b55f468d9f2edd834cb807f8/FeatureServer/0/7468/attachments/4596?token=esFGg2N_4QUkCtU1tiMztDW4hm2M0GdusSqnOkviQULZsKWy6cHlYSpBrHqloDkjMDORyL7vHp8tCloK_rT_6I4OA4EY19edP5rFzXcDxs3_bvd6rAbKq0BqhoPk7exiwoF-z98H5LJH5jJbe4dDOjffY9Bj9w3g5kWvPrs5PpMeAdY4Rap08W1RrijQW_Ta"
"Doctors Lake - Pace Island dock","Clay",2023-07-24,"NEROC","Yes","Dominant taxon: Microcystis aeruginosa","Yes","Yes",0.47,"I (I qualifier indicates that the reported value is between the laboratory method detection limit and the laboratory practical quantitation limit.)",,,,,,,,,"Anatoxin-a: not detected; Cylindrospermopsin: not detected; Nodularin-R: not detected; Saxitoxins: not detected",,2023-07-24 15:00:00,30.1357185826063,-81.7195627174913,0.1,"https://services1.arcgis.com/nRHtyn3uE1kyzoYc/ArcGIS/rest/services/service_c1026ff3b55f468d9f2edd834cb807f8/FeatureServer/0/7458/attachments/4584?token=esFGg2N_4QUkCtU1tiMztDW4hm2M0GdusSqnOkviQULZsKWy6cHlYSpBrHqloDkjMDORyL7vHp8tCloK_rT_6I4OA4EY19edP5rFzXcDxs3_bvd6rAbKq0BqhoPk7exiwoF-z98H5LJH5jJbe4dDOjffY9Bj9w3g5kWvPrs5PpMeAdY4Rap08W1RrijQW_Ta"
"Doctors Lake - Center (DTL)","Clay",2023-07-24,"SJRWMD","No","not analyzed",,"Yes",0.73,"I (I qualifier indicates that the reported value is between the laboratory method detection limit and the laboratory practical quantitation limit.)",,,,,,,,,"Anatoxin-a: not detected; Cylindrospermopsin: not detected; Nodularin-R: not detected; Saxitoxins: not detected","Partly cloudy, humid",2023-07-24 14:36:00,30.13805556,-81.72722222,0.309,"https://services1.arcgis.com/nRHtyn3uE1kyzoYc/ArcGIS/rest/services/service_c1026ff3b55f468d9f2edd834cb807f8/FeatureServer/0/7464/attachments/4592?token=esFGg2N_4QUkCtU1tiMztDW4hm2M0GdusSqnOkviQULZsKWy6cHlYSpBrHqloDkjMDORyL7vHp8tCloK_rT_6I4OA4EY19edP5rFzXcDxs3_bvd6rAbKq0BqhoPk7exiwoF-z98H5LJH5jJbe4dDOjffY9Bj9w3g5kWvPrs5PpMeAdY4Rap08W1RrijQW_Ta"
"St. Johns River - Mandarin Point (MP72)","Duval",2023-07-24,"SJRWMD","No","mixed algae; no dominant species in sample","No","No",,,,,,,,,,,"Anatoxin-a: not detected; Cylindrospermopsin: not detected; Nodularin-R: not detected; Saxitoxins: not detected","Partly cloudy, humid",2023-07-24 14:09:00,30.15666667,-81.68388889,0.3,"https://services1.arcgis.com/nRHtyn3uE1kyzoYc/ArcGIS/rest/services/service_c1026ff3b55f468d9f2edd834cb807f8/FeatureServer/0/7463/attachments/4591?token=esFGg2N_4QUkCtU1tiMztDW4hm2M0GdusSqnOkviQULZsKWy6cHlYSpBrHqloDkjMDORyL7vHp8tCloK_rT_6I4OA4EY19edP5rFzXcDxs3_bvd6rAbKq0BqhoPk7exiwoF-z98H5LJH5jJbe4dDOjffY9Bj9w3g5kWvPrs5PpMeAdY4Rap08W1RrijQW_Ta"
"Blue Cypress Lake - Center (BCL)","IndianRiver",2023-07-24,"SJRWMD","No","Dominant taxon: Microcystis aeruginosa","Yes","No",,,,,,,,,,,"Anatoxin-a: not detected; Cylindrospermopsin: not detected; Nodularin-R: not detected; Saxitoxins: not detected",,2023-07-24 14:03:00,27.7266,-80.7536,0.3,"https://services1.arcgis.com/nRHtyn3uE1kyzoYc/ArcGIS/rest/services/service_c1026ff3b55f468d9f2edd834cb807f8/FeatureServer/0/7460/attachments/4587?token=esFGg2N_4QUkCtU1tiMztDW4hm2M0GdusSqnOkviQULZsKWy6cHlYSpBrHqloDkjMDORyL7vHp8tCloK_rT_6I4OA4EY19edP5rFzXcDxs3_bvd6rAbKq0BqhoPk7exiwoF-z98H5LJH5jJbe4dDOjffY9Bj9w3g5kWvPrs5PpMeAdY4Rap08W1RrijQW_Ta"
"Stick Marsh - North (STKM)","IndianRiver",2023-07-24,"SJRWMD","No","Dominant taxon: Microcystis aeruginosa","Yes","Yes",,,0.22,"I (I qualifier indicates that the reported value is between the laboratory method detection limit and the laboratory practical quantitation limit.)",,,,,,,"Anatoxin-a: not detected; Cylindrospermopsin: 0.22 I (I qualifier indicates that the reported value is between the laboratory method detection limit and the laboratory practical quantitation limit.); Nodularin-R: not detected; Saxitoxins: not detected",,2023-07-24 12:56:00,27.81065,-80.724854,0.3,
"Georges Lake - Boat Ramp (HAB23PK16)","Putnam",2023-07-20,"SJRWMD","No","Dominant taxon: Microcystis aeruginosa","Yes","Yes",0.35,"I (I qualifier indicates that the reported value is between the laboratory method detection limit and the laboratory practical quantitation limit.)",,,,,,,,,"Anatoxin-a: not detected; Cylindrospermopsin: not detected; Nodularin-R: not detected; Saxitoxins: not detected","Partly cloudy, hot ",2023-07-20 16:50:00,29.8023393012659,-81.8455401704145,0.3,"https://services1.arcgis.com/nRHtyn3uE1kyzoYc/ArcGIS/rest/services/service_c1026ff3b55f468d9f2edd834cb807f8/FeatureServer/0/7450/attachments/4575?token=esFGg2N_4QUkCtU1tiMztDW4hm2M0GdusSqnOkviQULZsKWy6cHlYSpBrHqloDkjMDORyL7vHp8tCloK_rT_6I4OA4EY19edP5rFzXcDxs3_bvd6rAbKq0BqhoPk7exiwoF-z98H5LJH5jJbe4dDOjffY9Bj9w3g5kWvPrs5PpMeAdY4Rap08W1RrijQW_Ta"
"Caywood Pond - SW Dock","Orange",2023-07-20,"CEROC","Yes","algal mat - Dominant taxon was: Scytonema crispum; water - mixed algae; no dominant species in sample","Yes","Yes",,,0.12,"I (I qualifier indicates that the reported value is between the laboratory method detection limit and the laboratory practical quantitation limit.)",,,,,,,"Anatoxin-a: not detected; Cylindrospermopsin: 0.12 I (I qualifier indicates that the reported value is between the laboratory method detection limit and the laboratory practical quantitation limit.); Nodularin-R: not detected; Saxitoxins: not detected","80s partly cloudy",2023-07-20 15:03:00,28.4886405584464,-81.5908446901129,0.3,"https://services1.arcgis.com/nRHtyn3uE1kyzoYc/ArcGIS/rest/services/service_c1026ff3b55f468d9f2edd834cb807f8/FeatureServer/0/7456/attachments/4579?token=esFGg2N_4QUkCtU1tiMztDW4hm2M0GdusSqnOkviQULZsKWy6cHlYSpBrHqloDkjMDORyL7vHp8tCloK_rT_6I4OA4EY19edP5rFzXcDxs3_bvd6rAbKq0BqhoPk7exiwoF-z98H5LJH5jJbe4dDOjffY9Bj9w3g5kWvPrs5PpMeAdY4Rap08W1RrijQW_Ta"
"St. Johns River - South of Dunn’s Creek Channel Marker 19 (HAB23PK17)","Putnam",2023-07-20,"SJRWMD","Yes","mixed algae; no dominant species in sample","No","No",,,,,,,,,,,"Anatoxin-a: not detected; Cylindrospermopsin: not detected; Nodularin-R: not detected; Saxitoxins: not detected","Sunny, hot, calm ",2023-07-20 14:24:00,29.5976731310524,-81.6476323703714,0.3,"https://services1.arcgis.com/nRHtyn3uE1kyzoYc/ArcGIS/rest/services/service_c1026ff3b55f468d9f2edd834cb807f8/FeatureServer/0/7447/attachments/4566?token=esFGg2N_4QUkCtU1tiMztDW4hm2M0GdusSqnOkviQULZsKWy6cHlYSpBrHqloDkjMDORyL7vHp8tCloK_rT_6I4OA4EY19edP5rFzXcDxs3_bvd6rAbKq0BqhoPk7exiwoF-z98H5LJH5jJbe4dDOjffY9Bj9w3g5kWvPrs5PpMeAdY4Rap08W1RrijQW_Ta"
"St. Johns River - N Little Lake George (Beecher’s Point)","Putnam",2023-07-19,"NEROC","Yes","Dominant taxon: Planktolyngbya limnetica","Yes","No",,,,,,,,,,,"Anatoxin-a: not detected; Cylindrospermopsin: not detected; Nodularin-R: not detected; Saxitoxins: not detected","Algae came in waves, streaky. Microbial biofilm and naturally colored foam came is waves. 1 small dead fish floating along with foam. ",2023-07-19 18:45:00,29.464358232728,-81.6833586421141,0.3,"https://services1.arcgis.com/nRHtyn3uE1kyzoYc/ArcGIS/rest/services/service_c1026ff3b55f468d9f2edd834cb807f8/FeatureServer/0/7438/attachments/4545?token=esFGg2N_4QUkCtU1tiMztDW4hm2M0GdusSqnOkviQULZsKWy6cHlYSpBrHqloDkjMDORyL7vHp8tCloK_rT_6I4OA4EY19edP5rFzXcDxs3_bvd6rAbKq0BqhoPk7exiwoF-z98H5LJH5jJbe4dDOjffY9Bj9w3g5kWvPrs5PpMeAdY4Rap08W1RrijQW_Ta"
"St. Johns River - 5937 W Shores Rd","Clay",2023-07-19,"NEROC","No","mixed algae; no dominant species in sample","No","No",,,,,,,,,,,"Anatoxin-a: not detected; Cylindrospermopsin: not detected; Nodularin-R: not detected; Saxitoxins: not detected",,2023-07-19 15:10:00,30.0865596210539,-81.6897303476463,0.3,"https://services1.arcgis.com/nRHtyn3uE1kyzoYc/ArcGIS/rest/services/service_c1026ff3b55f468d9f2edd834cb807f8/FeatureServer/0/7436/attachments/4539?token=esFGg2N_4QUkCtU1tiMztDW4hm2M0GdusSqnOkviQULZsKWy6cHlYSpBrHqloDkjMDORyL7vHp8tCloK_rT_6I4OA4EY19edP5rFzXcDxs3_bvd6rAbKq0BqhoPk7exiwoF-z98H5LJH5jJbe4dDOjffY9Bj9w3g5kWvPrs5PpMeAdY4Rap08W1RrijQW_Ta"
"Doctors Lake - Pace Island dock","Clay",2023-07-19,"NEROC","Yes","Dominant taxon: Microcystis aeruginosa","Yes","Yes",0.33,"I (I qualifier indicates that the reported value is between the laboratory method detection limit and the laboratory practical quantitation limit.)",,,,,,,,,"Anatoxin-a: not detected; Cylindrospermopsin: not detected; Nodularin-R: not detected; Saxitoxins: not detected",,2023-07-19 14:10:00,30.136379386875,-81.7206213818312,0.3,"https://services1.arcgis.com/nRHtyn3uE1kyzoYc/ArcGIS/rest/services/service_c1026ff3b55f468d9f2edd834cb807f8/FeatureServer/0/7433/attachments/4530?token=esFGg2N_4QUkCtU1tiMztDW4hm2M0GdusSqnOkviQULZsKWy6cHlYSpBrHqloDkjMDORyL7vHp8tCloK_rT_6I4OA4EY19edP5rFzXcDxs3_bvd6rAbKq0BqhoPk7exiwoF-z98H5LJH5jJbe4dDOjffY9Bj9w3g5kWvPrs5PpMeAdY4Rap08W1RrijQW_Ta"
"Lake Rowena - near NE corner","Orange",2023-07-18,"CEROC","Yes","Dominant taxon: Microcystis aeruginosa","Yes","Yes",0.19,"I (I qualifier indicates that the reported value is between the laboratory method detection limit and the laboratory practical quantitation limit.)",0.47,,,,,,,,"Anatoxin-a: not detected; Cylindrospermopsin: 0.47; Nodularin-R: not detected; Saxitoxins: not detected","80 and cloudy ",2023-07-18 17:18:00,28.5726312478422,-81.3584070852086,0.3,"https://services1.arcgis.com/nRHtyn3uE1kyzoYc/ArcGIS/rest/services/service_c1026ff3b55f468d9f2edd834cb807f8/FeatureServer/0/7425/attachments/4512?token=esFGg2N_4QUkCtU1tiMztDW4hm2M0GdusSqnOkviQULZsKWy6cHlYSpBrHqloDkjMDORyL7vHp8tCloK_rT_6I4OA4EY19edP5rFzXcDxs3_bvd6rAbKq0BqhoPk7exiwoF-z98H5LJH5jJbe4dDOjffY9Bj9w3g5kWvPrs5PpMeAdY4Rap08W1RrijQW_Ta"
"Lake Minnehaha - E Dock","Orange",2023-07-18,"CEROC","Yes","Dominant taxon: Microcystis aeruginosa","Yes","Yes",,,0.43,,,,,,,,"Anatoxin-a: not detected; Cylindrospermopsin: 0.43; Nodularin-R: not detected; Saxitoxins: not detected","85 and cloudy ",2023-07-18 16:38:00,28.6320931725111,-81.3516935504434,0.3,"https://services1.arcgis.com/nRHtyn3uE1kyzoYc/ArcGIS/rest/services/service_c1026ff3b55f468d9f2edd834cb807f8/FeatureServer/0/7429/attachments/4521?token=esFGg2N_4QUkCtU1tiMztDW4hm2M0GdusSqnOkviQULZsKWy6cHlYSpBrHqloDkjMDORyL7vHp8tCloK_rT_6I4OA4EY19edP5rFzXcDxs3_bvd6rAbKq0BqhoPk7exiwoF-z98H5LJH5jJbe4dDOjffY9Bj9w3g5kWvPrs5PpMeAdY4Rap08W1RrijQW_Ta"
"Pioneer Lake - N Shore","Volusia",2023-07-18,"CEROC","Yes","Dominant taxon: Microcystis aeruginosa","Yes","Yes",0.72,,,,,,,,,,"Anatoxin-a: not detected; Cylindrospermopsin: not detected; Nodularin-R: not detected; Saxitoxins: not detected","85 and cloudy ",2023-07-18 15:27:00,28.8839493869469,-81.2426967813966,0.3,"https://services1.arcgis.com/nRHtyn3uE1kyzoYc/ArcGIS/rest/services/service_c1026ff3b55f468d9f2edd834cb807f8/FeatureServer/0/7428/attachments/4518?token=esFGg2N_4QUkCtU1tiMztDW4hm2M0GdusSqnOkviQULZsKWy6cHlYSpBrHqloDkjMDORyL7vHp8tCloK_rT_6I4OA4EY19edP5rFzXcDxs3_bvd6rAbKq0BqhoPk7exiwoF-z98H5LJH5jJbe4dDOjffY9Bj9w3g5kWvPrs5PpMeAdY4Rap08W1RrijQW_Ta"
"Louise Lake - NW Lobe","Volusia",2023-07-18,"CEROC","Yes","mixed algae; no dominant species in sample","No","Yes",0.2,"I (I qualifier indicates that the reported value is between the laboratory method detection limit and the laboratory practical quantitation limit.)",,,,,,,,,"Anatoxin-a: not detected; Cylindrospermopsin: not detected; Nodularin-R: not detected; Saxitoxins: not detected","85 and cloudy",2023-07-18 14:55:00,28.892097883328,-81.2025556548159,0.3,"https://services1.arcgis.com/nRHtyn3uE1kyzoYc/ArcGIS/rest/services/service_c1026ff3b55f468d9f2edd834cb807f8/FeatureServer/0/7427/attachments/4515?token=esFGg2N_4QUkCtU1tiMztDW4hm2M0GdusSqnOkviQULZsKWy6cHlYSpBrHqloDkjMDORyL7vHp8tCloK_rT_6I4OA4EY19edP5rFzXcDxs3_bvd6rAbKq0BqhoPk7exiwoF-z98H5LJH5jJbe4dDOjffY9Bj9w3g5kWvPrs5PpMeAdY4Rap08W1RrijQW_Ta"
"Park Lake - W Shore","Orange",2023-07-18,"CEROC","Yes","Dominant taxon: Microcystis aeruginosa","Yes","Yes",0.49,"I (I qualifier indicates that the reported value is between the laboratory method detection limit and the laboratory practical quantitation limit.)",,,,,,,,,"Anatoxin-a: not detected; Cylindrospermopsin: not detected; Nodularin-R: not detected; Saxitoxins: not detected","85 and sunny",2023-07-18 13:38:00,28.5548966311434,-81.3733962094381,0.3,"https://services1.arcgis.com/nRHtyn3uE1kyzoYc/ArcGIS/rest/services/service_c1026ff3b55f468d9f2edd834cb807f8/FeatureServer/0/7424/attachments/4509?token=esFGg2N_4QUkCtU1tiMztDW4hm2M0GdusSqnOkviQULZsKWy6cHlYSpBrHqloDkjMDORyL7vHp8tCloK_rT_6I4OA4EY19edP5rFzXcDxs3_bvd6rAbKq0BqhoPk7exiwoF-z98H5LJH5jJbe4dDOjffY9Bj9w3g5kWvPrs5PpMeAdY4Rap08W1RrijQW_Ta"
"Lake Monroe - Center (LMAC)","Volusia",2023-07-18,"SJRWMD","No","mixed algae; no dominant species in sample","No","No",,,,,,,,,,,"Anatoxin-a: not detected; Cylindrospermopsin: not detected; Nodularin-R: not detected; Saxitoxins: not detected",,2023-07-18 13:28:00,28.83496,-81.27091,0.3,
"Lake Washington - Center (LWC)","Brevard",2023-07-18,"SJRWMD","No","mixed algae; no dominant species in sample","No","No",,,,,,,,,,,"Anatoxin-a: not detected; Cylindrospermopsin: not detected; Nodularin-R: not detected; Saxitoxins: not detected",,2023-07-18 12:49:00,28.142439,-80.746111,0.299,"https://services1.arcgis.com/nRHtyn3uE1kyzoYc/ArcGIS/rest/services/service_c1026ff3b55f468d9f2edd834cb807f8/FeatureServer/0/7423/attachments/4507?token=esFGg2N_4QUkCtU1tiMztDW4hm2M0GdusSqnOkviQULZsKWy6cHlYSpBrHqloDkjMDORyL7vHp8tCloK_rT_6I4OA4EY19edP5rFzXcDxs3_bvd6rAbKq0BqhoPk7exiwoF-z98H5LJH5jJbe4dDOjffY9Bj9w3g5kWvPrs5PpMeAdY4Rap08W1RrijQW_Ta"
"Lake Disston - boat ramp (HAB23PK15)","Flagler",2023-07-17,"SJRWMD","Yes","Dominant taxon: Microcystis wesenbergii","Yes","No",,,,,,,,,,,"Anatoxin-a: not detected; Cylindrospermopsin: not detected; Nodularin-R: not detected; Saxitoxins: not detected","Scattered showers, no rain at time of sampling at",2023-07-17 16:10:00,29.2971782476728,-81.3721080478684,0.3,"https://services1.arcgis.com/nRHtyn3uE1kyzoYc/ArcGIS/rest/services/service_c1026ff3b55f468d9f2edd834cb807f8/FeatureServer/0/7415/attachments/4498?token=esFGg2N_4QUkCtU1tiMztDW4hm2M0GdusSqnOkviQULZsKWy6cHlYSpBrHqloDkjMDORyL7vHp8tCloK_rT_6I4OA4EY19edP5rFzXcDxs3_bvd6rAbKq0BqhoPk7exiwoF-z98H5LJH5jJbe4dDOjffY9Bj9w3g5kWvPrs5PpMeAdY4Rap08W1RrijQW_Ta"
"Lake Weston - Kingswood Manor Park Dock","Orange",2023-07-17,"CEROC","Yes","mixed algae; no dominant species in sample","No","No",,,,,,,,,,,"Anatoxin-a: not detected; Cylindrospermopsin: not detected; Nodularin-R: not detected; Saxitoxins: not detected","80s partly cloudy",2023-07-17 13:56:00,28.616135604796,-81.4069493584454,0.3,"https://services1.arcgis.com/nRHtyn3uE1kyzoYc/ArcGIS/rest/services/service_c1026ff3b55f468d9f2edd834cb807f8/FeatureServer/0/7411/attachments/4488?token=esFGg2N_4QUkCtU1tiMztDW4hm2M0GdusSqnOkviQULZsKWy6cHlYSpBrHqloDkjMDORyL7vHp8tCloK_rT_6I4OA4EY19edP5rFzXcDxs3_bvd6rAbKq0BqhoPk7exiwoF-z98H5LJH5jJbe4dDOjffY9Bj9w3g5kWvPrs5PpMeAdY4Rap08W1RrijQW_Ta"
"Bonita Lake - S Shore","Volusia",2023-07-13,"CEROC","No","mixed algae; no dominant species in sample","No","No",,,,,,,,,,,"Anatoxin-a: not detected; Cylindrospermopsin: not detected; Nodularin-R: not detected; Saxitoxins: not detected","85 and sunny",2023-07-13 14:47:00,28.8835409136367,-81.2943017648918,0.3,"https://services1.arcgis.com/nRHtyn3uE1kyzoYc/ArcGIS/rest/services/service_c1026ff3b55f468d9f2edd834cb807f8/FeatureServer/0/7405/attachments/4477?token=esFGg2N_4QUkCtU1tiMztDW4hm2M0GdusSqnOkviQULZsKWy6cHlYSpBrHqloDkjMDORyL7vHp8tCloK_rT_6I4OA4EY19edP5rFzXcDxs3_bvd6rAbKq0BqhoPk7exiwoF-z98H5LJH5jJbe4dDOjffY9Bj9w3g5kWvPrs5PpMeAdY4Rap08W1RrijQW_Ta"
"Lake Eaton - Ocala Conservation Center Dock","Marion",2023-07-13,"NEROC","Yes","Co-dominant taxa were: Microcystis aeruginosa and Microcystis wesenbergii","Yes","No",,,,,,,,,,,"Anatoxin-a: not detected; Cylindrospermopsin: not detected; Nodularin-R: not detected; Saxitoxins: not detected",,2023-07-13 14:30:00,29.2624934119043,-81.8676309454046,0.3,"https://services1.arcgis.com/nRHtyn3uE1kyzoYc/ArcGIS/rest/services/service_c1026ff3b55f468d9f2edd834cb807f8/FeatureServer/0/7408/attachments/4480?token=esFGg2N_4QUkCtU1tiMztDW4hm2M0GdusSqnOkviQULZsKWy6cHlYSpBrHqloDkjMDORyL7vHp8tCloK_rT_6I4OA4EY19edP5rFzXcDxs3_bvd6rAbKq0BqhoPk7exiwoF-z98H5LJH5jJbe4dDOjffY9Bj9w3g5kWvPrs5PpMeAdY4Rap08W1RrijQW_Ta"
"Lake Jesup - Center (OW-CTR)","Seminole",2023-07-13,"SJRWMD","Yes","Dominant taxon: Microcystis aeruginosa","Yes","No",,,,,,,,,,,"Anatoxin-a: not detected; Cylindrospermopsin: not detected; Nodularin-R: not detected; Saxitoxins: not detected","Sunny with no wind",2023-07-13 14:22:00,28.7268,-81.2111,0.314,
"Pioneer Lake - NE Shore","Volusia",2023-07-13,"CEROC","Yes","Dominant taxon: Microcystis aeruginosa","Yes","Yes",0.66,,,,,,,,,,"Anatoxin-a: not detected; Cylindrospermopsin: not detected; Nodularin-R: not detected; Saxitoxins: not detected","85 and sunny",2023-07-13 14:17:00,28.8838187501944,-81.2420511445247,0.3,"https://services1.arcgis.com/nRHtyn3uE1kyzoYc/ArcGIS/rest/services/service_c1026ff3b55f468d9f2edd834cb807f8/FeatureServer/0/7404/attachments/4476?token=esFGg2N_4QUkCtU1tiMztDW4hm2M0GdusSqnOkviQULZsKWy6cHlYSpBrHqloDkjMDORyL7vHp8tCloK_rT_6I4OA4EY19edP5rFzXcDxs3_bvd6rAbKq0BqhoPk7exiwoF-z98H5LJH5jJbe4dDOjffY9Bj9w3g5kWvPrs5PpMeAdY4Rap08W1RrijQW_Ta"
"Stick Marsh - North (STKM)","IndianRiver",2023-07-12,"SJRWMD","No","mixed algae; no dominant species in sample","No","Yes",,,0.12,"I (I qualifier indicates that the reported value is between the laboratory method detection limit and the laboratory practical quantitation limit.)",,,,,,,"Anatoxin-a: not detected; Cylindrospermopsin: 0.12 I (I qualifier indicates that the reported value is between the laboratory method detection limit and the laboratory practical quantitation limit.); Nodularin-R: not detected; Saxitoxins: not detected",,2023-07-12 18:45:00,27.81065,-80.724854,0.3,"https://services1.arcgis.com/nRHtyn3uE1kyzoYc/ArcGIS/rest/services/service_c1026ff3b55f468d9f2edd834cb807f8/FeatureServer/0/7373/attachments/4437?token=esFGg2N_4QUkCtU1tiMztDW4hm2M0GdusSqnOkviQULZsKWy6cHlYSpBrHqloDkjMDORyL7vHp8tCloK_rT_6I4OA4EY19edP5rFzXcDxs3_bvd6rAbKq0BqhoPk7exiwoF-z98H5LJH5jJbe4dDOjffY9Bj9w3g5kWvPrs5PpMeAdY4Rap08W1RrijQW_Ta"
"Lake McCoy - North Lobe","Orange",2023-07-12,"CEROC","Yes","Co-dominant taxa were: Microcystis aeruginosa and Dolichospermum planctonicum","Yes","No",,,,,,,,,,,"Anatoxin-a: not detected; Cylindrospermopsin: not detected; Nodularin-R: not detected; Saxitoxins: not detected",,2023-07-12 17:00:00,28.6915813590683,-81.4978841923023,0.3,"https://services1.arcgis.com/nRHtyn3uE1kyzoYc/ArcGIS/rest/services/service_c1026ff3b55f468d9f2edd834cb807f8/FeatureServer/0/7368/attachments/4430?token=esFGg2N_4QUkCtU1tiMztDW4hm2M0GdusSqnOkviQULZsKWy6cHlYSpBrHqloDkjMDORyL7vHp8tCloK_rT_6I4OA4EY19edP5rFzXcDxs3_bvd6rAbKq0BqhoPk7exiwoF-z98H5LJH5jJbe4dDOjffY9Bj9w3g5kWvPrs5PpMeAdY4Rap08W1RrijQW_Ta"
"Lake George - Center (LEO)","Volusia",2023-07-12,"SJRWMD","Yes","Dominant taxon: Microcystis aeruginosa","Yes","No",,,,,,,,,,,"Anatoxin-a: not detected; Cylindrospermopsin: not detected; Nodularin-R: not detected; Saxitoxins: not detected","Sunny, cloudy",2023-07-12 16:32:00,29.30830556,-81.60638889,0.3,"https://services1.arcgis.com/nRHtyn3uE1kyzoYc/ArcGIS/rest/services/service_c1026ff3b55f468d9f2edd834cb807f8/FeatureServer/0/7370/attachments/4433?token=esFGg2N_4QUkCtU1tiMztDW4hm2M0GdusSqnOkviQULZsKWy6cHlYSpBrHqloDkjMDORyL7vHp8tCloK_rT_6I4OA4EY19edP5rFzXcDxs3_bvd6rAbKq0BqhoPk7exiwoF-z98H5LJH5jJbe4dDOjffY9Bj9w3g5kWvPrs5PpMeAdY4Rap08W1RrijQW_Ta"
"M Canal","IndianRiver",2023-07-12,"SJRWMD","Yes","Dominant taxon: Microcystis aeruginosa","Yes","No",,,,,,,,,,,"Anatoxin-a: not detected; Cylindrospermopsin: not detected; Nodularin-R: not detected; Saxitoxins: not detected",,2023-07-12 15:29:00,27.75710619,-80.74371695,0.3,"https://services1.arcgis.com/nRHtyn3uE1kyzoYc/ArcGIS/rest/services/service_c1026ff3b55f468d9f2edd834cb807f8/FeatureServer/0/7372/attachments/4436?token=esFGg2N_4QUkCtU1tiMztDW4hm2M0GdusSqnOkviQULZsKWy6cHlYSpBrHqloDkjMDORyL7vHp8tCloK_rT_6I4OA4EY19edP5rFzXcDxs3_bvd6rAbKq0BqhoPk7exiwoF-z98H5LJH5jJbe4dDOjffY9Bj9w3g5kWvPrs5PpMeAdY4Rap08W1RrijQW_Ta"
"Blue Cypress Lake - Center (BCL)","IndianRiver",2023-07-12,"SJRWMD","Yes","mixed algae; no dominant species in sample","No","No",,,,,,,,,,,"Anatoxin-a: not detected; Cylindrospermopsin: not detected; Nodularin-R: not detected; Saxitoxins: not detected",,2023-07-12 14:54:00,27.7266,-80.7536,0.3,"https://services1.arcgis.com/nRHtyn3uE1kyzoYc/ArcGIS/rest/services/service_c1026ff3b55f468d9f2edd834cb807f8/FeatureServer/0/7371/attachments/4434?token=esFGg2N_4QUkCtU1tiMztDW4hm2M0GdusSqnOkviQULZsKWy6cHlYSpBrHqloDkjMDORyL7vHp8tCloK_rT_6I4OA4EY19edP5rFzXcDxs3_bvd6rAbKq0BqhoPk7exiwoF-z98H5LJH5jJbe4dDOjffY9Bj9w3g5kWvPrs5PpMeAdY4Rap08W1RrijQW_Ta"
"Ortega River - Imperial Cove Rd","Duval",2023-07-12,"NEROC","Yes","Dominant taxon: Euglenophyceae","No","No",,,,,,,,,,,"Anatoxin-a: not detected; Cylindrospermopsin: not detected; Nodularin-R: not detected; Saxitoxins: not detected","Slight streaking not green ",2023-07-12 13:40:00,30.2510011362226,-81.7019926932535,0.3,"https://services1.arcgis.com/nRHtyn3uE1kyzoYc/ArcGIS/rest/services/service_c1026ff3b55f468d9f2edd834cb807f8/FeatureServer/0/7366/attachments/4428?token=esFGg2N_4QUkCtU1tiMztDW4hm2M0GdusSqnOkviQULZsKWy6cHlYSpBrHqloDkjMDORyL7vHp8tCloK_rT_6I4OA4EY19edP5rFzXcDxs3_bvd6rAbKq0BqhoPk7exiwoF-z98H5LJH5jJbe4dDOjffY9Bj9w3g5kWvPrs5PpMeAdY4Rap08W1RrijQW_Ta"
"Crescent Lake - mouth of Dunns Creek (CRESLM)","Putnam",2023-07-12,"SJRWMD","Yes","Dominant taxon: Microcystis aeruginosa","Yes","No",,,,,,,,,,,"Anatoxin-a: not detected; Cylindrospermopsin: not detected; Nodularin-R: not detected; Saxitoxins: not detected","Sunny",2023-07-12 12:13:00,29.52955556,-81.55372222,0.3,"https://services1.arcgis.com/nRHtyn3uE1kyzoYc/ArcGIS/rest/services/service_c1026ff3b55f468d9f2edd834cb807f8/FeatureServer/0/7369/attachments/4432?token=esFGg2N_4QUkCtU1tiMztDW4hm2M0GdusSqnOkviQULZsKWy6cHlYSpBrHqloDkjMDORyL7vHp8tCloK_rT_6I4OA4EY19edP5rFzXcDxs3_bvd6rAbKq0BqhoPk7exiwoF-z98H5LJH5jJbe4dDOjffY9Bj9w3g5kWvPrs5PpMeAdY4Rap08W1RrijQW_Ta"
"St. Johns River - Shands Bridge (20030157)","StJohns",2023-07-10,"SJRWMD","No","mixed algae; no dominant species in sample","No","Yes",0.31,"I (I qualifier indicates that the reported value is between the laboratory method detection limit and the laboratory practical quantitation limit.)",,,,,,,,,"Anatoxin-a: not detected; Cylindrospermopsin: not detected; Nodularin-R: not detected; Saxitoxins: not detected",,2023-07-10 14:38:00,29.98163056,-81.62213889,0.3,"https://services1.arcgis.com/nRHtyn3uE1kyzoYc/ArcGIS/rest/services/service_c1026ff3b55f468d9f2edd834cb807f8/FeatureServer/0/7345/attachments/4408?token=esFGg2N_4QUkCtU1tiMztDW4hm2M0GdusSqnOkviQULZsKWy6cHlYSpBrHqloDkjMDORyL7vHp8tCloK_rT_6I4OA4EY19edP5rFzXcDxs3_bvd6rAbKq0BqhoPk7exiwoF-z98H5LJH5jJbe4dDOjffY9Bj9w3g5kWvPrs5PpMeAdY4Rap08W1RrijQW_Ta"
"Doctors Lake - Center (DTL)","Clay",2023-07-10,"SJRWMD","No","mixed algae; no dominant species in sample","No","Yes",0.42,"I (I qualifier indicates that the reported value is between the laboratory method detection limit and the laboratory practical quantitation limit.)",,,,,,,,,"Anatoxin-a: not detected; Cylindrospermopsin: not detected; Nodularin-R: not detected; Saxitoxins: not detected",,2023-07-10 13:32:00,30.13805556,-81.72722222,0.3,"https://services1.arcgis.com/nRHtyn3uE1kyzoYc/ArcGIS/rest/services/service_c1026ff3b55f468d9f2edd834cb807f8/FeatureServer/0/7344/attachments/4407?token=esFGg2N_4QUkCtU1tiMztDW4hm2M0GdusSqnOkviQULZsKWy6cHlYSpBrHqloDkjMDORyL7vHp8tCloK_rT_6I4OA4EY19edP5rFzXcDxs3_bvd6rAbKq0BqhoPk7exiwoF-z98H5LJH5jJbe4dDOjffY9Bj9w3g5kWvPrs5PpMeAdY4Rap08W1RrijQW_Ta"
"St. Johns River - Mandarin Point (MP72)","Duval",2023-07-10,"SJRWMD","No","mixed algae; no dominant species in sample","No","No",,,,,,,,,,,"Anatoxin-a: not detected; Cylindrospermopsin: not detected; Nodularin-R: not detected; Saxitoxins: not detected",,2023-07-10 13:08:00,30.15666667,-81.68388889,0.3,"https://services1.arcgis.com/nRHtyn3uE1kyzoYc/ArcGIS/rest/services/service_c1026ff3b55f468d9f2edd834cb807f8/FeatureServer/0/7343/attachments/4406?token=esFGg2N_4QUkCtU1tiMztDW4hm2M0GdusSqnOkviQULZsKWy6cHlYSpBrHqloDkjMDORyL7vHp8tCloK_rT_6I4OA4EY19edP5rFzXcDxs3_bvd6rAbKq0BqhoPk7exiwoF-z98H5LJH5jJbe4dDOjffY9Bj9w3g5kWvPrs5PpMeAdY4Rap08W1RrijQW_Ta"
"Lake Weir - Eatons Beach","Marion",2023-07-06,"CEROC","Yes","Co-dominant taxa were: Microcystis aeruginosa and Planktolyngbya limnetica","Yes","No",,,,,,,,,,,"Anatoxin-a: not detected; Cylindrospermopsin: not detected; Nodularin-R: not detected; Saxitoxins: not detected","85 and sunny",2023-07-06 15:58:00,28.9936760533872,-81.9310548809189,0.3,"https://services1.arcgis.com/nRHtyn3uE1kyzoYc/ArcGIS/rest/services/service_c1026ff3b55f468d9f2edd834cb807f8/FeatureServer/0/7329/attachments/4390?token=esFGg2N_4QUkCtU1tiMztDW4hm2M0GdusSqnOkviQULZsKWy6cHlYSpBrHqloDkjMDORyL7vHp8tCloK_rT_6I4OA4EY19edP5rFzXcDxs3_bvd6rAbKq0BqhoPk7exiwoF-z98H5LJH5jJbe4dDOjffY9Bj9w3g5kWvPrs5PpMeAdY4Rap08W1RrijQW_Ta"
"Lake Rowena - near NE corner","Orange",2023-07-06,"CEROC","Yes","Dominant taxon: Microcystis aeruginosa","Yes","Yes",0.23,"I (I qualifier indicates that the reported value is between the laboratory method detection limit and the laboratory practical quantitation limit.)",0.47,,,,,,,,"Anatoxin-a: not detected; Cylindrospermopsin: 0.47; Nodularin-R: not detected; Saxitoxins: not detected","Sunny. Algae specks observed in water column ",2023-07-06 13:34:00,28.5726086460517,-81.3584170535164,0.25,"https://services1.arcgis.com/nRHtyn3uE1kyzoYc/ArcGIS/rest/services/service_c1026ff3b55f468d9f2edd834cb807f8/FeatureServer/0/7320/attachments/4367?token=esFGg2N_4QUkCtU1tiMztDW4hm2M0GdusSqnOkviQULZsKWy6cHlYSpBrHqloDkjMDORyL7vHp8tCloK_rT_6I4OA4EY19edP5rFzXcDxs3_bvd6rAbKq0BqhoPk7exiwoF-z98H5LJH5jJbe4dDOjffY9Bj9w3g5kWvPrs5PpMeAdY4Rap08W1RrijQW_Ta"
"Bonita Lake - S Shore","Volusia",2023-07-05,"CEROC","No","Dominant taxon: Oedogonium sp.","No","Yes",,,,,0.26,"I (I qualifier indicates that the reported value is between the laboratory method detection limit and the laboratory practical quantitation limit.)",,,,,"Anatoxin-a: 0.26 I (I qualifier indicates that the reported value is between the laboratory method detection limit and the laboratory practical quantitation limit.); Cylindrospermopsin: not detected; Nodularin-R: not detected; Saxitoxins: not detected",,2023-07-05 16:15:00,28.8835349119324,-81.2942339914093,0.3,"https://services1.arcgis.com/nRHtyn3uE1kyzoYc/ArcGIS/rest/services/service_c1026ff3b55f468d9f2edd834cb807f8/FeatureServer/0/7306/attachments/4349?token=esFGg2N_4QUkCtU1tiMztDW4hm2M0GdusSqnOkviQULZsKWy6cHlYSpBrHqloDkjMDORyL7vHp8tCloK_rT_6I4OA4EY19edP5rFzXcDxs3_bvd6rAbKq0BqhoPk7exiwoF-z98H5LJH5jJbe4dDOjffY9Bj9w3g5kWvPrs5PpMeAdY4Rap08W1RrijQW_Ta"
"Pioneer Lake - NE Shore","Volusia",2023-07-05,"CEROC","Yes","Dominant taxon: Microcystis aeruginosa","Yes","Yes",0.45,,,,,,,,,,"Anatoxin-a: not detected; Cylindrospermopsin: not detected; Nodularin-R: not detected; Saxitoxins: not detected",,2023-07-05 15:40:00,28.8838915720664,-81.2420649619423,0.3,"https://services1.arcgis.com/nRHtyn3uE1kyzoYc/ArcGIS/rest/services/service_c1026ff3b55f468d9f2edd834cb807f8/FeatureServer/0/7307/attachments/4350?token=esFGg2N_4QUkCtU1tiMztDW4hm2M0GdusSqnOkviQULZsKWy6cHlYSpBrHqloDkjMDORyL7vHp8tCloK_rT_6I4OA4EY19edP5rFzXcDxs3_bvd6rAbKq0BqhoPk7exiwoF-z98H5LJH5jJbe4dDOjffY9Bj9w3g5kWvPrs5PpMeAdY4Rap08W1RrijQW_Ta"
"Louise Lake - NW Lobe","Volusia",2023-07-05,"CEROC","No","Dominant taxon: Planktolyngbya limnetica","Yes","Yes",0.13,"I (I qualifier indicates that the reported value is between the laboratory method detection limit and the laboratory practical quantitation limit.)",,,,,,,,,"Anatoxin-a: not detected; Cylindrospermopsin: not detected; Nodularin-R: not detected; Saxitoxins: not detected",,2023-07-05 15:21:00,28.8921099689834,-81.2025406761719,0.3,"https://services1.arcgis.com/nRHtyn3uE1kyzoYc/ArcGIS/rest/services/service_c1026ff3b55f468d9f2edd834cb807f8/FeatureServer/0/7308/attachments/4352?token=esFGg2N_4QUkCtU1tiMztDW4hm2M0GdusSqnOkviQULZsKWy6cHlYSpBrHqloDkjMDORyL7vHp8tCloK_rT_6I4OA4EY19edP5rFzXcDxs3_bvd6rAbKq0BqhoPk7exiwoF-z98H5LJH5jJbe4dDOjffY9Bj9w3g5kWvPrs5PpMeAdY4Rap08W1RrijQW_Ta"
"Georges Lake - Boat Ramp","Putnam",2023-06-29,"NEROC","Yes","Co-dominant taxa were: Microcystis aeruginosa and Microcystis wesenbergii","Yes","Yes",1.1,"I (I qualifier indicates that the reported value is between the laboratory method detection limit and the laboratory practical quantitation limit.)",,,,,,,,,"Anatoxin-a: not detected; Cylindrospermopsin: not detected; Nodularin-R: not detected; Saxitoxins: not detected",,2023-06-29 14:50:00,29.8023711650329,-81.8457347281337,0.3,"https://services1.arcgis.com/nRHtyn3uE1kyzoYc/ArcGIS/rest/services/service_c1026ff3b55f468d9f2edd834cb807f8/FeatureServer/0/7290/attachments/4316?token=esFGg2N_4QUkCtU1tiMztDW4hm2M0GdusSqnOkviQULZsKWy6cHlYSpBrHqloDkjMDORyL7vHp8tCloK_rT_6I4OA4EY19edP5rFzXcDxs3_bvd6rAbKq0BqhoPk7exiwoF-z98H5LJH5jJbe4dDOjffY9Bj9w3g5kWvPrs5PpMeAdY4Rap08W1RrijQW_Ta"
"Bull Creek - (HAB23PK14)","Flagler",2023-06-29,"SJRWMD","Yes","Dominant taxon: Microcystis aeruginosa","Yes","No",,,,,,,,,,,"Anatoxin-a: not detected; Cylindrospermopsin: not detected; Nodularin-R: not detected; Saxitoxins: not detected","Sunny",2023-06-29 13:21:00,29.4233176238462,-81.4359156172094,0.3,"https://services1.arcgis.com/nRHtyn3uE1kyzoYc/ArcGIS/rest/services/service_c1026ff3b55f468d9f2edd834cb807f8/FeatureServer/0/7292/attachments/4322?token=esFGg2N_4QUkCtU1tiMztDW4hm2M0GdusSqnOkviQULZsKWy6cHlYSpBrHqloDkjMDORyL7vHp8tCloK_rT_6I4OA4EY19edP5rFzXcDxs3_bvd6rAbKq0BqhoPk7exiwoF-z98H5LJH5jJbe4dDOjffY9Bj9w3g5kWvPrs5PpMeAdY4Rap08W1RrijQW_Ta"
"Lake Washington - Center (LWC)","Brevard",2023-06-29,"SJRWMD","Yes","Dominant taxon: Dolichospermum circinale","Yes","No",,,,,,,,,,,"Anatoxin-a: not detected; Cylindrospermopsin: not detected; Nodularin-R: not detected; Saxitoxins: not detected",,2023-06-29 13:02:00,28.142439,-80.746111,0.3,"https://services1.arcgis.com/nRHtyn3uE1kyzoYc/ArcGIS/rest/services/service_c1026ff3b55f468d9f2edd834cb807f8/FeatureServer/0/7293/attachments/4323?token=esFGg2N_4QUkCtU1tiMztDW4hm2M0GdusSqnOkviQULZsKWy6cHlYSpBrHqloDkjMDORyL7vHp8tCloK_rT_6I4OA4EY19edP5rFzXcDxs3_bvd6rAbKq0BqhoPk7exiwoF-z98H5LJH5jJbe4dDOjffY9Bj9w3g5kWvPrs5PpMeAdY4Rap08W1RrijQW_Ta"
"St. Johns River - at Buzzard Island (HAB23PK13)","Putnam",2023-06-28,"SJRWMD","No","Dominant taxon: Microcystis aeruginosa","Yes","No",,,,,,,,,,,"Anatoxin-a: not detected; Cylindrospermopsin: not detected; Nodularin-R: not detected; Saxitoxins: not detected","Partly cloudy, no rain",2023-06-28 15:41:00,29.6037732927686,-81.5993952307824,0.3,"https://services1.arcgis.com/nRHtyn3uE1kyzoYc/ArcGIS/rest/services/service_c1026ff3b55f468d9f2edd834cb807f8/FeatureServer/0/7280/attachments/4303?token=esFGg2N_4QUkCtU1tiMztDW4hm2M0GdusSqnOkviQULZsKWy6cHlYSpBrHqloDkjMDORyL7vHp8tCloK_rT_6I4OA4EY19edP5rFzXcDxs3_bvd6rAbKq0BqhoPk7exiwoF-z98H5LJH5jJbe4dDOjffY9Bj9w3g5kWvPrs5PpMeAdY4Rap08W1RrijQW_Ta"
"Caywood Pond - SW Dock","Orange",2023-06-28,"CEROC","No","mixed algae; no dominant species in sample","No","No",,,,,,,,,,,"Anatoxin-a: not detected; Cylindrospermopsin: not detected; Nodularin-R: not detected; Saxitoxins: not detected","Overcast",2023-06-28 15:25:00,28.4886405529269,-81.5907466790142,0.3,"https://services1.arcgis.com/nRHtyn3uE1kyzoYc/ArcGIS/rest/services/service_c1026ff3b55f468d9f2edd834cb807f8/FeatureServer/0/7287/attachments/4312?token=esFGg2N_4QUkCtU1tiMztDW4hm2M0GdusSqnOkviQULZsKWy6cHlYSpBrHqloDkjMDORyL7vHp8tCloK_rT_6I4OA4EY19edP5rFzXcDxs3_bvd6rAbKq0BqhoPk7exiwoF-z98H5LJH5jJbe4dDOjffY9Bj9w3g5kWvPrs5PpMeAdY4Rap08W1RrijQW_Ta"
"Crescent Lake - mouth of Dunns Creek (CRESLM)","Putnam",2023-06-28,"SJRWMD","No","Dominant taxon: Microcystis aeruginosa","Yes","No",,,,,,,,,,,"Anatoxin-a: not detected; Cylindrospermopsin: not detected; Nodularin-R: not detected; Saxitoxins: not detected","Partly cloudy, no rain",2023-06-28 15:11:00,29.52955556,-81.55372222,0.3,"https://services1.arcgis.com/nRHtyn3uE1kyzoYc/ArcGIS/rest/services/service_c1026ff3b55f468d9f2edd834cb807f8/FeatureServer/0/7279/attachments/4302?token=esFGg2N_4QUkCtU1tiMztDW4hm2M0GdusSqnOkviQULZsKWy6cHlYSpBrHqloDkjMDORyL7vHp8tCloK_rT_6I4OA4EY19edP5rFzXcDxs3_bvd6rAbKq0BqhoPk7exiwoF-z98H5LJH5jJbe4dDOjffY9Bj9w3g5kWvPrs5PpMeAdY4Rap08W1RrijQW_Ta"
"Lake Jesup - Center (OW-CTR)","Seminole",2023-06-28,"SJRWMD","No","mixed algae; no dominant species in sample","No","No",,,,,,,,,,,"Anatoxin-a: not detected; Cylindrospermopsin: not detected; Nodularin-R: not detected; Saxitoxins: not detected",,2023-06-28 14:39:00,28.7268,-81.2111,0.3,
"Blue Cypress Lake - Center (BCL)","IndianRiver",2023-06-28,"SJRWMD","No","Dominant taxon: Microcystis aeruginosa","Yes","No",,,,,,,,,,,"Anatoxin-a: not detected; Cylindrospermopsin: not detected; Nodularin-R: not detected; Saxitoxins: not detected",,2023-06-28 14:07:00,27.7266,-80.7536,0.3,"https://services1.arcgis.com/nRHtyn3uE1kyzoYc/ArcGIS/rest/services/service_c1026ff3b55f468d9f2edd834cb807f8/FeatureServer/0/7285/attachments/4309?token=esFGg2N_4QUkCtU1tiMztDW4hm2M0GdusSqnOkviQULZsKWy6cHlYSpBrHqloDkjMDORyL7vHp8tCloK_rT_6I4OA4EY19edP5rFzXcDxs3_bvd6rAbKq0BqhoPk7exiwoF-z98H5LJH5jJbe4dDOjffY9Bj9w3g5kWvPrs5PpMeAdY4Rap08W1RrijQW_Ta"
"Lake Monroe - Center (LMAC)","Volusia",2023-06-28,"SJRWMD","No","mixed algae; no dominant species in sample","No","No",,,,,,,,,,,"Anatoxin-a: not detected; Cylindrospermopsin: not detected; Nodularin-R: not detected; Saxitoxins: not detected",,2023-06-28 13:18:00,28.83496,-81.27091,0.3,
"Georgetown canal - at Driftwood Ln (HAB23PK12)","Putnam",2023-06-28,"SJRWMD","Yes","Dominant taxon: Microcystis aeruginosa","Yes","No",,,,,,,,,,,"Anatoxin-a: not detected; Cylindrospermopsin: not detected; Nodularin-R: not detected; Saxitoxins: not detected","Partly cloudy, no rain",2023-06-28 13:16:00,29.3790956373638,-81.6217826089283,0.3,"https://services1.arcgis.com/nRHtyn3uE1kyzoYc/ArcGIS/rest/services/service_c1026ff3b55f468d9f2edd834cb807f8/FeatureServer/0/7278/attachments/4300?token=esFGg2N_4QUkCtU1tiMztDW4hm2M0GdusSqnOkviQULZsKWy6cHlYSpBrHqloDkjMDORyL7vHp8tCloK_rT_6I4OA4EY19edP5rFzXcDxs3_bvd6rAbKq0BqhoPk7exiwoF-z98H5LJH5jJbe4dDOjffY9Bj9w3g5kWvPrs5PpMeAdY4Rap08W1RrijQW_Ta"
"Lake George - Center (LEO)","Volusia",2023-06-28,"SJRWMD","No","Dominant taxon: Microcystis aeruginosa","Yes","No",,,,,,,,,,,"Anatoxin-a: not detected; Cylindrospermopsin: not detected; Nodularin-R: not detected; Saxitoxins: not detected","Partly cloudy, no rain",2023-06-28 12:51:00,29.30830556,-81.60638889,0.3,"https://services1.arcgis.com/nRHtyn3uE1kyzoYc/ArcGIS/rest/services/service_c1026ff3b55f468d9f2edd834cb807f8/FeatureServer/0/7277/attachments/4299?token=esFGg2N_4QUkCtU1tiMztDW4hm2M0GdusSqnOkviQULZsKWy6cHlYSpBrHqloDkjMDORyL7vHp8tCloK_rT_6I4OA4EY19edP5rFzXcDxs3_bvd6rAbKq0BqhoPk7exiwoF-z98H5LJH5jJbe4dDOjffY9Bj9w3g5kWvPrs5PpMeAdY4Rap08W1RrijQW_Ta"
"Stick Marsh - North (STKM)","IndianRiver",2023-06-28,"SJRWMD","No","mixed algae; no dominant species in sample","No","No",,,,,,,,,,,"Anatoxin-a: not detected; Cylindrospermopsin: not detected; Nodularin-R: not detected; Saxitoxins: not detected","0-clear",2023-06-28 12:43:00,27.81065,-80.724854,0.312,"https://services1.arcgis.com/nRHtyn3uE1kyzoYc/ArcGIS/rest/services/service_c1026ff3b55f468d9f2edd834cb807f8/FeatureServer/0/7281/attachments/4304?token=esFGg2N_4QUkCtU1tiMztDW4hm2M0GdusSqnOkviQULZsKWy6cHlYSpBrHqloDkjMDORyL7vHp8tCloK_rT_6I4OA4EY19edP5rFzXcDxs3_bvd6rAbKq0BqhoPk7exiwoF-z98H5LJH5jJbe4dDOjffY9Bj9w3g5kWvPrs5PpMeAdY4Rap08W1RrijQW_Ta"
"Lake Rowena - near NE corner","Orange",2023-06-27,"CEROC","Yes","Dominant taxon: Microcystis aeruginosa","Yes","Yes",0.17,"I (I qualifier indicates that the reported value is between the laboratory method detection limit and the laboratory practical quantitation limit.)",0.5,,,,,,,,"Anatoxin-a: not detected; Cylindrospermopsin: 0.50; Nodularin-R: not detected; Saxitoxins: not detected","Sunny. Algae specks observed in water column ",2023-06-27 16:40:00,28.57267024202,-81.3583849966555,0.2,"https://services1.arcgis.com/nRHtyn3uE1kyzoYc/ArcGIS/rest/services/service_c1026ff3b55f468d9f2edd834cb807f8/FeatureServer/0/7266/attachments/4286?token=esFGg2N_4QUkCtU1tiMztDW4hm2M0GdusSqnOkviQULZsKWy6cHlYSpBrHqloDkjMDORyL7vHp8tCloK_rT_6I4OA4EY19edP5rFzXcDxs3_bvd6rAbKq0BqhoPk7exiwoF-z98H5LJH5jJbe4dDOjffY9Bj9w3g5kWvPrs5PpMeAdY4Rap08W1RrijQW_Ta"
"Lake Minnehaha - E Dock","Orange",2023-06-27,"CEROC","Yes","Dominant taxon: Microcystis aeruginosa","Yes","Yes",,,0.19,"I (I qualifier indicates that the reported value is between the laboratory method detection limit and the laboratory practical quantitation limit.)",,,,,,,"Anatoxin-a: not detected; Cylindrospermopsin: 0.19 I (I qualifier indicates that the reported value is between the laboratory method detection limit and the laboratory practical quantitation limit.); Nodularin-R: not detected; Saxitoxins: not detected","Sunny and breezy. Water level higher than initial visit with recent rain events. Algae specks observed in water column. Small floating vegetation along shoreline",2023-06-27 15:32:00,28.6321141798302,-81.3517129818903,0.3,"https://services1.arcgis.com/nRHtyn3uE1kyzoYc/ArcGIS/rest/services/service_c1026ff3b55f468d9f2edd834cb807f8/FeatureServer/0/7265/attachments/4283?token=esFGg2N_4QUkCtU1tiMztDW4hm2M0GdusSqnOkviQULZsKWy6cHlYSpBrHqloDkjMDORyL7vHp8tCloK_rT_6I4OA4EY19edP5rFzXcDxs3_bvd6rAbKq0BqhoPk7exiwoF-z98H5LJH5jJbe4dDOjffY9Bj9w3g5kWvPrs5PpMeAdY4Rap08W1RrijQW_Ta"
"Sunset Lake - W Shore","Orange",2023-06-27,"CEROC","Yes","Dominant taxon: Aphanizomenon flosaquae","Yes","Yes",,,,,,,,,,,"Anatoxin-a: not detected; Cylindrospermopsin: not detected; Nodularin-R: not detected; Saxitoxins: not detected","Sunny. Decaying filamentous algal mat still present along shoreline. ",2023-06-27 14:45:00,28.5367180779262,-81.4130043981223,0.25,"https://services1.arcgis.com/nRHtyn3uE1kyzoYc/ArcGIS/rest/services/service_c1026ff3b55f468d9f2edd834cb807f8/FeatureServer/0/7264/attachments/4280?token=esFGg2N_4QUkCtU1tiMztDW4hm2M0GdusSqnOkviQULZsKWy6cHlYSpBrHqloDkjMDORyL7vHp8tCloK_rT_6I4OA4EY19edP5rFzXcDxs3_bvd6rAbKq0BqhoPk7exiwoF-z98H5LJH5jJbe4dDOjffY9Bj9w3g5kWvPrs5PpMeAdY4Rap08W1RrijQW_Ta"
"St. Johns River - Shands Bridge (20030157)","StJohns",2023-06-27,"SJRWMD","No","mixed algae; no dominant species in sample","No","No",,,,,,,,,,,"Anatoxin-a: not detected; Cylindrospermopsin: not detected; Nodularin-R: not detected; Saxitoxins: not detected","Overcast, no rain ",2023-06-27 14:27:00,29.98163056,-81.62213889,0.3,"https://services1.arcgis.com/nRHtyn3uE1kyzoYc/ArcGIS/rest/services/service_c1026ff3b55f468d9f2edd834cb807f8/FeatureServer/0/7262/attachments/4277?token=esFGg2N_4QUkCtU1tiMztDW4hm2M0GdusSqnOkviQULZsKWy6cHlYSpBrHqloDkjMDORyL7vHp8tCloK_rT_6I4OA4EY19edP5rFzXcDxs3_bvd6rAbKq0BqhoPk7exiwoF-z98H5LJH5jJbe4dDOjffY9Bj9w3g5kWvPrs5PpMeAdY4Rap08W1RrijQW_Ta"
"Park Lake - W Shore","Orange",2023-06-27,"CEROC","Yes","Dominant taxon: Microcystis aeruginosa","Yes","Yes",0.65,"I (I qualifier indicates that the reported value is between the laboratory method detection limit and the laboratory practical quantitation limit.)",,,,,,,,,"Anatoxin-a: not detected; Cylindrospermopsin: not detected; Nodularin-R: not detected; Saxitoxins: not detected","Sunny. Algae specks observed in water column ",2023-06-27 14:15:00,28.5548877778798,-81.3734070469129,0.25,"https://services1.arcgis.com/nRHtyn3uE1kyzoYc/ArcGIS/rest/services/service_c1026ff3b55f468d9f2edd834cb807f8/FeatureServer/0/7263/attachments/4278?token=esFGg2N_4QUkCtU1tiMztDW4hm2M0GdusSqnOkviQULZsKWy6cHlYSpBrHqloDkjMDORyL7vHp8tCloK_rT_6I4OA4EY19edP5rFzXcDxs3_bvd6rAbKq0BqhoPk7exiwoF-z98H5LJH5jJbe4dDOjffY9Bj9w3g5kWvPrs5PpMeAdY4Rap08W1RrijQW_Ta"
"Atlantic Intercoastal Waterway - Vilano Point","StJohns",2023-06-27,"NEROC","No","mixed algae; no dominant species in sample","No","No",,,,,,,,,,,"Anatoxin-a: not detected; Cylindrospermopsin: not detected; Nodularin-R: not detected; Saxitoxins: not detected","No Bloom observed in water - greenish accumulation in sandy pools ",2023-06-27 14:10:00,29.9110749736012,-81.2926726034924,0.15,"https://services1.arcgis.com/nRHtyn3uE1kyzoYc/ArcGIS/rest/services/service_c1026ff3b55f468d9f2edd834cb807f8/FeatureServer/0/7258/attachments/4270?token=esFGg2N_4QUkCtU1tiMztDW4hm2M0GdusSqnOkviQULZsKWy6cHlYSpBrHqloDkjMDORyL7vHp8tCloK_rT_6I4OA4EY19edP5rFzXcDxs3_bvd6rAbKq0BqhoPk7exiwoF-z98H5LJH5jJbe4dDOjffY9Bj9w3g5kWvPrs5PpMeAdY4Rap08W1RrijQW_Ta"
"Doctors Lake - Center (DTL)","Clay",2023-06-27,"SJRWMD","No","mixed algae; no dominant species in sample","No","No",,,,,,,,,,,"Anatoxin-a: not detected; Cylindrospermopsin: not detected; Nodularin-R: not detected; Saxitoxins: not detected","Overcast, no rain",2023-06-27 13:32:00,30.13805556,-81.72722222,0.3,"https://services1.arcgis.com/nRHtyn3uE1kyzoYc/ArcGIS/rest/services/service_c1026ff3b55f468d9f2edd834cb807f8/FeatureServer/0/7261/attachments/4276?token=esFGg2N_4QUkCtU1tiMztDW4hm2M0GdusSqnOkviQULZsKWy6cHlYSpBrHqloDkjMDORyL7vHp8tCloK_rT_6I4OA4EY19edP5rFzXcDxs3_bvd6rAbKq0BqhoPk7exiwoF-z98H5LJH5jJbe4dDOjffY9Bj9w3g5kWvPrs5PpMeAdY4Rap08W1RrijQW_Ta"
"St. Johns River - Mandarin Point (MP72)","Duval",2023-06-27,"SJRWMD","No","mixed algae; no dominant species in sample","No","No",,,,,,,,,,,"Anatoxin-a: not detected; Cylindrospermopsin: not detected; Nodularin-R: not detected; Saxitoxins: not detected","Overcast, no rain",2023-06-27 13:11:00,30.15666667,-81.68388889,0.3,"https://services1.arcgis.com/nRHtyn3uE1kyzoYc/ArcGIS/rest/services/service_c1026ff3b55f468d9f2edd834cb807f8/FeatureServer/0/7260/attachments/4275?token=esFGg2N_4QUkCtU1tiMztDW4hm2M0GdusSqnOkviQULZsKWy6cHlYSpBrHqloDkjMDORyL7vHp8tCloK_rT_6I4OA4EY19edP5rFzXcDxs3_bvd6rAbKq0BqhoPk7exiwoF-z98H5LJH5jJbe4dDOjffY9Bj9w3g5kWvPrs5PpMeAdY4Rap08W1RrijQW_Ta"
"Orange Lake - Center","Alachua",2023-06-26,"SJRWMD","Yes","Dominant taxon: Microcystis aeruginosa","Yes","No",,,,,,,,,,,"Anatoxin-a: not detected; Cylindrospermopsin: not detected; Nodularin-R: not detected; Saxitoxins: not detected","cloudy, hot, slight breeze",2023-06-26 17:04:00,29.46568781,-82.17668237,0.282,"https://services1.arcgis.com/nRHtyn3uE1kyzoYc/ArcGIS/rest/services/service_c1026ff3b55f468d9f2edd834cb807f8/FeatureServer/0/7251/attachments/4266?token=esFGg2N_4QUkCtU1tiMztDW4hm2M0GdusSqnOkviQULZsKWy6cHlYSpBrHqloDkjMDORyL7vHp8tCloK_rT_6I4OA4EY19edP5rFzXcDxs3_bvd6rAbKq0BqhoPk7exiwoF-z98H5LJH5jJbe4dDOjffY9Bj9w3g5kWvPrs5PpMeAdY4Rap08W1RrijQW_Ta"
"Palm Coast Pond - at 44 Flamingo Drive","Flagler",2023-06-22,"NEROC","Yes","algal mat - dominant taxon: Oedogonium sp.; water - mixed algae; no dominant species in sample","Yes","No",,,,,,,,,,,"Anatoxin-a: not detected; Cylindrospermopsin: not detected; Nodularin-R: not detected; Saxitoxins: not detected",,2023-06-22 18:35:00,29.5629665798172,-81.2150727467198,0.24,"https://services1.arcgis.com/nRHtyn3uE1kyzoYc/ArcGIS/rest/services/service_c1026ff3b55f468d9f2edd834cb807f8/FeatureServer/0/7235/attachments/4222?token=esFGg2N_4QUkCtU1tiMztDW4hm2M0GdusSqnOkviQULZsKWy6cHlYSpBrHqloDkjMDORyL7vHp8tCloK_rT_6I4OA4EY19edP5rFzXcDxs3_bvd6rAbKq0BqhoPk7exiwoF-z98H5LJH5jJbe4dDOjffY9Bj9w3g5kWvPrs5PpMeAdY4Rap08W1RrijQW_Ta"
"Lochloosa Lake (LOL) - Center","Alachua",2023-06-22,"SJRWMD","No","mixed algae; no dominant species in sample","No","Yes",0.53,"I (I qualifier indicates that the reported value is between the laboratory method detection limit and the laboratory practical quantitation limit.)",,,,,,,,,"Anatoxin-a: not detected; Cylindrospermopsin: not detected; Nodularin-R: not detected; Saxitoxins: not detected","Windy, overcastsy",2023-06-22 14:28:00,29.5175426127664,-82.1219062060883,0.302,"https://services1.arcgis.com/nRHtyn3uE1kyzoYc/ArcGIS/rest/services/service_c1026ff3b55f468d9f2edd834cb807f8/FeatureServer/0/7234/attachments/4221?token=esFGg2N_4QUkCtU1tiMztDW4hm2M0GdusSqnOkviQULZsKWy6cHlYSpBrHqloDkjMDORyL7vHp8tCloK_rT_6I4OA4EY19edP5rFzXcDxs3_bvd6rAbKq0BqhoPk7exiwoF-z98H5LJH5jJbe4dDOjffY9Bj9w3g5kWvPrs5PpMeAdY4Rap08W1RrijQW_Ta"
"Newnans Lake (NEW) - Center","Alachua",2023-06-22,"SJRWMD","Yes","Co-dominant taxa were: Microcystis aeruginosa and Dolichospermum compactum","Yes","Yes",0.27,"I (I qualifier indicates that the reported value is between the laboratory method detection limit and the laboratory practical quantitation limit.)",,,,,,,,,"Anatoxin-a: not detected; Cylindrospermopsin: not detected; Nodularin-R: not detected; Saxitoxins: not detected","Overcast, drizzlingvk",2023-06-22 13:27:00,29.6458019502737,-82.2201501578858,0.331,"https://services1.arcgis.com/nRHtyn3uE1kyzoYc/ArcGIS/rest/services/service_c1026ff3b55f468d9f2edd834cb807f8/FeatureServer/0/7233/attachments/4220?token=esFGg2N_4QUkCtU1tiMztDW4hm2M0GdusSqnOkviQULZsKWy6cHlYSpBrHqloDkjMDORyL7vHp8tCloK_rT_6I4OA4EY19edP5rFzXcDxs3_bvd6rAbKq0BqhoPk7exiwoF-z98H5LJH5jJbe4dDOjffY9Bj9w3g5kWvPrs5PpMeAdY4Rap08W1RrijQW_Ta"
"Georges Lake - Boat Ramp","Putnam",2023-06-21,"NEROC","Yes","Dominant taxon: Microcystis aeruginosa","Yes","Yes",0.92,"I (I qualifier indicates that the reported value is between the laboratory method detection limit and the laboratory practical quantitation limit.)",,,,,,,,,"Anatoxin-a: not detected; Cylindrospermopsin: not detected; Nodularin-R: not detected; Saxitoxins: not detected",,2023-06-21 14:20:00,29.8023467246812,-81.8457139248458,0.3,"https://services1.arcgis.com/nRHtyn3uE1kyzoYc/ArcGIS/rest/services/service_c1026ff3b55f468d9f2edd834cb807f8/FeatureServer/0/7209/attachments/4182?token=esFGg2N_4QUkCtU1tiMztDW4hm2M0GdusSqnOkviQULZsKWy6cHlYSpBrHqloDkjMDORyL7vHp8tCloK_rT_6I4OA4EY19edP5rFzXcDxs3_bvd6rAbKq0BqhoPk7exiwoF-z98H5LJH5jJbe4dDOjffY9Bj9w3g5kWvPrs5PpMeAdY4Rap08W1RrijQW_Ta"
"Lake Marian - Boat Ramp","Osceola",2023-06-21,"SEROC","Yes","mixed algae; no dominant species in sample","No","Yes",2.7,,,,,,,,,,"Anatoxin-a: not detected; Cylindrospermopsin: not detected; Nodularin-R: not detected; Saxitoxins: not detected",,2023-06-21 13:45:00,27.8728092090198,-81.0519978283622,0.3,"https://services1.arcgis.com/nRHtyn3uE1kyzoYc/ArcGIS/rest/services/service_c1026ff3b55f468d9f2edd834cb807f8/FeatureServer/0/7207/attachments/4176?token=esFGg2N_4QUkCtU1tiMztDW4hm2M0GdusSqnOkviQULZsKWy6cHlYSpBrHqloDkjMDORyL7vHp8tCloK_rT_6I4OA4EY19edP5rFzXcDxs3_bvd6rAbKq0BqhoPk7exiwoF-z98H5LJH5jJbe4dDOjffY9Bj9w3g5kWvPrs5PpMeAdY4Rap08W1RrijQW_Ta"
"Sawgrass Lake - Outlet (SGO)","Brevard",2023-06-19,"SJRWMD","Yes","mixed algae; no dominant species in sample","No","No",,,,,,,,,,,"Anatoxin-a: not detected; Cylindrospermopsin: not detected; Nodularin-R: not detected; Saxitoxins: not detected","Clear no rain",2023-06-19 15:40:00,28.07804615,-80.76767328,0.301,"https://services1.arcgis.com/nRHtyn3uE1kyzoYc/ArcGIS/rest/services/service_c1026ff3b55f468d9f2edd834cb807f8/FeatureServer/0/7177/attachments/4142?token=esFGg2N_4QUkCtU1tiMztDW4hm2M0GdusSqnOkviQULZsKWy6cHlYSpBrHqloDkjMDORyL7vHp8tCloK_rT_6I4OA4EY19edP5rFzXcDxs3_bvd6rAbKq0BqhoPk7exiwoF-z98H5LJH5jJbe4dDOjffY9Bj9w3g5kWvPrs5PpMeAdY4Rap08W1RrijQW_Ta"
"Lake Washington - Center (LWC)","Brevard",2023-06-19,"SJRWMD","No","Dominant taxon: Dolichospermum circinale","Yes","No",,,,,,,,,,,"Anatoxin-a: not detected; Cylindrospermopsin: not detected; Nodularin-R: not detected; Saxitoxins: not detected","Clear no rain",2023-06-19 15:03:00,28.142439,-80.746111,0.3,"https://services1.arcgis.com/nRHtyn3uE1kyzoYc/ArcGIS/rest/services/service_c1026ff3b55f468d9f2edd834cb807f8/FeatureServer/0/7176/attachments/4140?token=esFGg2N_4QUkCtU1tiMztDW4hm2M0GdusSqnOkviQULZsKWy6cHlYSpBrHqloDkjMDORyL7vHp8tCloK_rT_6I4OA4EY19edP5rFzXcDxs3_bvd6rAbKq0BqhoPk7exiwoF-z98H5LJH5jJbe4dDOjffY9Bj9w3g5kWvPrs5PpMeAdY4Rap08W1RrijQW_Ta"
"Georges Lake - Center","Putnam",2023-06-19,"SJRWMD","Yes","Dominant taxon: Microcystis aeruginosa","Yes","Yes",0.57,,,,,,,,,,"Anatoxin-a: not detected; Cylindrospermopsin: not detected; Nodularin-R: not detected; Saxitoxins: not detected","Sunny, warm",2023-06-19 12:36:00,29.793073346995,-81.8495300329276,0.3,"https://services1.arcgis.com/nRHtyn3uE1kyzoYc/ArcGIS/rest/services/service_c1026ff3b55f468d9f2edd834cb807f8/FeatureServer/0/7175/attachments/4139?token=esFGg2N_4QUkCtU1tiMztDW4hm2M0GdusSqnOkviQULZsKWy6cHlYSpBrHqloDkjMDORyL7vHp8tCloK_rT_6I4OA4EY19edP5rFzXcDxs3_bvd6rAbKq0BqhoPk7exiwoF-z98H5LJH5jJbe4dDOjffY9Bj9w3g5kWvPrs5PpMeAdY4Rap08W1RrijQW_Ta"
"Lake Monroe - Center (LMAC)","Volusia",2023-06-15,"SJRWMD","No","Dominant taxon: Microcystis aeruginosa","Yes","Yes",,,0.1,"I (I qualifier indicates that the reported value is between the laboratory method detection limit and the laboratory practical quantitation limit.)",,,,,,,"Anatoxin-a: not detected; Cylindrospermopsin: 0.10 I (I qualifier indicates that the reported value is between the laboratory method detection limit and the laboratory practical quantitation limit.); Nodularin-R: not detected; Saxitoxins: not detected","Clear Windy",2023-06-15 15:38:00,28.83496,-81.27091,0.3,
"Georges Lake - Boat Ramp","Putnam",2023-06-15,"NEROC","Yes","Dominant taxon: Microcystis aeruginosa","Yes","Yes",0.49,,,,,,,,,,"Anatoxin-a: not detected; Cylindrospermopsin: not detected; Nodularin-R: not detected; Saxitoxins: not detected","Steady wind moving SW at site location.",2023-06-15 14:30:00,29.8022029843516,-81.8455381541659,0.3,"https://services1.arcgis.com/nRHtyn3uE1kyzoYc/ArcGIS/rest/services/service_c1026ff3b55f468d9f2edd834cb807f8/FeatureServer/0/7151/attachments/4110?token=esFGg2N_4QUkCtU1tiMztDW4hm2M0GdusSqnOkviQULZsKWy6cHlYSpBrHqloDkjMDORyL7vHp8tCloK_rT_6I4OA4EY19edP5rFzXcDxs3_bvd6rAbKq0BqhoPk7exiwoF-z98H5LJH5jJbe4dDOjffY9Bj9w3g5kWvPrs5PpMeAdY4Rap08W1RrijQW_Ta"
"Lake Jesup - Center (OW-CTR)","Seminole",2023-06-15,"SJRWMD","No","Dominant taxon: Microcystis aeruginosa","Yes","No",,,,,,,,,,,"Anatoxin-a: not detected; Cylindrospermopsin: not detected; Nodularin-R: not detected; Saxitoxins: not detected","Clear Windy",2023-06-15 14:09:00,28.7268,-81.2111,0.3,
"Crescent Lake - mouth of Dunns Creek (CRESLM)","Putnam",2023-06-15,"SJRWMD","Yes","Dominant taxon: Microcystis aeruginosa","Yes","Yes",0.26,"I (I qualifier indicates that the reported value is between the laboratory method detection limit and the laboratory practical quantitation limit.)",,,,,,,,,"Anatoxin-a: not detected; Cylindrospermopsin: not detected; Nodularin-R: not detected; Saxitoxins: not detected",,2023-06-15 12:37:00,29.52955556,-81.55372222,0.3,"https://services1.arcgis.com/nRHtyn3uE1kyzoYc/ArcGIS/rest/services/service_c1026ff3b55f468d9f2edd834cb807f8/FeatureServer/0/7149/attachments/4108?token=esFGg2N_4QUkCtU1tiMztDW4hm2M0GdusSqnOkviQULZsKWy6cHlYSpBrHqloDkjMDORyL7vHp8tCloK_rT_6I4OA4EY19edP5rFzXcDxs3_bvd6rAbKq0BqhoPk7exiwoF-z98H5LJH5jJbe4dDOjffY9Bj9w3g5kWvPrs5PpMeAdY4Rap08W1RrijQW_Ta"
"St. Johns River - 3.55 km north of BCL","IndianRiver",2023-06-14,"SJRWMD","Yes","Dominant taxon: Microcystis aeruginosa","Yes","Yes",0.54,"I (I qualifier indicates that the reported value is between the laboratory method detection limit and the laboratory practical quantitation limit.)",,,,,,,,,"Anatoxin-a: not detected; Cylindrospermopsin: not detected; Nodularin-R: not detected; Saxitoxins: not detected","Clear no rain",2023-06-14 16:00:00,27.75722061,-80.74373974,0.306,"https://services1.arcgis.com/nRHtyn3uE1kyzoYc/ArcGIS/rest/services/service_c1026ff3b55f468d9f2edd834cb807f8/FeatureServer/0/7148/attachments/4105?token=esFGg2N_4QUkCtU1tiMztDW4hm2M0GdusSqnOkviQULZsKWy6cHlYSpBrHqloDkjMDORyL7vHp8tCloK_rT_6I4OA4EY19edP5rFzXcDxs3_bvd6rAbKq0BqhoPk7exiwoF-z98H5LJH5jJbe4dDOjffY9Bj9w3g5kWvPrs5PpMeAdY4Rap08W1RrijQW_Ta"
"Bonita Lake - S Shore","Volusia",2023-06-14,"CEROC","Yes","mixed algae; no dominant species in sample","No","Yes",,,0.2,"I (I qualifier indicates that the reported value is between the laboratory method detection limit and the laboratory practical quantitation limit.)",,,,,,,"Anatoxin-a: not detected; Cylindrospermopsin: 0.20 I (I qualifier indicates that the reported value is between the laboratory method detection limit and the laboratory practical quantitation limit.); Nodularin-R: not detected; Saxitoxins: not detected","Sunny, partly cloudy, breezy",2023-06-14 15:54:00,28.883591034987,-81.2943546084071,0.15,"https://services1.arcgis.com/nRHtyn3uE1kyzoYc/ArcGIS/rest/services/service_c1026ff3b55f468d9f2edd834cb807f8/FeatureServer/0/7143/attachments/4098?token=esFGg2N_4QUkCtU1tiMztDW4hm2M0GdusSqnOkviQULZsKWy6cHlYSpBrHqloDkjMDORyL7vHp8tCloK_rT_6I4OA4EY19edP5rFzXcDxs3_bvd6rAbKq0BqhoPk7exiwoF-z98H5LJH5jJbe4dDOjffY9Bj9w3g5kWvPrs5PpMeAdY4Rap08W1RrijQW_Ta"
"Pioneer Lake - NE Shore","Volusia",2023-06-14,"CEROC","No","Dominant taxon: Microcystis aeruginosa","Yes","No",,,,,,,,,,,"Anatoxin-a: not detected; Cylindrospermopsin: not detected; Nodularin-R: not detected; Saxitoxins: not detected","Sunny, partly cloudy, breezy",2023-06-14 15:24:00,28.8838039177762,-81.2420480882458,0.3,"https://services1.arcgis.com/nRHtyn3uE1kyzoYc/ArcGIS/rest/services/service_c1026ff3b55f468d9f2edd834cb807f8/FeatureServer/0/7145/attachments/4100?token=esFGg2N_4QUkCtU1tiMztDW4hm2M0GdusSqnOkviQULZsKWy6cHlYSpBrHqloDkjMDORyL7vHp8tCloK_rT_6I4OA4EY19edP5rFzXcDxs3_bvd6rAbKq0BqhoPk7exiwoF-z98H5LJH5jJbe4dDOjffY9Bj9w3g5kWvPrs5PpMeAdY4Rap08W1RrijQW_Ta"
"Blue Cypress Lake - Center (BCL)","IndianRiver",2023-06-14,"SJRWMD","No","mixed algae; no dominant species in sample","No","No",,,,,,,,,,,"Anatoxin-a: not detected; Cylindrospermopsin: not detected; Nodularin-R: not detected; Saxitoxins: not detected","Clear no rain",2023-06-14 14:59:00,27.7266,-80.7536,0.307,"https://services1.arcgis.com/nRHtyn3uE1kyzoYc/ArcGIS/rest/services/service_c1026ff3b55f468d9f2edd834cb807f8/FeatureServer/0/7147/attachments/4104?token=esFGg2N_4QUkCtU1tiMztDW4hm2M0GdusSqnOkviQULZsKWy6cHlYSpBrHqloDkjMDORyL7vHp8tCloK_rT_6I4OA4EY19edP5rFzXcDxs3_bvd6rAbKq0BqhoPk7exiwoF-z98H5LJH5jJbe4dDOjffY9Bj9w3g5kWvPrs5PpMeAdY4Rap08W1RrijQW_Ta"
"Louise Lake - NW Lobe","Volusia",2023-06-14,"CEROC","No","mixed algae; no dominant species in sample","No","Yes",0.13,"I (I qualifier indicates that the reported value is between the laboratory method detection limit and the laboratory practical quantitation limit.)",,,,,,,,,"Anatoxin-a: not detected; Cylindrospermopsin: not detected; Nodularin-R: not detected; Saxitoxins: not detected","Sunny, partly cloudy, breezy",2023-06-14 14:47:00,28.892112932556,-81.2025062879432,0.25,"https://services1.arcgis.com/nRHtyn3uE1kyzoYc/ArcGIS/rest/services/service_c1026ff3b55f468d9f2edd834cb807f8/FeatureServer/0/7144/attachments/4099?token=esFGg2N_4QUkCtU1tiMztDW4hm2M0GdusSqnOkviQULZsKWy6cHlYSpBrHqloDkjMDORyL7vHp8tCloK_rT_6I4OA4EY19edP5rFzXcDxs3_bvd6rAbKq0BqhoPk7exiwoF-z98H5LJH5jJbe4dDOjffY9Bj9w3g5kWvPrs5PpMeAdY4Rap08W1RrijQW_Ta"
"Stick Marsh - North (STKM)","IndianRiver",2023-06-14,"SJRWMD","No","mixed algae; no dominant species in sample","No","No",,,,,,,,,,,"Anatoxin-a: not detected; Cylindrospermopsin: not detected; Nodularin-R: not detected; Saxitoxins: not detected","O-clear",2023-06-14 13:46:00,27.81065,-80.724854,0.301,"https://services1.arcgis.com/nRHtyn3uE1kyzoYc/ArcGIS/rest/services/service_c1026ff3b55f468d9f2edd834cb807f8/FeatureServer/0/7146/attachments/4101?token=esFGg2N_4QUkCtU1tiMztDW4hm2M0GdusSqnOkviQULZsKWy6cHlYSpBrHqloDkjMDORyL7vHp8tCloK_rT_6I4OA4EY19edP5rFzXcDxs3_bvd6rAbKq0BqhoPk7exiwoF-z98H5LJH5jJbe4dDOjffY9Bj9w3g5kWvPrs5PpMeAdY4Rap08W1RrijQW_Ta"
"Lake George - Center (LEO)","Volusia",2023-06-13,"SJRWMD","No","Co-dominant taxa were: Cylindrospermopsis raciborskii and Planktolyngbya limnetica","Yes","No",,,,,,,,,,,"Anatoxin-a: not detected; Cylindrospermopsin: not detected; Nodularin-R: not detected; Saxitoxins: not detected","Partly cloudy, windy",2023-06-13 12:47:00,29.30830556,-81.60638889,0.332,"https://services1.arcgis.com/nRHtyn3uE1kyzoYc/ArcGIS/rest/services/service_c1026ff3b55f468d9f2edd834cb807f8/FeatureServer/0/7137/attachments/4086?token=esFGg2N_4QUkCtU1tiMztDW4hm2M0GdusSqnOkviQULZsKWy6cHlYSpBrHqloDkjMDORyL7vHp8tCloK_rT_6I4OA4EY19edP5rFzXcDxs3_bvd6rAbKq0BqhoPk7exiwoF-z98H5LJH5jJbe4dDOjffY9Bj9w3g5kWvPrs5PpMeAdY4Rap08W1RrijQW_Ta"
"Caywood Pond - SW Dock","Orange",2023-06-12,"CEROC","Yes","Dominant taxon: Microcystis aeruginosa","Yes","No",,,,,,,,,,,"Anatoxin-a: not detected; Cylindrospermopsin: not detected; Nodularin-R: not detected; Saxitoxins: not detected","Sunny, light breeze",2023-06-12 15:11:00,28.4886290384387,-81.5907233168698,0.3,"https://services1.arcgis.com/nRHtyn3uE1kyzoYc/ArcGIS/rest/services/service_c1026ff3b55f468d9f2edd834cb807f8/FeatureServer/0/7127/attachments/4073?token=esFGg2N_4QUkCtU1tiMztDW4hm2M0GdusSqnOkviQULZsKWy6cHlYSpBrHqloDkjMDORyL7vHp8tCloK_rT_6I4OA4EY19edP5rFzXcDxs3_bvd6rAbKq0BqhoPk7exiwoF-z98H5LJH5jJbe4dDOjffY9Bj9w3g5kWvPrs5PpMeAdY4Rap08W1RrijQW_Ta"
"St. Johns River - Mandarin Point (MP72)","Duval",2023-06-12,"SJRWMD","No","mixed algae; no dominant species in sample","No","No",,,,,,,,,,,"Anatoxin-a: not detected; Cylindrospermopsin: not detected; Nodularin-R: not detected; Saxitoxins: not detected","hot, cloudy, windy",2023-06-12 15:07:00,30.15666667,-81.68388889,0.294,"https://services1.arcgis.com/nRHtyn3uE1kyzoYc/ArcGIS/rest/services/service_c1026ff3b55f468d9f2edd834cb807f8/FeatureServer/0/7126/attachments/4072?token=esFGg2N_4QUkCtU1tiMztDW4hm2M0GdusSqnOkviQULZsKWy6cHlYSpBrHqloDkjMDORyL7vHp8tCloK_rT_6I4OA4EY19edP5rFzXcDxs3_bvd6rAbKq0BqhoPk7exiwoF-z98H5LJH5jJbe4dDOjffY9Bj9w3g5kWvPrs5PpMeAdY4Rap08W1RrijQW_Ta"
"Doctors Lake - Center (DTL)","Clay",2023-06-12,"SJRWMD","No","mixed algae; no dominant species in sample","No","No",,,,,,,,,,,"Anatoxin-a: not detected; Cylindrospermopsin: not detected; Nodularin-R: not detected; Saxitoxins: not detected","hot, windy, cloudy",2023-06-12 14:42:00,30.13805556,-81.72722222,0.301,"https://services1.arcgis.com/nRHtyn3uE1kyzoYc/ArcGIS/rest/services/service_c1026ff3b55f468d9f2edd834cb807f8/FeatureServer/0/7125/attachments/4071?token=esFGg2N_4QUkCtU1tiMztDW4hm2M0GdusSqnOkviQULZsKWy6cHlYSpBrHqloDkjMDORyL7vHp8tCloK_rT_6I4OA4EY19edP5rFzXcDxs3_bvd6rAbKq0BqhoPk7exiwoF-z98H5LJH5jJbe4dDOjffY9Bj9w3g5kWvPrs5PpMeAdY4Rap08W1RrijQW_Ta"
"St. Johns River - Shands Bridge (20030157)","StJohns",2023-06-12,"SJRWMD","No","mixed algae; no dominant species in sample","No","No",,,,,,,,,,,"Anatoxin-a: not detected; Cylindrospermopsin: not detected; Nodularin-R: not detected; Saxitoxins: not detected","sunny, hot",2023-06-12 13:44:00,29.98163056,-81.62213889,0.307,"https://services1.arcgis.com/nRHtyn3uE1kyzoYc/ArcGIS/rest/services/service_c1026ff3b55f468d9f2edd834cb807f8/FeatureServer/0/7124/attachments/4070?token=esFGg2N_4QUkCtU1tiMztDW4hm2M0GdusSqnOkviQULZsKWy6cHlYSpBrHqloDkjMDORyL7vHp8tCloK_rT_6I4OA4EY19edP5rFzXcDxs3_bvd6rAbKq0BqhoPk7exiwoF-z98H5LJH5jJbe4dDOjffY9Bj9w3g5kWvPrs5PpMeAdY4Rap08W1RrijQW_Ta"
"Lake Minnehaha - E Dock","Orange",2023-06-08,"CEROC","Yes","mixed algae; no dominant species in sample","No","Yes",,,0.18,"I (I qualifier indicates that the reported value is between the laboratory method detection limit and the laboratory practical quantitation limit.)",,,,,,,"Anatoxin-a: not detected; Cylindrospermopsin: 0.18 I (I qualifier indicates that the reported value is between the laboratory method detection limit and the laboratory practical quantitation limit.); Nodularin-R: not detected; Saxitoxins: not detected","75 and raining ",2023-06-08 16:04:00,28.6320704029682,-81.3515424177417,0.3,"https://services1.arcgis.com/nRHtyn3uE1kyzoYc/ArcGIS/rest/services/service_c1026ff3b55f468d9f2edd834cb807f8/FeatureServer/0/7116/attachments/4048?token=esFGg2N_4QUkCtU1tiMztDW4hm2M0GdusSqnOkviQULZsKWy6cHlYSpBrHqloDkjMDORyL7vHp8tCloK_rT_6I4OA4EY19edP5rFzXcDxs3_bvd6rAbKq0BqhoPk7exiwoF-z98H5LJH5jJbe4dDOjffY9Bj9w3g5kWvPrs5PpMeAdY4Rap08W1RrijQW_Ta"
"Lake Rowena - near NE corner","Orange",2023-06-08,"CEROC","Yes","Dominant taxon: Microcystis aeruginosa","Yes","Yes",0.64,"I (I qualifier indicates that the reported value is between the laboratory method detection limit and the laboratory practical quantitation limit.)",0.22,"I (I qualifier indicates that the reported value is between the laboratory method detection limit and the laboratory practical quantitation limit.)",,,,,,,"Anatoxin-a: not detected; Cylindrospermopsin: 0.22 I (I qualifier indicates that the reported value is between the laboratory method detection limit and the laboratory practical quantitation limit.); Nodularin-R: not detected; Saxitoxins: not detected","85 and cloudy ",2023-06-08 15:05:00,28.5726863821663,-81.3583825920782,0.3,"https://services1.arcgis.com/nRHtyn3uE1kyzoYc/ArcGIS/rest/services/service_c1026ff3b55f468d9f2edd834cb807f8/FeatureServer/0/7118/attachments/4054?token=esFGg2N_4QUkCtU1tiMztDW4hm2M0GdusSqnOkviQULZsKWy6cHlYSpBrHqloDkjMDORyL7vHp8tCloK_rT_6I4OA4EY19edP5rFzXcDxs3_bvd6rAbKq0BqhoPk7exiwoF-z98H5LJH5jJbe4dDOjffY9Bj9w3g5kWvPrs5PpMeAdY4Rap08W1RrijQW_Ta"
"Park Lake - W Shore","Orange",2023-06-08,"CEROC","No","mixed algae; no dominant species in sample","No","Yes",0.57,"I (I qualifier indicates that the reported value is between the laboratory method detection limit and the laboratory practical quantitation limit.)",,,,,,,,,"Anatoxin-a: not detected; Cylindrospermopsin: not detected; Nodularin-R: not detected; Saxitoxins: not detected","85 and cloudy ",2023-06-08 14:48:00,28.5548186459019,-81.3733817976959,0.3,"https://services1.arcgis.com/nRHtyn3uE1kyzoYc/ArcGIS/rest/services/service_c1026ff3b55f468d9f2edd834cb807f8/FeatureServer/0/7117/attachments/4051?token=esFGg2N_4QUkCtU1tiMztDW4hm2M0GdusSqnOkviQULZsKWy6cHlYSpBrHqloDkjMDORyL7vHp8tCloK_rT_6I4OA4EY19edP5rFzXcDxs3_bvd6rAbKq0BqhoPk7exiwoF-z98H5LJH5jJbe4dDOjffY9Bj9w3g5kWvPrs5PpMeAdY4Rap08W1RrijQW_Ta"
"Sunset Lake - W Shore","Orange",2023-06-08,"CEROC","Yes","mixed algae; no dominant species in sample","No","No",,,,,,,,,,,"Anatoxin-a: not detected; Cylindrospermopsin: not detected; Nodularin-R: not detected; Saxitoxins: not detected","80 and sunny ",2023-06-08 14:07:00,28.5362331128645,-81.4134312070979,0.3,"https://services1.arcgis.com/nRHtyn3uE1kyzoYc/ArcGIS/rest/services/service_c1026ff3b55f468d9f2edd834cb807f8/FeatureServer/0/7119/attachments/4057?token=esFGg2N_4QUkCtU1tiMztDW4hm2M0GdusSqnOkviQULZsKWy6cHlYSpBrHqloDkjMDORyL7vHp8tCloK_rT_6I4OA4EY19edP5rFzXcDxs3_bvd6rAbKq0BqhoPk7exiwoF-z98H5LJH5jJbe4dDOjffY9Bj9w3g5kWvPrs5PpMeAdY4Rap08W1RrijQW_Ta"
"Fox Lake - S Shore ","Brevard",2023-06-07,"CEROC","Yes","mixed algae; no dominant species in sample","No","No",,,,,,,,,,,"Anatoxin-a: not detected; Cylindrospermopsin: not detected; Nodularin-R: not detected; Saxitoxins: not detected","Overcast with light rain. Algae specks visible throughout water column. Some filamentous algae along shoreline. Small floating vegetation also abundant along shoreline (mostly Salvinia and Azolla)",2023-06-07 17:01:00,28.586044322925,-80.8704939255148,0.25,"https://services1.arcgis.com/nRHtyn3uE1kyzoYc/ArcGIS/rest/services/service_c1026ff3b55f468d9f2edd834cb807f8/FeatureServer/0/7106/attachments/4027?token=esFGg2N_4QUkCtU1tiMztDW4hm2M0GdusSqnOkviQULZsKWy6cHlYSpBrHqloDkjMDORyL7vHp8tCloK_rT_6I4OA4EY19edP5rFzXcDxs3_bvd6rAbKq0BqhoPk7exiwoF-z98H5LJH5jJbe4dDOjffY9Bj9w3g5kWvPrs5PpMeAdY4Rap08W1RrijQW_Ta"
"Fox Lake - Park Boat Ramp","Brevard",2023-06-07,"CEROC","Yes","Co-dominant taxa were: Microcystis aeruginosa and Dolichospermum circinale","Yes","No",,,,,,,,,,,"Anatoxin-a: not detected; Cylindrospermopsin: not detected; Nodularin-R: not detected; Saxitoxins: not detected","Overcast with light rain. Algae specks observed throughout water column with some surface accumulation along dock",2023-06-07 16:36:00,28.5893795909916,-80.8742332819462,0.3,"https://services1.arcgis.com/nRHtyn3uE1kyzoYc/ArcGIS/rest/services/service_c1026ff3b55f468d9f2edd834cb807f8/FeatureServer/0/7103/attachments/4022?token=esFGg2N_4QUkCtU1tiMztDW4hm2M0GdusSqnOkviQULZsKWy6cHlYSpBrHqloDkjMDORyL7vHp8tCloK_rT_6I4OA4EY19edP5rFzXcDxs3_bvd6rAbKq0BqhoPk7exiwoF-z98H5LJH5jJbe4dDOjffY9Bj9w3g5kWvPrs5PpMeAdY4Rap08W1RrijQW_Ta"
"Georges Lake - Boat Ramp","Putnam",2023-06-01,"NEROC","Yes","Co-dominant taxa were: Microcystis aeruginosa and Microcystis wesenbergii","Yes","Yes",0.32,"I (I qualifier indicates that the reported value is between the laboratory method detection limit and the laboratory practical quantitation limit.)",,,,,,,,,"Anatoxin-a: not detected; Cylindrospermopsin: not detected; Nodularin-R: not detected; Saxitoxins: not detected",,2023-06-01 14:35:00,29.802234348086,-81.8455452675994,0.3,"https://services1.arcgis.com/nRHtyn3uE1kyzoYc/ArcGIS/rest/services/service_c1026ff3b55f468d9f2edd834cb807f8/FeatureServer/0/7035/attachments/3954?token=esFGg2N_4QUkCtU1tiMztDW4hm2M0GdusSqnOkviQULZsKWy6cHlYSpBrHqloDkjMDORyL7vHp8tCloK_rT_6I4OA4EY19edP5rFzXcDxs3_bvd6rAbKq0BqhoPk7exiwoF-z98H5LJH5jJbe4dDOjffY9Bj9w3g5kWvPrs5PpMeAdY4Rap08W1RrijQW_Ta"
"Lake Sue - Fawsett Ramp","Orange",2023-05-30,"CEROC","No","Dominant taxon: Microcystis aeruginosa","Yes","Yes",0.37,"I (I qualifier indicates that the reported value is between the laboratory method detection limit and the laboratory practical quantitation limit.)",0.12,"I (I qualifier indicates that the reported value is between the laboratory method detection limit and the laboratory practical quantitation limit.)",,,,,,,"Anatoxin-a: not detected; Cylindrospermopsin: 0.12 I (I qualifier indicates that the reported value is between the laboratory method detection limit and the laboratory practical quantitation limit.); Nodularin-R: not detected; Saxitoxins: not detected","No visible blooms. Some filamentous algae along shore.",2023-05-30 18:22:00,28.5791420006785,-81.3519100709169,0.25,"https://services1.arcgis.com/nRHtyn3uE1kyzoYc/ArcGIS/rest/services/service_c1026ff3b55f468d9f2edd834cb807f8/FeatureServer/0/7029/attachments/3946?token=esFGg2N_4QUkCtU1tiMztDW4hm2M0GdusSqnOkviQULZsKWy6cHlYSpBrHqloDkjMDORyL7vHp8tCloK_rT_6I4OA4EY19edP5rFzXcDxs3_bvd6rAbKq0BqhoPk7exiwoF-z98H5LJH5jJbe4dDOjffY9Bj9w3g5kWvPrs5PpMeAdY4Rap08W1RrijQW_Ta"
"Lake Pearl - Woodside Village Ramp","Orange",2023-05-30,"CEROC","Yes","Dominant taxon: Microcystis aeruginosa","Yes","No",,,,,,,,,,,"Anatoxin-a: not detected; Cylindrospermopsin: not detected; Nodularin-R: not detected; Saxitoxins: not detected","Sunny",2023-05-30 17:33:00,28.6017289,-81.2669199,0.3,"https://services1.arcgis.com/nRHtyn3uE1kyzoYc/ArcGIS/rest/services/service_c1026ff3b55f468d9f2edd834cb807f8/FeatureServer/0/7027/attachments/3940?token=esFGg2N_4QUkCtU1tiMztDW4hm2M0GdusSqnOkviQULZsKWy6cHlYSpBrHqloDkjMDORyL7vHp8tCloK_rT_6I4OA4EY19edP5rFzXcDxs3_bvd6rAbKq0BqhoPk7exiwoF-z98H5LJH5jJbe4dDOjffY9Bj9w3g5kWvPrs5PpMeAdY4Rap08W1RrijQW_Ta"
"St. Johns River - Mullet Lake Park","Seminole",2023-05-30,"CEROC","No","mixed algae; no dominant species in sample","No","No",,,,,,,,,,,"Anatoxin-a: not detected; Cylindrospermopsin: not detected; Nodularin-R: not detected; Saxitoxins: not detected","Sunny",2023-05-30 16:39:00,28.7904856866692,-81.1387253717359,0.3,"https://services1.arcgis.com/nRHtyn3uE1kyzoYc/ArcGIS/rest/services/service_c1026ff3b55f468d9f2edd834cb807f8/FeatureServer/0/7028/attachments/3943?token=esFGg2N_4QUkCtU1tiMztDW4hm2M0GdusSqnOkviQULZsKWy6cHlYSpBrHqloDkjMDORyL7vHp8tCloK_rT_6I4OA4EY19edP5rFzXcDxs3_bvd6rAbKq0BqhoPk7exiwoF-z98H5LJH5jJbe4dDOjffY9Bj9w3g5kWvPrs5PpMeAdY4Rap08W1RrijQW_Ta"
"Wauseon Bay - E Lobe","Orange",2023-05-30,"CEROC","Yes","algal mat - Co-dominant taxa were: Oedogonium sp. and Spriogyra sp.; water - mixed algae; no dominant species in sample","Pending","No",,,,,,,,,,,"Anatoxin-a: not detected; Cylindrospermopsin: not detected; Nodularin-R: not detected; Saxitoxins: not detected","Recent herbicide treatments nearby",2023-05-30 15:15:00,28.5000614749729,-81.5387247349847,0.2,"https://services1.arcgis.com/nRHtyn3uE1kyzoYc/ArcGIS/rest/services/service_c1026ff3b55f468d9f2edd834cb807f8/FeatureServer/0/7026/attachments/3937?token=esFGg2N_4QUkCtU1tiMztDW4hm2M0GdusSqnOkviQULZsKWy6cHlYSpBrHqloDkjMDORyL7vHp8tCloK_rT_6I4OA4EY19edP5rFzXcDxs3_bvd6rAbKq0BqhoPk7exiwoF-z98H5LJH5jJbe4dDOjffY9Bj9w3g5kWvPrs5PpMeAdY4Rap08W1RrijQW_Ta"
"Caywood Pond - SW Dock","Orange",2023-05-30,"CEROC","Yes","Dominant taxon: Microcystis aeruginosa","Yes","Yes",0.89,"I (I qualifier indicates that the reported value is between the laboratory method detection limit and the laboratory practical quantitation limit.)",,,,,,,,,"Anatoxin-a: not detected; Cylindrospermopsin: not detected; Nodularin-R: not detected; Saxitoxins: not detected","Sunny, light breeze",2023-05-30 13:54:00,28.4886201609467,-81.5907321848698,0.3,"https://services1.arcgis.com/nRHtyn3uE1kyzoYc/ArcGIS/rest/services/service_c1026ff3b55f468d9f2edd834cb807f8/FeatureServer/0/7025/attachments/3934?token=esFGg2N_4QUkCtU1tiMztDW4hm2M0GdusSqnOkviQULZsKWy6cHlYSpBrHqloDkjMDORyL7vHp8tCloK_rT_6I4OA4EY19edP5rFzXcDxs3_bvd6rAbKq0BqhoPk7exiwoF-z98H5LJH5jJbe4dDOjffY9Bj9w3g5kWvPrs5PpMeAdY4Rap08W1RrijQW_Ta"
"Bull Creek - north of Fish Camp","Flagler",2023-05-30,"SJRWMD","Yes","Dominant taxon: Microcystis aeruginosa","Yes","Yes",0.25,"I (I qualifier indicates that the reported value is between the laboratory method detection limit and the laboratory practical quantitation limit.)",,,,,,,,,"Anatoxin-a: not detected; Cylindrospermopsin: not detected; Nodularin-R: not detected; Saxitoxins: not detected",,2023-05-30 13:23:00,29.4245717802641,-81.4365280839779,0.3,"https://services1.arcgis.com/nRHtyn3uE1kyzoYc/ArcGIS/rest/services/service_c1026ff3b55f468d9f2edd834cb807f8/FeatureServer/0/7024/attachments/3933?token=esFGg2N_4QUkCtU1tiMztDW4hm2M0GdusSqnOkviQULZsKWy6cHlYSpBrHqloDkjMDORyL7vHp8tCloK_rT_6I4OA4EY19edP5rFzXcDxs3_bvd6rAbKq0BqhoPk7exiwoF-z98H5LJH5jJbe4dDOjffY9Bj9w3g5kWvPrs5PpMeAdY4Rap08W1RrijQW_Ta"
"Lake Washington - Center (LWC)","Brevard",2023-05-30,"SJRWMD","No","mixed algae; no dominant species in sample","No","No",,,,,,,,,,,"Anatoxin-a: not detected; Cylindrospermopsin: not detected; Nodularin-R: not detected; Saxitoxins: not detected","Clear no rain",2023-05-30 12:39:00,28.142439,-80.746111,0.3,"https://services1.arcgis.com/nRHtyn3uE1kyzoYc/ArcGIS/rest/services/service_c1026ff3b55f468d9f2edd834cb807f8/FeatureServer/0/7023/attachments/3932?token=esFGg2N_4QUkCtU1tiMztDW4hm2M0GdusSqnOkviQULZsKWy6cHlYSpBrHqloDkjMDORyL7vHp8tCloK_rT_6I4OA4EY19edP5rFzXcDxs3_bvd6rAbKq0BqhoPk7exiwoF-z98H5LJH5jJbe4dDOjffY9Bj9w3g5kWvPrs5PpMeAdY4Rap08W1RrijQW_Ta"
"St. Johns River - downstream from Lemon Bluff boat ramp","Volusia",2023-05-25,"SJRWMD","No","mixed algae; no dominant species in sample","No","No",,,,,,,,,,,"Anatoxin-a: not detected; Cylindrospermopsin: not detected; Nodularin-R: not detected; Saxitoxins: not detected","Partly cloudy with no sign of a bloom",2023-05-25 16:13:00,28.8008776,-81.1293524,0.3,
"Lake Rowena - near NE corner","Orange",2023-05-25,"CEROC","Yes","Dominant taxon: Microcystis aeruginosa","Yes","Yes",1.8,"I (I qualifier indicates that the reported value is between the laboratory method detection limit and the laboratory practical quantitation limit.)",,,,,,,,,"Anatoxin-a: not detected; Cylindrospermopsin: not detected; Nodularin-R: not detected; Saxitoxins: not detected","Overcast ",2023-05-25 15:37:00,28.5726418334885,-81.3583677931176,0.25,"https://services1.arcgis.com/nRHtyn3uE1kyzoYc/ArcGIS/rest/services/service_c1026ff3b55f468d9f2edd834cb807f8/FeatureServer/0/7015/attachments/3921?token=esFGg2N_4QUkCtU1tiMztDW4hm2M0GdusSqnOkviQULZsKWy6cHlYSpBrHqloDkjMDORyL7vHp8tCloK_rT_6I4OA4EY19edP5rFzXcDxs3_bvd6rAbKq0BqhoPk7exiwoF-z98H5LJH5jJbe4dDOjffY9Bj9w3g5kWvPrs5PpMeAdY4Rap08W1RrijQW_Ta"
"Lake Baldwin - Park Boat Ramp","Orange",2023-05-25,"CEROC","No","mixed algae; no dominant species in sample","No","No",,,,,,,,,,,"Anatoxin-a: not detected; Cylindrospermopsin: not detected; Nodularin-R: not detected; Saxitoxins: not detected","Cloudy and breezy",2023-05-25 15:08:00,28.5755076007739,-81.3262407472211,0.3,"https://services1.arcgis.com/nRHtyn3uE1kyzoYc/ArcGIS/rest/services/service_c1026ff3b55f468d9f2edd834cb807f8/FeatureServer/0/7014/attachments/3918?token=esFGg2N_4QUkCtU1tiMztDW4hm2M0GdusSqnOkviQULZsKWy6cHlYSpBrHqloDkjMDORyL7vHp8tCloK_rT_6I4OA4EY19edP5rFzXcDxs3_bvd6rAbKq0BqhoPk7exiwoF-z98H5LJH5jJbe4dDOjffY9Bj9w3g5kWvPrs5PpMeAdY4Rap08W1RrijQW_Ta"
"Lake Maitland - Kraft Azalea Garden","Orange",2023-05-25,"CEROC","Yes","Dominant taxon: Microcystis aeruginosa","Yes","No",,,,,,,,,,,"Anatoxin-a: not detected; Cylindrospermopsin: not detected; Nodularin-R: not detected; Saxitoxins: not detected","Sunny with a breeze",2023-05-25 14:32:00,28.611483644125,-81.3441175013045,0.3,"https://services1.arcgis.com/nRHtyn3uE1kyzoYc/ArcGIS/rest/services/service_c1026ff3b55f468d9f2edd834cb807f8/FeatureServer/0/7013/attachments/3915?token=esFGg2N_4QUkCtU1tiMztDW4hm2M0GdusSqnOkviQULZsKWy6cHlYSpBrHqloDkjMDORyL7vHp8tCloK_rT_6I4OA4EY19edP5rFzXcDxs3_bvd6rAbKq0BqhoPk7exiwoF-z98H5LJH5jJbe4dDOjffY9Bj9w3g5kWvPrs5PpMeAdY4Rap08W1RrijQW_Ta"
"Lake Monroe - Center (LMAC)","Volusia",2023-05-25,"SJRWMD","No","mixed algae; no dominant species in sample","No","No",,,,,,,,,,,"Anatoxin-a: not detected; Cylindrospermopsin: not detected; Nodularin-R: not detected; Saxitoxins: not detected","Cloudy with light rain",2023-05-25 14:10:00,28.83496,-81.27091,0.3,
"Crescent Lake - mouth of Dunns Creek (CRESLM)","Putnam",2023-05-25,"SJRWMD","Yes","Dominant taxon: Microcystis aeruginosa","Yes","No",,,,,,,,,,,"Anatoxin-a: not detected; Cylindrospermopsin: not detected; Nodularin-R: not detected; Saxitoxins: not detected","Cloudy, sunny",2023-05-25 12:23:00,29.52955556,-81.55372222,0.297,"https://services1.arcgis.com/nRHtyn3uE1kyzoYc/ArcGIS/rest/services/service_c1026ff3b55f468d9f2edd834cb807f8/FeatureServer/0/7012/attachments/3905?token=esFGg2N_4QUkCtU1tiMztDW4hm2M0GdusSqnOkviQULZsKWy6cHlYSpBrHqloDkjMDORyL7vHp8tCloK_rT_6I4OA4EY19edP5rFzXcDxs3_bvd6rAbKq0BqhoPk7exiwoF-z98H5LJH5jJbe4dDOjffY9Bj9w3g5kWvPrs5PpMeAdY4Rap08W1RrijQW_Ta"
"Lake Monroe - N Ramp ","Volusia",2023-05-24,"CEROC","No","mixed algae; no dominant species in sample","No","No",,,,,,,,,,,"Anatoxin-a: not detected; Cylindrospermopsin: not detected; Nodularin-R: not detected; Saxitoxins: not detected","85 and cloudy ",2023-05-24 15:31:00,28.8626499106143,-81.2523849042623,0.3,"https://services1.arcgis.com/nRHtyn3uE1kyzoYc/ArcGIS/rest/services/service_c1026ff3b55f468d9f2edd834cb807f8/FeatureServer/0/7008/attachments/3909?token=esFGg2N_4QUkCtU1tiMztDW4hm2M0GdusSqnOkviQULZsKWy6cHlYSpBrHqloDkjMDORyL7vHp8tCloK_rT_6I4OA4EY19edP5rFzXcDxs3_bvd6rAbKq0BqhoPk7exiwoF-z98H5LJH5jJbe4dDOjffY9Bj9w3g5kWvPrs5PpMeAdY4Rap08W1RrijQW_Ta"
"Louise Lake - NW Lobe","Volusia",2023-05-24,"CEROC","No","mixed algae; no dominant species in sample","No","Yes",0.36,"I (I qualifier indicates that the reported value is between the laboratory method detection limit and the laboratory practical quantitation limit.)",,,,,,,,,"Anatoxin-a: not detected; Cylindrospermopsin: not detected; Nodularin-R: not detected; Saxitoxins: not detected","80 and cloudy ",2023-05-24 15:11:00,28.8921286619008,-81.2024509347721,0.3,"https://services1.arcgis.com/nRHtyn3uE1kyzoYc/ArcGIS/rest/services/service_c1026ff3b55f468d9f2edd834cb807f8/FeatureServer/0/7002/attachments/3889?token=esFGg2N_4QUkCtU1tiMztDW4hm2M0GdusSqnOkviQULZsKWy6cHlYSpBrHqloDkjMDORyL7vHp8tCloK_rT_6I4OA4EY19edP5rFzXcDxs3_bvd6rAbKq0BqhoPk7exiwoF-z98H5LJH5jJbe4dDOjffY9Bj9w3g5kWvPrs5PpMeAdY4Rap08W1RrijQW_Ta"
"Pioneer Lake - NE Shore","Volusia",2023-05-24,"CEROC","No","mixed algae; no dominant species in sample","No","No",,,,,,,,,,,"Anatoxin-a: not detected; Cylindrospermopsin: not detected; Nodularin-R: not detected; Saxitoxins: not detected","80 and cloudy ",2023-05-24 14:48:00,28.8838109637251,-81.2418979301245,0.3,"https://services1.arcgis.com/nRHtyn3uE1kyzoYc/ArcGIS/rest/services/service_c1026ff3b55f468d9f2edd834cb807f8/FeatureServer/0/7003/attachments/3892?token=esFGg2N_4QUkCtU1tiMztDW4hm2M0GdusSqnOkviQULZsKWy6cHlYSpBrHqloDkjMDORyL7vHp8tCloK_rT_6I4OA4EY19edP5rFzXcDxs3_bvd6rAbKq0BqhoPk7exiwoF-z98H5LJH5jJbe4dDOjffY9Bj9w3g5kWvPrs5PpMeAdY4Rap08W1RrijQW_Ta"
"Bonita Lake - S Shore","Volusia",2023-05-24,"CEROC","Yes","Dominant taxon: Oedogonium sp.","No","Yes",,,0.23,"I (I qualifier indicates that the reported value is between the laboratory method detection limit and the laboratory practical quantitation limit.)",,,,,,,"Anatoxin-a: not detected; Cylindrospermopsin: 0.23 I (I qualifier indicates that the reported value is between the laboratory method detection limit and the laboratory practical quantitation limit.); Nodularin-R: not detected; Saxitoxins: not detected","Overcast",2023-05-24 14:19:00,28.8835024321721,-81.2943516858679,0.3,"https://services1.arcgis.com/nRHtyn3uE1kyzoYc/ArcGIS/rest/services/service_c1026ff3b55f468d9f2edd834cb807f8/FeatureServer/0/7005/attachments/3897?token=esFGg2N_4QUkCtU1tiMztDW4hm2M0GdusSqnOkviQULZsKWy6cHlYSpBrHqloDkjMDORyL7vHp8tCloK_rT_6I4OA4EY19edP5rFzXcDxs3_bvd6rAbKq0BqhoPk7exiwoF-z98H5LJH5jJbe4dDOjffY9Bj9w3g5kWvPrs5PpMeAdY4Rap08W1RrijQW_Ta"
"St. Johns River - Shands Bridge (20030157)","StJohns",2023-05-24,"SJRWMD","No","mixed algae; no dominant species in sample","No","No",,,,,,,,,,,"Anatoxin-a: not detected; Cylindrospermopsin: not detected; Nodularin-R: not detected; Saxitoxins: not detected","Overcast, scattered storms",2023-05-24 14:16:00,29.98163056,-81.62213889,0.313,"https://services1.arcgis.com/nRHtyn3uE1kyzoYc/ArcGIS/rest/services/service_c1026ff3b55f468d9f2edd834cb807f8/FeatureServer/0/7000/attachments/3885?token=esFGg2N_4QUkCtU1tiMztDW4hm2M0GdusSqnOkviQULZsKWy6cHlYSpBrHqloDkjMDORyL7vHp8tCloK_rT_6I4OA4EY19edP5rFzXcDxs3_bvd6rAbKq0BqhoPk7exiwoF-z98H5LJH5jJbe4dDOjffY9Bj9w3g5kWvPrs5PpMeAdY4Rap08W1RrijQW_Ta"
"Lake Jesup - Center (OW-CTR)","Seminole",2023-05-24,"SJRWMD","Yes","Dominant taxon: Microcystis aeruginosa","Yes","No",,,,,,,,,,,"Anatoxin-a: not detected; Cylindrospermopsin: not detected; Nodularin-R: not detected; Saxitoxins: not detected","Overcast / Cloudy",2023-05-24 14:08:00,28.7268,-81.2111,0.3,
"St Johns River - at Lake Monroe Park","Volusia",2023-05-24,"CEROC","No","mixed algae; no dominant species in sample","No","No",,,,,,,,,,,"Anatoxin-a: not detected; Cylindrospermopsin: not detected; Nodularin-R: not detected; Saxitoxins: not detected","80 and cloudy ",2023-05-24 13:51:00,28.8398323007359,-81.321908341783,0.3,"https://services1.arcgis.com/nRHtyn3uE1kyzoYc/ArcGIS/rest/services/service_c1026ff3b55f468d9f2edd834cb807f8/FeatureServer/0/7009/attachments/3912?token=esFGg2N_4QUkCtU1tiMztDW4hm2M0GdusSqnOkviQULZsKWy6cHlYSpBrHqloDkjMDORyL7vHp8tCloK_rT_6I4OA4EY19edP5rFzXcDxs3_bvd6rAbKq0BqhoPk7exiwoF-z98H5LJH5jJbe4dDOjffY9Bj9w3g5kWvPrs5PpMeAdY4Rap08W1RrijQW_Ta"
"Doctors Lake - Center (DTL)","Clay",2023-05-24,"SJRWMD","No","mixed algae; no dominant species in sample","No","Yes",0.29,"I (I qualifier indicates that the reported value is between the laboratory method detection limit and the laboratory practical quantitation limit.)",,,,,,,,,"Anatoxin-a: not detected; Cylindrospermopsin: not detected; Nodularin-R: not detected; Saxitoxins: not detected","Overcast, scattered storms",2023-05-24 13:26:00,30.13805556,-81.72722222,0.298,"https://services1.arcgis.com/nRHtyn3uE1kyzoYc/ArcGIS/rest/services/service_c1026ff3b55f468d9f2edd834cb807f8/FeatureServer/0/6999/attachments/3884?token=esFGg2N_4QUkCtU1tiMztDW4hm2M0GdusSqnOkviQULZsKWy6cHlYSpBrHqloDkjMDORyL7vHp8tCloK_rT_6I4OA4EY19edP5rFzXcDxs3_bvd6rAbKq0BqhoPk7exiwoF-z98H5LJH5jJbe4dDOjffY9Bj9w3g5kWvPrs5PpMeAdY4Rap08W1RrijQW_Ta"
"St. Johns River - Mandarin Point (MP72)","Duval",2023-05-24,"SJRWMD","No","mixed algae; no dominant species in sample","No","No",,,,,,,,,,,"Anatoxin-a: not detected; Cylindrospermopsin: not detected; Nodularin-R: not detected; Saxitoxins: not detected","Overcast, scattered storms",2023-05-24 13:04:00,30.15666667,-81.68388889,0.303,"https://services1.arcgis.com/nRHtyn3uE1kyzoYc/ArcGIS/rest/services/service_c1026ff3b55f468d9f2edd834cb807f8/FeatureServer/0/6998/attachments/3883?token=esFGg2N_4QUkCtU1tiMztDW4hm2M0GdusSqnOkviQULZsKWy6cHlYSpBrHqloDkjMDORyL7vHp8tCloK_rT_6I4OA4EY19edP5rFzXcDxs3_bvd6rAbKq0BqhoPk7exiwoF-z98H5LJH5jJbe4dDOjffY9Bj9w3g5kWvPrs5PpMeAdY4Rap08W1RrijQW_Ta"
"Rodman Reservoir Dam - East","Putnam",2023-05-23,"NEROC","Yes","mixed algae; no dominant species in sample","No","No",,,,,,,,,,,"Anatoxin-a: not detected; Cylindrospermopsin: not detected; Nodularin-R: not detected; Saxitoxins: not detected",,2023-05-23 14:15:00,29.5096024213485,-81.8034892755515,0.3,"https://services1.arcgis.com/nRHtyn3uE1kyzoYc/ArcGIS/rest/services/service_c1026ff3b55f468d9f2edd834cb807f8/FeatureServer/0/6991/attachments/3872?token=esFGg2N_4QUkCtU1tiMztDW4hm2M0GdusSqnOkviQULZsKWy6cHlYSpBrHqloDkjMDORyL7vHp8tCloK_rT_6I4OA4EY19edP5rFzXcDxs3_bvd6rAbKq0BqhoPk7exiwoF-z98H5LJH5jJbe4dDOjffY9Bj9w3g5kWvPrs5PpMeAdY4Rap08W1RrijQW_Ta"
"Ocklawaha River - 0.75 miles upstream of St. Johns River","Putnam",2023-05-23,"SJRWMD","Yes","mixed algae; no dominant species in sample","No","No",,,,,,,,,,,"Anatoxin-a: not detected; Cylindrospermopsin: not detected; Nodularin-R: not detected; Saxitoxins: not detected","Partly cloudy, humid, bloom odor prevalent",2023-05-23 13:41:00,29.475492,-81.6980807,0.308,"https://services1.arcgis.com/nRHtyn3uE1kyzoYc/ArcGIS/rest/services/service_c1026ff3b55f468d9f2edd834cb807f8/FeatureServer/0/6993/attachments/3876?token=esFGg2N_4QUkCtU1tiMztDW4hm2M0GdusSqnOkviQULZsKWy6cHlYSpBrHqloDkjMDORyL7vHp8tCloK_rT_6I4OA4EY19edP5rFzXcDxs3_bvd6rAbKq0BqhoPk7exiwoF-z98H5LJH5jJbe4dDOjffY9Bj9w3g5kWvPrs5PpMeAdY4Rap08W1RrijQW_Ta"
"Lake George - Center (LEO)","Volusia",2023-05-23,"SJRWMD","No","Dominant taxon: Microcystis aeruginosa","Yes","No",,,,,,,,,,,"Anatoxin-a: not detected; Cylindrospermopsin: not detected; Nodularin-R: not detected; Saxitoxins: not detected","Cloudy",2023-05-23 12:56:00,29.30830556,-81.60638889,0.331,"https://services1.arcgis.com/nRHtyn3uE1kyzoYc/ArcGIS/rest/services/service_c1026ff3b55f468d9f2edd834cb807f8/FeatureServer/0/6992/attachments/3875?token=esFGg2N_4QUkCtU1tiMztDW4hm2M0GdusSqnOkviQULZsKWy6cHlYSpBrHqloDkjMDORyL7vHp8tCloK_rT_6I4OA4EY19edP5rFzXcDxs3_bvd6rAbKq0BqhoPk7exiwoF-z98H5LJH5jJbe4dDOjffY9Bj9w3g5kWvPrs5PpMeAdY4Rap08W1RrijQW_Ta"
"Blue Cypress Lake - Center (BCL)","IndianRiver",2023-05-23,"SJRWMD","No","mixed algae; no dominant species in sample","No","No",,,,,,,,,,,"Anatoxin-a: not detected; Cylindrospermopsin: not detected; Nodularin-R: not detected; Saxitoxins: not detected",,2023-05-23 12:44:00,27.7266,-80.7536,0.297,"https://services1.arcgis.com/nRHtyn3uE1kyzoYc/ArcGIS/rest/services/service_c1026ff3b55f468d9f2edd834cb807f8/FeatureServer/0/6994/attachments/3878?token=esFGg2N_4QUkCtU1tiMztDW4hm2M0GdusSqnOkviQULZsKWy6cHlYSpBrHqloDkjMDORyL7vHp8tCloK_rT_6I4OA4EY19edP5rFzXcDxs3_bvd6rAbKq0BqhoPk7exiwoF-z98H5LJH5jJbe4dDOjffY9Bj9w3g5kWvPrs5PpMeAdY4Rap08W1RrijQW_Ta"
"Stick Marsh - North (STKM)","IndianRiver",2023-05-23,"SJRWMD","No","mixed algae; no dominant species in sample","No","No",,,,,,,,,,,"Anatoxin-a: not detected; Cylindrospermopsin: not detected; Nodularin-R: not detected; Saxitoxins: not detected","HAB routine sample no bloom observed",2023-05-23 12:27:00,27.81065,-80.724854,0.298,"https://services1.arcgis.com/nRHtyn3uE1kyzoYc/ArcGIS/rest/services/service_c1026ff3b55f468d9f2edd834cb807f8/FeatureServer/0/6995/attachments/3880?token=esFGg2N_4QUkCtU1tiMztDW4hm2M0GdusSqnOkviQULZsKWy6cHlYSpBrHqloDkjMDORyL7vHp8tCloK_rT_6I4OA4EY19edP5rFzXcDxs3_bvd6rAbKq0BqhoPk7exiwoF-z98H5LJH5jJbe4dDOjffY9Bj9w3g5kWvPrs5PpMeAdY4Rap08W1RrijQW_Ta"
"Lake Rowena - near NE corner","Orange",2023-05-18,"CEROC","Yes","Dominant taxon: Microcystis aeruginosa","Yes","Yes",3.3,"I (I qualifier indicates that the reported value is between the laboratory method detection limit and the laboratory practical quantitation limit.)",,,,,,,,,"Anatoxin-a: not detected; Cylindrospermopsin: not detected; Nodularin-R: not detected; Saxitoxins: not detected","Sunny. Water green with visible algae specks throughout water column ",2023-05-18 16:55:00,28.5726317058143,-81.3583443997106,0.25,"https://services1.arcgis.com/nRHtyn3uE1kyzoYc/ArcGIS/rest/services/service_c1026ff3b55f468d9f2edd834cb807f8/FeatureServer/0/6980/attachments/3853?token=esFGg2N_4QUkCtU1tiMztDW4hm2M0GdusSqnOkviQULZsKWy6cHlYSpBrHqloDkjMDORyL7vHp8tCloK_rT_6I4OA4EY19edP5rFzXcDxs3_bvd6rAbKq0BqhoPk7exiwoF-z98H5LJH5jJbe4dDOjffY9Bj9w3g5kWvPrs5PpMeAdY4Rap08W1RrijQW_Ta"
"Sunset Lake - W Shore","Orange",2023-05-18,"CEROC","Yes","mixed algae; no dominant species in sample","No","No",,,,,,,,,,,"Anatoxin-a: not detected; Cylindrospermopsin: not detected; Nodularin-R: not detected; Saxitoxins: not detected","Sunny. Algal mat still present along shoreline ",2023-05-18 16:22:00,28.5366808224013,-81.4130315232984,0.15,"https://services1.arcgis.com/nRHtyn3uE1kyzoYc/ArcGIS/rest/services/service_c1026ff3b55f468d9f2edd834cb807f8/FeatureServer/0/6979/attachments/3850?token=esFGg2N_4QUkCtU1tiMztDW4hm2M0GdusSqnOkviQULZsKWy6cHlYSpBrHqloDkjMDORyL7vHp8tCloK_rT_6I4OA4EY19edP5rFzXcDxs3_bvd6rAbKq0BqhoPk7exiwoF-z98H5LJH5jJbe4dDOjffY9Bj9w3g5kWvPrs5PpMeAdY4Rap08W1RrijQW_Ta"
"Lake Osceola - Canton Ave","Orange",2023-05-18,"CEROC","No","Dominant taxon: Microcystis aeruginosa","Yes","No",,,,,,,,,,,"Anatoxin-a: not detected; Cylindrospermopsin: not detected; Nodularin-R: not detected; Saxitoxins: not detected","Sunny",2023-05-18 15:01:00,28.6005614615013,-81.3471633791303,0.3,"https://services1.arcgis.com/nRHtyn3uE1kyzoYc/ArcGIS/rest/services/service_c1026ff3b55f468d9f2edd834cb807f8/FeatureServer/0/6978/attachments/3848?token=esFGg2N_4QUkCtU1tiMztDW4hm2M0GdusSqnOkviQULZsKWy6cHlYSpBrHqloDkjMDORyL7vHp8tCloK_rT_6I4OA4EY19edP5rFzXcDxs3_bvd6rAbKq0BqhoPk7exiwoF-z98H5LJH5jJbe4dDOjffY9Bj9w3g5kWvPrs5PpMeAdY4Rap08W1RrijQW_Ta"
"Park Lake - W Shore","Orange",2023-05-18,"CEROC","Yes","mixed algae; no dominant species in sample","No","Yes",0.23,"I (I qualifier indicates that the reported value is between the laboratory method detection limit and the laboratory practical quantitation limit.)",,,,,,,,,"Anatoxin-a: not detected; Cylindrospermopsin: not detected; Nodularin-R: not detected; Saxitoxins: not detected","80 and sunny",2023-05-18 14:50:00,28.5544685042862,-81.3734717555529,0.3,"https://services1.arcgis.com/nRHtyn3uE1kyzoYc/ArcGIS/rest/services/service_c1026ff3b55f468d9f2edd834cb807f8/FeatureServer/0/6975/attachments/3839?token=esFGg2N_4QUkCtU1tiMztDW4hm2M0GdusSqnOkviQULZsKWy6cHlYSpBrHqloDkjMDORyL7vHp8tCloK_rT_6I4OA4EY19edP5rFzXcDxs3_bvd6rAbKq0BqhoPk7exiwoF-z98H5LJH5jJbe4dDOjffY9Bj9w3g5kWvPrs5PpMeAdY4Rap08W1RrijQW_Ta"
"Lake Virginia - Dinky Dock","Orange",2023-05-18,"CEROC","Yes","Dominant taxon: Microcystis aeruginosa","Yes","Yes",,,0.18,"I (I qualifier indicates that the reported value is between the laboratory method detection limit and the laboratory practical quantitation limit.)",,,,,,,"Anatoxin-a: not detected; Cylindrospermopsin: 0.18 I (I qualifier indicates that the reported value is between the laboratory method detection limit and the laboratory practical quantitation limit.); Nodularin-R: not detected; Saxitoxins: not detected","Sunny. Water very green ",2023-05-18 14:35:00,28.5937849322321,-81.3444814299402,0.25,"https://services1.arcgis.com/nRHtyn3uE1kyzoYc/ArcGIS/rest/services/service_c1026ff3b55f468d9f2edd834cb807f8/FeatureServer/0/6977/attachments/3845?token=esFGg2N_4QUkCtU1tiMztDW4hm2M0GdusSqnOkviQULZsKWy6cHlYSpBrHqloDkjMDORyL7vHp8tCloK_rT_6I4OA4EY19edP5rFzXcDxs3_bvd6rAbKq0BqhoPk7exiwoF-z98H5LJH5jJbe4dDOjffY9Bj9w3g5kWvPrs5PpMeAdY4Rap08W1RrijQW_Ta"
"Lake Minnehaha - E Dock","Orange",2023-05-18,"CEROC","No","Dominant taxon: Microcystis aeruginosa","Yes","Yes",,,0.14,"I (I qualifier indicates that the reported value is between the laboratory method detection limit and the laboratory practical quantitation limit.)",,,,,,,"Anatoxin-a: not detected; Cylindrospermopsin: 0.14 I (I qualifier indicates that the reported value is between the laboratory method detection limit and the laboratory practical quantitation limit.); Nodularin-R: not detected; Saxitoxins: not detected","Water level low exposing some normally submerged plants. Dense vegetation (submerged- Hydrilla & Vallisneria)(floating- Lemna, Azolla, & Salvinia). Aquatic plant seeds/pollen also accumulating on surface at boat ramp. Filamentous algae at stormwater input",2023-05-18 13:52:00,28.6320473264124,-81.3516982566973,0.25,"https://services1.arcgis.com/nRHtyn3uE1kyzoYc/ArcGIS/rest/services/service_c1026ff3b55f468d9f2edd834cb807f8/FeatureServer/0/6976/attachments/3842?token=esFGg2N_4QUkCtU1tiMztDW4hm2M0GdusSqnOkviQULZsKWy6cHlYSpBrHqloDkjMDORyL7vHp8tCloK_rT_6I4OA4EY19edP5rFzXcDxs3_bvd6rAbKq0BqhoPk7exiwoF-z98H5LJH5jJbe4dDOjffY9Bj9w3g5kWvPrs5PpMeAdY4Rap08W1RrijQW_Ta"
"Georges Lake - Boat Ramp","Putnam",2023-05-17,"NEROC","Yes","Co-dominant taxa were: Microcystis aeruginosa and Microcystis wesenbergii","Yes","Yes",0.81,"I (I qualifier indicates that the reported value is between the laboratory method detection limit and the laboratory practical quantitation limit.)",,,,,,,,,"Anatoxin-a: not detected; Cylindrospermopsin: not detected; Nodularin-R: not detected; Saxitoxins: not detected","Strong wind with some vegetation barrier by boat ramp sample location.",2023-05-17 16:05:00,29.8022244998844,-81.8454766835785,0.3,"https://services1.arcgis.com/nRHtyn3uE1kyzoYc/ArcGIS/rest/services/service_c1026ff3b55f468d9f2edd834cb807f8/FeatureServer/0/6953/attachments/3814?token=esFGg2N_4QUkCtU1tiMztDW4hm2M0GdusSqnOkviQULZsKWy6cHlYSpBrHqloDkjMDORyL7vHp8tCloK_rT_6I4OA4EY19edP5rFzXcDxs3_bvd6rAbKq0BqhoPk7exiwoF-z98H5LJH5jJbe4dDOjffY9Bj9w3g5kWvPrs5PpMeAdY4Rap08W1RrijQW_Ta"
"Georges Lake - Center","Putnam",2023-05-17,"NEROC","Yes","Dominant taxon: Microcystis wesenbergii","Yes","Yes",0.68,"I (I qualifier indicates that the reported value is between the laboratory method detection limit and the laboratory practical quantitation limit.)",,,,,,,,,"Anatoxin-a: not detected; Cylindrospermopsin: not detected; Nodularin-R: not detected; Saxitoxins: not detected","Strong wind blowing West to East at sample site location.",2023-05-17 15:50:00,29.7933082121295,-81.8483025045952,0.3,"https://services1.arcgis.com/nRHtyn3uE1kyzoYc/ArcGIS/rest/services/service_c1026ff3b55f468d9f2edd834cb807f8/FeatureServer/0/6950/attachments/3810?token=esFGg2N_4QUkCtU1tiMztDW4hm2M0GdusSqnOkviQULZsKWy6cHlYSpBrHqloDkjMDORyL7vHp8tCloK_rT_6I4OA4EY19edP5rFzXcDxs3_bvd6rAbKq0BqhoPk7exiwoF-z98H5LJH5jJbe4dDOjffY9Bj9w3g5kWvPrs5PpMeAdY4Rap08W1RrijQW_Ta"
"St. Johns River - Buzzard Island","Putnam",2023-05-17,"NEROC","Yes","Dominant taxon: Cylindrospermopsis raciborskii","Yes","No",,,,,,,,,,,"Anatoxin-a: not detected; Cylindrospermopsin: not detected; Nodularin-R: not detected; Saxitoxins: not detected","There were gusts of wind blowing southwest to northeast at sample site location; gusts stronger on boat dock.",2023-05-17 14:25:00,29.6028471074711,-81.5981793734957,0.3,"https://services1.arcgis.com/nRHtyn3uE1kyzoYc/ArcGIS/rest/services/service_c1026ff3b55f468d9f2edd834cb807f8/FeatureServer/0/6949/attachments/3807?token=esFGg2N_4QUkCtU1tiMztDW4hm2M0GdusSqnOkviQULZsKWy6cHlYSpBrHqloDkjMDORyL7vHp8tCloK_rT_6I4OA4EY19edP5rFzXcDxs3_bvd6rAbKq0BqhoPk7exiwoF-z98H5LJH5jJbe4dDOjffY9Bj9w3g5kWvPrs5PpMeAdY4Rap08W1RrijQW_Ta"
"Lake Washington - Center (LWC)","Brevard",2023-05-16,"SJRWMD","No","mixed algae; no dominant species in sample","No","No",,,,,,,,,,,"Anatoxin-a: not detected; Cylindrospermopsin: not detected; Nodularin-R: not detected; Saxitoxins: not detected","HAB routine sample no bloom observed 0-clear",2023-05-16 12:53:00,28.142439,-80.746111,0.296,"https://services1.arcgis.com/nRHtyn3uE1kyzoYc/ArcGIS/rest/services/service_c1026ff3b55f468d9f2edd834cb807f8/FeatureServer/0/6929/attachments/3795?token=esFGg2N_4QUkCtU1tiMztDW4hm2M0GdusSqnOkviQULZsKWy6cHlYSpBrHqloDkjMDORyL7vHp8tCloK_rT_6I4OA4EY19edP5rFzXcDxs3_bvd6rAbKq0BqhoPk7exiwoF-z98H5LJH5jJbe4dDOjffY9Bj9w3g5kWvPrs5PpMeAdY4Rap08W1RrijQW_Ta"
"Caywood Pond - SW Dock","Orange",2023-05-15,"CEROC","Yes","Dominant taxon: Microcystis aeruginosa","Yes","Yes",1.2,,,,,,,,,,"Anatoxin-a: not detected; Cylindrospermopsin: not detected; Nodularin-R: not detected; Saxitoxins: not detected","Windy sunny 80s",2023-05-15 17:58:00,28.4886591930315,-81.5907189886773,0.3,"https://services1.arcgis.com/nRHtyn3uE1kyzoYc/ArcGIS/rest/services/service_c1026ff3b55f468d9f2edd834cb807f8/FeatureServer/0/6918/attachments/3773?token=esFGg2N_4QUkCtU1tiMztDW4hm2M0GdusSqnOkviQULZsKWy6cHlYSpBrHqloDkjMDORyL7vHp8tCloK_rT_6I4OA4EY19edP5rFzXcDxs3_bvd6rAbKq0BqhoPk7exiwoF-z98H5LJH5jJbe4dDOjffY9Bj9w3g5kWvPrs5PpMeAdY4Rap08W1RrijQW_Ta"
"Lake Martha - NE Shore","Orange",2023-05-11,"CEROC","Yes","mixed algae; no dominant species in sample","No","No",,,,,,,,,,,"Anatoxin-a: not detected; Cylindrospermopsin: not detected; Nodularin-R: not detected; Saxitoxins: not detected","Sunny. Algae specks observed in water column but good clarity. Vallisneria currently blooming ",2023-05-11 14:40:00,28.6096152774154,-81.2724784670858,0.3,"https://services1.arcgis.com/nRHtyn3uE1kyzoYc/ArcGIS/rest/services/service_c1026ff3b55f468d9f2edd834cb807f8/FeatureServer/0/6916/attachments/3767?token=esFGg2N_4QUkCtU1tiMztDW4hm2M0GdusSqnOkviQULZsKWy6cHlYSpBrHqloDkjMDORyL7vHp8tCloK_rT_6I4OA4EY19edP5rFzXcDxs3_bvd6rAbKq0BqhoPk7exiwoF-z98H5LJH5jJbe4dDOjffY9Bj9w3g5kWvPrs5PpMeAdY4Rap08W1RrijQW_Ta"
"Lake Burkett - Center","Orange",2023-05-11,"CEROC","Yes","mixed algae; no dominant species in sample","No","No",,,,,,,,,,,"Anatoxin-a: not detected; Cylindrospermopsin: not detected; Nodularin-R: not detected; Saxitoxins: not detected","Sunny. Algae specks observed in water column but good clarity. Vallisneria currently blooming ",2023-05-11 14:26:00,28.6101912413111,-81.2685991880243,0.3,"https://services1.arcgis.com/nRHtyn3uE1kyzoYc/ArcGIS/rest/services/service_c1026ff3b55f468d9f2edd834cb807f8/FeatureServer/0/6917/attachments/3770?token=esFGg2N_4QUkCtU1tiMztDW4hm2M0GdusSqnOkviQULZsKWy6cHlYSpBrHqloDkjMDORyL7vHp8tCloK_rT_6I4OA4EY19edP5rFzXcDxs3_bvd6rAbKq0BqhoPk7exiwoF-z98H5LJH5jJbe4dDOjffY9Bj9w3g5kWvPrs5PpMeAdY4Rap08W1RrijQW_Ta"
"Crescent Lake - mouth of Dunns Creek (CRESLM)","Putnam",2023-05-11,"SJRWMD","Yes","Dominant taxon: Microcystis aeruginosa","Yes","No",,,,,,,,,,,"Anatoxin-a: not detected; Cylindrospermopsin: not detected; Nodularin-R: not detected; Saxitoxins: not detected",,2023-05-11 13:36:00,29.52955556,-81.55372222,0.307,"https://services1.arcgis.com/nRHtyn3uE1kyzoYc/ArcGIS/rest/services/service_c1026ff3b55f468d9f2edd834cb807f8/FeatureServer/0/6915/attachments/3766?token=esFGg2N_4QUkCtU1tiMztDW4hm2M0GdusSqnOkviQULZsKWy6cHlYSpBrHqloDkjMDORyL7vHp8tCloK_rT_6I4OA4EY19edP5rFzXcDxs3_bvd6rAbKq0BqhoPk7exiwoF-z98H5LJH5jJbe4dDOjffY9Bj9w3g5kWvPrs5PpMeAdY4Rap08W1RrijQW_Ta"
"Blue Cypress Lake - Center (BCL)","IndianRiver",2023-05-10,"SJRWMD","No","not received",,"No",,,,,,,,,,,"Anatoxin-a: not detected; Cylindrospermopsin: not detected; Nodularin-R: not detected; Saxitoxins: not detected",,2023-05-10 17:03:00,27.7266,-80.7536,0.31,"https://services1.arcgis.com/nRHtyn3uE1kyzoYc/ArcGIS/rest/services/service_c1026ff3b55f468d9f2edd834cb807f8/FeatureServer/0/6913/attachments/3762?token=esFGg2N_4QUkCtU1tiMztDW4hm2M0GdusSqnOkviQULZsKWy6cHlYSpBrHqloDkjMDORyL7vHp8tCloK_rT_6I4OA4EY19edP5rFzXcDxs3_bvd6rAbKq0BqhoPk7exiwoF-z98H5LJH5jJbe4dDOjffY9Bj9w3g5kWvPrs5PpMeAdY4Rap08W1RrijQW_Ta"
"Lake Monroe - Center (LMAC)","Volusia",2023-05-10,"SJRWMD","No","mixed algae; no dominant species in sample","No","No",,,,,,,,,,,"Anatoxin-a: not detected; Cylindrospermopsin: not detected; Nodularin-R: not detected; Saxitoxins: not detected",,2023-05-10 16:43:00,28.83496,-81.27091,0.3,
"St. Johns River - at Racy Point","Putnam",2023-05-10,"SJRWMD","No","mixed algae; no dominant species in sample","No","No",,,,,,,,,,,"Anatoxin-a: not detected; Cylindrospermopsin: not detected; Nodularin-R: not detected; Saxitoxins: not detected","Partly cloudy, hotme",2023-05-10 16:37:00,29.79985671,-81.54853525,0.304,"https://services1.arcgis.com/nRHtyn3uE1kyzoYc/ArcGIS/rest/services/service_c1026ff3b55f468d9f2edd834cb807f8/FeatureServer/0/6906/attachments/3759?token=esFGg2N_4QUkCtU1tiMztDW4hm2M0GdusSqnOkviQULZsKWy6cHlYSpBrHqloDkjMDORyL7vHp8tCloK_rT_6I4OA4EY19edP5rFzXcDxs3_bvd6rAbKq0BqhoPk7exiwoF-z98H5LJH5jJbe4dDOjffY9Bj9w3g5kWvPrs5PpMeAdY4Rap08W1RrijQW_Ta"
"Lake Marian - Boat Ramp","Osceola",2023-05-10,"SEROC","Yes","mixed algae; no dominant species in sample","No","Yes",3.3,"I (I qualifier indicates that the reported value is between the laboratory method detection limit and the laboratory practical quantitation limit.)",,,,,,,,,"Anatoxin-a: not detected; Cylindrospermopsin: not detected; Nodularin-R: not detected; Saxitoxins: not detected","Partly cloudy 80s",2023-05-10 15:50:00,27.8727361053954,-81.0518510049184,0.3,"https://services1.arcgis.com/nRHtyn3uE1kyzoYc/ArcGIS/rest/services/service_c1026ff3b55f468d9f2edd834cb807f8/FeatureServer/0/6903/attachments/3753?token=esFGg2N_4QUkCtU1tiMztDW4hm2M0GdusSqnOkviQULZsKWy6cHlYSpBrHqloDkjMDORyL7vHp8tCloK_rT_6I4OA4EY19edP5rFzXcDxs3_bvd6rAbKq0BqhoPk7exiwoF-z98H5LJH5jJbe4dDOjffY9Bj9w3g5kWvPrs5PpMeAdY4Rap08W1RrijQW_Ta"
"Stick Marsh - North (STKM)","IndianRiver",2023-05-10,"SJRWMD","No","mixed algae; no dominant species in sample","No","No",,,,,,,,,,,"Anatoxin-a: not detected; Cylindrospermopsin: not detected; Nodularin-R: not detected; Saxitoxins: not detected",,2023-05-10 15:04:00,27.81065,-80.724854,0.3,"https://services1.arcgis.com/nRHtyn3uE1kyzoYc/ArcGIS/rest/services/service_c1026ff3b55f468d9f2edd834cb807f8/FeatureServer/0/6912/attachments/3761?token=esFGg2N_4QUkCtU1tiMztDW4hm2M0GdusSqnOkviQULZsKWy6cHlYSpBrHqloDkjMDORyL7vHp8tCloK_rT_6I4OA4EY19edP5rFzXcDxs3_bvd6rAbKq0BqhoPk7exiwoF-z98H5LJH5jJbe4dDOjffY9Bj9w3g5kWvPrs5PpMeAdY4Rap08W1RrijQW_Ta"
"Lake Jesup - Center (OW-CTR)","Seminole",2023-05-10,"SJRWMD","Yes","Dominant taxon: Microcystis aeruginosa","Yes","Yes",0.11,"I (I qualifier indicates that the reported value is between the laboratory method detection limit and the laboratory practical quantitation limit.)",0.13,"I (I qualifier indicates that the reported value is between the laboratory method detection limit and the laboratory practical quantitation limit.)",,,,,,,"Anatoxin-a: not detected; Cylindrospermopsin: 0.13 I (I qualifier indicates that the reported value is between the laboratory method detection limit and the laboratory practical quantitation limit.); Nodularin-R: not detected; Saxitoxins: not detected",,2023-05-10 14:21:00,28.7268,-81.2111,0.3,
"St. Johns River - south of Croaker Hole","Putnam",2023-05-10,"SJRWMD","Yes","mixed algae; no dominant species in sample","No","No",,,,,,,,,,,"Anatoxin-a: not detected; Cylindrospermopsin: not detected; Nodularin-R: not detected; Saxitoxins: not detected","Sunny, cloudy",2023-05-10 13:42:00,29.43731776,-81.686254,0.297,"https://services1.arcgis.com/nRHtyn3uE1kyzoYc/ArcGIS/rest/services/service_c1026ff3b55f468d9f2edd834cb807f8/FeatureServer/0/6905/attachments/3758?token=esFGg2N_4QUkCtU1tiMztDW4hm2M0GdusSqnOkviQULZsKWy6cHlYSpBrHqloDkjMDORyL7vHp8tCloK_rT_6I4OA4EY19edP5rFzXcDxs3_bvd6rAbKq0BqhoPk7exiwoF-z98H5LJH5jJbe4dDOjffY9Bj9w3g5kWvPrs5PpMeAdY4Rap08W1RrijQW_Ta"
"Lake George - Center (LEO)","Volusia",2023-05-10,"SJRWMD","Yes","Dominant taxon: Dolichospermum sp.","Yes","No",,,,,,,,,,,"Anatoxin-a: not detected; Cylindrospermopsin: not detected; Nodularin-R: not detected; Saxitoxins: not detected","Overcast, foggy",2023-05-10 12:54:00,29.30830556,-81.60638889,0.296,"https://services1.arcgis.com/nRHtyn3uE1kyzoYc/ArcGIS/rest/services/service_c1026ff3b55f468d9f2edd834cb807f8/FeatureServer/0/6904/attachments/3756?token=esFGg2N_4QUkCtU1tiMztDW4hm2M0GdusSqnOkviQULZsKWy6cHlYSpBrHqloDkjMDORyL7vHp8tCloK_rT_6I4OA4EY19edP5rFzXcDxs3_bvd6rAbKq0BqhoPk7exiwoF-z98H5LJH5jJbe4dDOjffY9Bj9w3g5kWvPrs5PpMeAdY4Rap08W1RrijQW_Ta"
"Lake Ola - NE Shore","Orange",2023-05-09,"CEROC","No","mixed algae; no dominant species in sample","No","No",,,,,,,,,,,"Anatoxin-a: not detected; Cylindrospermopsin: not detected; Nodularin-R: not detected; Saxitoxins: not detected","Sunny",2023-05-09 17:26:00,28.7552367492264,-81.6260820049437,0.3,"https://services1.arcgis.com/nRHtyn3uE1kyzoYc/ArcGIS/rest/services/service_c1026ff3b55f468d9f2edd834cb807f8/FeatureServer/0/6901/attachments/3748?token=esFGg2N_4QUkCtU1tiMztDW4hm2M0GdusSqnOkviQULZsKWy6cHlYSpBrHqloDkjMDORyL7vHp8tCloK_rT_6I4OA4EY19edP5rFzXcDxs3_bvd6rAbKq0BqhoPk7exiwoF-z98H5LJH5jJbe4dDOjffY9Bj9w3g5kWvPrs5PpMeAdY4Rap08W1RrijQW_Ta"
"St. Johns River - Shands Bridge (20030157)","StJohns",2023-05-09,"SJRWMD","No","mixed algae; no dominant species in sample","No","No",,,,,,,,,,,"Anatoxin-a: not detected; Cylindrospermopsin: not detected; Nodularin-R: not detected; Saxitoxins: not detected","Partly cloudy",2023-05-09 15:16:00,29.98163056,-81.62213889,0.29,"https://services1.arcgis.com/nRHtyn3uE1kyzoYc/ArcGIS/rest/services/service_c1026ff3b55f468d9f2edd834cb807f8/FeatureServer/0/6900/attachments/3747?token=esFGg2N_4QUkCtU1tiMztDW4hm2M0GdusSqnOkviQULZsKWy6cHlYSpBrHqloDkjMDORyL7vHp8tCloK_rT_6I4OA4EY19edP5rFzXcDxs3_bvd6rAbKq0BqhoPk7exiwoF-z98H5LJH5jJbe4dDOjffY9Bj9w3g5kWvPrs5PpMeAdY4Rap08W1RrijQW_Ta"
"Doctors Lake - Center (DTL)","Clay",2023-05-09,"SJRWMD","No","mixed algae; no dominant species in sample","No","No",,,,,,,,,,,"Anatoxin-a: not detected; Cylindrospermopsin: not detected; Nodularin-R: not detected; Saxitoxins: not detected","Partly cloudy",2023-05-09 14:01:00,30.13805556,-81.72722222,0.339,"https://services1.arcgis.com/nRHtyn3uE1kyzoYc/ArcGIS/rest/services/service_c1026ff3b55f468d9f2edd834cb807f8/FeatureServer/0/6899/attachments/3746?token=esFGg2N_4QUkCtU1tiMztDW4hm2M0GdusSqnOkviQULZsKWy6cHlYSpBrHqloDkjMDORyL7vHp8tCloK_rT_6I4OA4EY19edP5rFzXcDxs3_bvd6rAbKq0BqhoPk7exiwoF-z98H5LJH5jJbe4dDOjffY9Bj9w3g5kWvPrs5PpMeAdY4Rap08W1RrijQW_Ta"
"St. Johns River - Mandarin Point (MP72)","Duval",2023-05-09,"SJRWMD","No","mixed algae; no dominant species in sample","No","No",,,,,,,,,,,"Anatoxin-a: not detected; Cylindrospermopsin: not detected; Nodularin-R: not detected; Saxitoxins: not detected","Partly cloudy, cool",2023-05-09 13:34:00,30.15666667,-81.68388889,0.302,"https://services1.arcgis.com/nRHtyn3uE1kyzoYc/ArcGIS/rest/services/service_c1026ff3b55f468d9f2edd834cb807f8/FeatureServer/0/6898/attachments/3745?token=esFGg2N_4QUkCtU1tiMztDW4hm2M0GdusSqnOkviQULZsKWy6cHlYSpBrHqloDkjMDORyL7vHp8tCloK_rT_6I4OA4EY19edP5rFzXcDxs3_bvd6rAbKq0BqhoPk7exiwoF-z98H5LJH5jJbe4dDOjffY9Bj9w3g5kWvPrs5PpMeAdY4Rap08W1RrijQW_Ta"
"Newnans Lake - Center","Alachua",2023-05-08,"SJRWMD","Yes","Co-dominant taxa were: Microcystis aeruginosa and Microcystis wesenbergii","Yes","Yes",0.69,"I (I qualifier indicates that the reported value is between the laboratory method detection limit and the laboratory practical quantitation limit.)",,,,,,,,,"Anatoxin-a: not detected; Cylindrospermopsin: not detected; Nodularin-R: not detected; Saxitoxins: not detected",,2023-05-08 16:43:00,29.64467772,-82.21914119,0.302,"https://services1.arcgis.com/nRHtyn3uE1kyzoYc/ArcGIS/rest/services/service_c1026ff3b55f468d9f2edd834cb807f8/FeatureServer/0/6894/attachments/3741?token=esFGg2N_4QUkCtU1tiMztDW4hm2M0GdusSqnOkviQULZsKWy6cHlYSpBrHqloDkjMDORyL7vHp8tCloK_rT_6I4OA4EY19edP5rFzXcDxs3_bvd6rAbKq0BqhoPk7exiwoF-z98H5LJH5jJbe4dDOjffY9Bj9w3g5kWvPrs5PpMeAdY4Rap08W1RrijQW_Ta"
"Lake Sue - Fawsett Ramp","Orange",2023-05-08,"CEROC","Yes","Dominant taxon: Microcystis aeruginosa","Yes","Yes",0.39,"I (I qualifier indicates that the reported value is between the laboratory method detection limit and the laboratory practical quantitation limit.)",,,,,,,,,"Anatoxin-a: not detected; Cylindrospermopsin: not detected; Nodularin-R: not detected; Saxitoxins: not detected","Sunny. Filamentous algae still accumulating along shoreline surface. Some algae specks visible in water column. Recent herbicide use along shoreline. ",2023-05-08 16:34:00,28.5791025213505,-81.3519538174069,0.2,"https://services1.arcgis.com/nRHtyn3uE1kyzoYc/ArcGIS/rest/services/service_c1026ff3b55f468d9f2edd834cb807f8/FeatureServer/0/6889/attachments/3730?token=esFGg2N_4QUkCtU1tiMztDW4hm2M0GdusSqnOkviQULZsKWy6cHlYSpBrHqloDkjMDORyL7vHp8tCloK_rT_6I4OA4EY19edP5rFzXcDxs3_bvd6rAbKq0BqhoPk7exiwoF-z98H5LJH5jJbe4dDOjffY9Bj9w3g5kWvPrs5PpMeAdY4Rap08W1RrijQW_Ta"
"Lochloosa Lake - Center","Alachua",2023-05-08,"SJRWMD","Yes","Dominant taxon: Microcystis aeruginosa","Yes","Yes",0.51,"I (I qualifier indicates that the reported value is between the laboratory method detection limit and the laboratory practical quantitation limit.)",,,,,,,,,"Anatoxin-a: not detected; Cylindrospermopsin: not detected; Nodularin-R: not detected; Saxitoxins: not detected",,2023-05-08 15:45:00,29.51611218,-82.12003123,0.298,"https://services1.arcgis.com/nRHtyn3uE1kyzoYc/ArcGIS/rest/services/service_c1026ff3b55f468d9f2edd834cb807f8/FeatureServer/0/6893/attachments/3740?token=esFGg2N_4QUkCtU1tiMztDW4hm2M0GdusSqnOkviQULZsKWy6cHlYSpBrHqloDkjMDORyL7vHp8tCloK_rT_6I4OA4EY19edP5rFzXcDxs3_bvd6rAbKq0BqhoPk7exiwoF-z98H5LJH5jJbe4dDOjffY9Bj9w3g5kWvPrs5PpMeAdY4Rap08W1RrijQW_Ta"
"Orange Lake - Center","Alachua",2023-05-08,"SJRWMD","Yes","Dominant taxon: Microcystis aeruginosa","Yes","Yes",,,,,0.25,"I (I qualifier indicates that the reported value is between the laboratory method detection limit and the laboratory practical quantitation limit.)",,,,,"Anatoxin-a: 0.25 I (I qualifier indicates that the reported value is between the laboratory method detection limit and the laboratory practical quantitation limit.); Cylindrospermopsin: not detected; Nodularin-R: not detected; Saxitoxins: not detected",,2023-05-08 14:47:00,29.46531137,-82.17754021,0.297,"https://services1.arcgis.com/nRHtyn3uE1kyzoYc/ArcGIS/rest/services/service_c1026ff3b55f468d9f2edd834cb807f8/FeatureServer/0/6892/attachments/3739?token=esFGg2N_4QUkCtU1tiMztDW4hm2M0GdusSqnOkviQULZsKWy6cHlYSpBrHqloDkjMDORyL7vHp8tCloK_rT_6I4OA4EY19edP5rFzXcDxs3_bvd6rAbKq0BqhoPk7exiwoF-z98H5LJH5jJbe4dDOjffY9Bj9w3g5kWvPrs5PpMeAdY4Rap08W1RrijQW_Ta"
"Lake Pearl - Woodside Village Ramp","Orange",2023-05-08,"CEROC","No","Dominant taxon: Microcystis aeruginosa","Yes","No",,,,,,,,,,,"Anatoxin-a: not detected; Cylindrospermopsin: not detected; Nodularin-R: not detected; Saxitoxins: not detected","Sunny ",2023-05-08 14:25:00,28.6017368285737,-81.2669394629596,0.3,"https://services1.arcgis.com/nRHtyn3uE1kyzoYc/ArcGIS/rest/services/service_c1026ff3b55f468d9f2edd834cb807f8/FeatureServer/0/6890/attachments/3733?token=esFGg2N_4QUkCtU1tiMztDW4hm2M0GdusSqnOkviQULZsKWy6cHlYSpBrHqloDkjMDORyL7vHp8tCloK_rT_6I4OA4EY19edP5rFzXcDxs3_bvd6rAbKq0BqhoPk7exiwoF-z98H5LJH5jJbe4dDOjffY9Bj9w3g5kWvPrs5PpMeAdY4Rap08W1RrijQW_Ta"
"Lake Rowena - near NE corner","Orange",2023-05-04,"CEROC","Yes","Dominant taxon: Microcystis aeruginosa","Yes","Yes",1.2,,,,,,,,,,"Anatoxin-a: not detected; Cylindrospermopsin: not detected; Nodularin-R: not detected; Saxitoxins: not detected","Sunny",2023-05-04 16:00:00,28.5726271036574,-81.3583617777614,0.3,"https://services1.arcgis.com/nRHtyn3uE1kyzoYc/ArcGIS/rest/services/service_c1026ff3b55f468d9f2edd834cb807f8/FeatureServer/0/6886/attachments/3728?token=esFGg2N_4QUkCtU1tiMztDW4hm2M0GdusSqnOkviQULZsKWy6cHlYSpBrHqloDkjMDORyL7vHp8tCloK_rT_6I4OA4EY19edP5rFzXcDxs3_bvd6rAbKq0BqhoPk7exiwoF-z98H5LJH5jJbe4dDOjffY9Bj9w3g5kWvPrs5PpMeAdY4Rap08W1RrijQW_Ta"
"Lake Estelle - NE lobe","Orange",2023-05-04,"CEROC","Yes","mixed algae; no dominant species in sample","No","No",,,,,,,,,,,"Anatoxin-a: not detected; Cylindrospermopsin: not detected; Nodularin-R: not detected; Saxitoxins: not detected","Sunny. Filamentous algae observed along shoreline with algae specks in water column. Lemna also observed along shoreline ",2023-05-04 15:42:00,28.57723070202,-81.3629373279186,0.15,"https://services1.arcgis.com/nRHtyn3uE1kyzoYc/ArcGIS/rest/services/service_c1026ff3b55f468d9f2edd834cb807f8/FeatureServer/0/6885/attachments/3726?token=esFGg2N_4QUkCtU1tiMztDW4hm2M0GdusSqnOkviQULZsKWy6cHlYSpBrHqloDkjMDORyL7vHp8tCloK_rT_6I4OA4EY19edP5rFzXcDxs3_bvd6rAbKq0BqhoPk7exiwoF-z98H5LJH5jJbe4dDOjffY9Bj9w3g5kWvPrs5PpMeAdY4Rap08W1RrijQW_Ta"
"Lake Formosa - SW Park","Orange",2023-05-04,"CEROC","No","Dominant taxon: Microcystis aeruginosa","Yes","No",,,,,,,,,,,"Anatoxin-a: not detected; Cylindrospermopsin: not detected; Nodularin-R: not detected; Saxitoxins: not detected","Sunny. No obvious bloom but filamentous algae accumulated along shoreline ",2023-05-04 14:58:00,28.5681013202587,-81.3713964539687,0.1,"https://services1.arcgis.com/nRHtyn3uE1kyzoYc/ArcGIS/rest/services/service_c1026ff3b55f468d9f2edd834cb807f8/FeatureServer/0/6884/attachments/3723?token=esFGg2N_4QUkCtU1tiMztDW4hm2M0GdusSqnOkviQULZsKWy6cHlYSpBrHqloDkjMDORyL7vHp8tCloK_rT_6I4OA4EY19edP5rFzXcDxs3_bvd6rAbKq0BqhoPk7exiwoF-z98H5LJH5jJbe4dDOjffY9Bj9w3g5kWvPrs5PpMeAdY4Rap08W1RrijQW_Ta"
"Caywood Pond - SW Dock","Orange",2023-05-04,"CEROC","Yes","Dominant taxon: Microcystis aeruginosa","Yes","Yes",1.6,,,,,,2.2,"I (I qualifier indicates that the reported value is between the laboratory method detection limit and the laboratory practical quantitation limit.)",,,"Anatoxin-a: not detected; Cylindrospermopsin: not detected; Nodularin-R: not detected; Saxitoxins: 2.2 I (I qualifier indicates that the reported value is between the laboratory method detection limit and the laboratory practical quantitation limit.)","Sunny. ",2023-05-04 14:08:00,28.4886265304691,-81.5907799250986,0.3,"https://services1.arcgis.com/nRHtyn3uE1kyzoYc/ArcGIS/rest/services/service_c1026ff3b55f468d9f2edd834cb807f8/FeatureServer/0/6882/attachments/3717?token=esFGg2N_4QUkCtU1tiMztDW4hm2M0GdusSqnOkviQULZsKWy6cHlYSpBrHqloDkjMDORyL7vHp8tCloK_rT_6I4OA4EY19edP5rFzXcDxs3_bvd6rAbKq0BqhoPk7exiwoF-z98H5LJH5jJbe4dDOjffY9Bj9w3g5kWvPrs5PpMeAdY4Rap08W1RrijQW_Ta"
"Lake Baldwin - Park Boat Ramp","Orange",2023-05-03,"CEROC","No","Dominant taxon: Planktolyngbya limnetica","Yes","Yes",0.1,"I (I qualifier indicates that the reported value is between the laboratory method detection limit and the laboratory practical quantitation limit.)",,,,,,,,,"Anatoxin-a: not detected; Cylindrospermopsin: not detected; Nodularin-R: not detected; Saxitoxins: not detected","75 and sunny",2023-05-03 16:31:00,28.5754631332307,-81.3262312187816,0.3,"https://services1.arcgis.com/nRHtyn3uE1kyzoYc/ArcGIS/rest/services/service_c1026ff3b55f468d9f2edd834cb807f8/FeatureServer/0/6865/attachments/3707?token=esFGg2N_4QUkCtU1tiMztDW4hm2M0GdusSqnOkviQULZsKWy6cHlYSpBrHqloDkjMDORyL7vHp8tCloK_rT_6I4OA4EY19edP5rFzXcDxs3_bvd6rAbKq0BqhoPk7exiwoF-z98H5LJH5jJbe4dDOjffY9Bj9w3g5kWvPrs5PpMeAdY4Rap08W1RrijQW_Ta"
"Lake Maitland - Kraft Azalea Garden","Orange",2023-05-03,"CEROC","Yes","mixed algae; no dominant species in sample","No","No",,,,,,,,,,,"Anatoxin-a: not detected; Cylindrospermopsin: not detected; Nodularin-R: not detected; Saxitoxins: not detected","75 and windy ",2023-05-03 15:43:00,28.6114967873909,-81.3441615308344,0.3,"https://services1.arcgis.com/nRHtyn3uE1kyzoYc/ArcGIS/rest/services/service_c1026ff3b55f468d9f2edd834cb807f8/FeatureServer/0/6864/attachments/3704?token=esFGg2N_4QUkCtU1tiMztDW4hm2M0GdusSqnOkviQULZsKWy6cHlYSpBrHqloDkjMDORyL7vHp8tCloK_rT_6I4OA4EY19edP5rFzXcDxs3_bvd6rAbKq0BqhoPk7exiwoF-z98H5LJH5jJbe4dDOjffY9Bj9w3g5kWvPrs5PpMeAdY4Rap08W1RrijQW_Ta"
"Georges Lake - Boat Ramp","Putnam",2023-05-03,"NEROC","Yes","Co-dominant taxa were: Microcystis aeruginosa and Microcystis wesenbergii","Yes","Yes",2.3,"I (I qualifier indicates that the reported value is between the laboratory method detection limit and the laboratory practical quantitation limit.)",,,,,,,,,"Anatoxin-a: not detected; Cylindrospermopsin: not detected; Nodularin-R: not detected; Saxitoxins: not detected","Strong wind conditions at sample site location. Some vegetation barrier from wind closer to boat ramp.",2023-05-03 15:25:00,29.8022940980639,-81.8454825353981,0.3,"https://services1.arcgis.com/nRHtyn3uE1kyzoYc/ArcGIS/rest/services/service_c1026ff3b55f468d9f2edd834cb807f8/FeatureServer/0/6863/attachments/3701?token=esFGg2N_4QUkCtU1tiMztDW4hm2M0GdusSqnOkviQULZsKWy6cHlYSpBrHqloDkjMDORyL7vHp8tCloK_rT_6I4OA4EY19edP5rFzXcDxs3_bvd6rAbKq0BqhoPk7exiwoF-z98H5LJH5jJbe4dDOjffY9Bj9w3g5kWvPrs5PpMeAdY4Rap08W1RrijQW_Ta"
"Georges Lake - Center","Putnam",2023-05-03,"NEROC","Yes","Dominant taxon: Microcystis aeruginosa","Yes","Yes",0.12,"I (I qualifier indicates that the reported value is between the laboratory method detection limit and the laboratory practical quantitation limit.)",,,,,,,,,"Anatoxin-a: not detected; Cylindrospermopsin: not detected; Nodularin-R: not detected; Saxitoxins: not detected","Strong wind conditions at sample site.",2023-05-03 15:05:00,29.7945523831629,-81.8484492657487,0.3,"https://services1.arcgis.com/nRHtyn3uE1kyzoYc/ArcGIS/rest/services/service_c1026ff3b55f468d9f2edd834cb807f8/FeatureServer/0/6862/attachments/3698?token=esFGg2N_4QUkCtU1tiMztDW4hm2M0GdusSqnOkviQULZsKWy6cHlYSpBrHqloDkjMDORyL7vHp8tCloK_rT_6I4OA4EY19edP5rFzXcDxs3_bvd6rAbKq0BqhoPk7exiwoF-z98H5LJH5jJbe4dDOjffY9Bj9w3g5kWvPrs5PpMeAdY4Rap08W1RrijQW_Ta"
"Sunset Lake - W Shore","Orange",2023-04-27,"CEROC","Yes","Dominant taxon: Aphanizomenon flos-aquae","Yes","No",,,,,,,,,,,"Anatoxin-a: not detected; Cylindrospermopsin: not detected; Nodularin-R: not detected; Saxitoxins: not detected","Overcast and windy.",2023-04-27 16:11:00,28.5362502729159,-81.4134434650962,0.2,"https://services1.arcgis.com/nRHtyn3uE1kyzoYc/ArcGIS/rest/services/service_c1026ff3b55f468d9f2edd834cb807f8/FeatureServer/0/6829/attachments/3673?token=esFGg2N_4QUkCtU1tiMztDW4hm2M0GdusSqnOkviQULZsKWy6cHlYSpBrHqloDkjMDORyL7vHp8tCloK_rT_6I4OA4EY19edP5rFzXcDxs3_bvd6rAbKq0BqhoPk7exiwoF-z98H5LJH5jJbe4dDOjffY9Bj9w3g5kWvPrs5PpMeAdY4Rap08W1RrijQW_Ta"
"Lake Osceola - Canton Ave","Orange",2023-04-27,"CEROC","Yes","Dominant taxon: Cylindrospermopsis raciborskii","Yes","No",,,,,,,,,,,"Anatoxin-a: not detected; Cylindrospermopsin: not detected; Nodularin-R: not detected; Saxitoxins: not detected",,2023-04-27 15:19:00,28.6006018245646,-81.3471866691661,0.3,"https://services1.arcgis.com/nRHtyn3uE1kyzoYc/ArcGIS/rest/services/service_c1026ff3b55f468d9f2edd834cb807f8/FeatureServer/0/6828/attachments/3670?token=esFGg2N_4QUkCtU1tiMztDW4hm2M0GdusSqnOkviQULZsKWy6cHlYSpBrHqloDkjMDORyL7vHp8tCloK_rT_6I4OA4EY19edP5rFzXcDxs3_bvd6rAbKq0BqhoPk7exiwoF-z98H5LJH5jJbe4dDOjffY9Bj9w3g5kWvPrs5PpMeAdY4Rap08W1RrijQW_Ta"
"Lake Virginia - Dinky Dock","Orange",2023-04-27,"CEROC","Yes","Dominant taxon: Cylindrospermopsis raciborskii","Yes","Yes",,,0.17,"I (I qualifier indicates that the reported value is between the laboratory method detection limit and the laboratory practical quantitation limit.)",,,,,,,"Anatoxin-a: not detected; Cylindrospermopsin: 0.17 I (I qualifier indicates that the reported value is between the laboratory method detection limit and the laboratory practical quantitation limit.); Nodularin-R: not detected; Saxitoxins: not detected","Sunny with a breeze",2023-04-27 14:59:00,28.5937958210973,-81.3444868662221,0.3,"https://services1.arcgis.com/nRHtyn3uE1kyzoYc/ArcGIS/rest/services/service_c1026ff3b55f468d9f2edd834cb807f8/FeatureServer/0/6822/attachments/3661?token=esFGg2N_4QUkCtU1tiMztDW4hm2M0GdusSqnOkviQULZsKWy6cHlYSpBrHqloDkjMDORyL7vHp8tCloK_rT_6I4OA4EY19edP5rFzXcDxs3_bvd6rAbKq0BqhoPk7exiwoF-z98H5LJH5jJbe4dDOjffY9Bj9w3g5kWvPrs5PpMeAdY4Rap08W1RrijQW_Ta"
"St. Johns River - Shands Bridge (20030157)","StJohns",2023-04-27,"SJRWMD","No","mixed algae; no dominant species in sample","No","No",,,,,,,,,,,"Anatoxin-a: not detected; Cylindrospermopsin: not detected; Nodularin-R: not detected; Saxitoxins: not detected","Cloudy, warm",2023-04-27 14:23:00,29.98163056,-81.62213889,0.293,"https://services1.arcgis.com/nRHtyn3uE1kyzoYc/ArcGIS/rest/services/service_c1026ff3b55f468d9f2edd834cb807f8/FeatureServer/0/6827/attachments/3669?token=esFGg2N_4QUkCtU1tiMztDW4hm2M0GdusSqnOkviQULZsKWy6cHlYSpBrHqloDkjMDORyL7vHp8tCloK_rT_6I4OA4EY19edP5rFzXcDxs3_bvd6rAbKq0BqhoPk7exiwoF-z98H5LJH5jJbe4dDOjffY9Bj9w3g5kWvPrs5PpMeAdY4Rap08W1RrijQW_Ta"
"Lake Jesup - Center (OW-CTR)","Seminole",2023-04-27,"SJRWMD","Yes","Dominant taxon: Cylindrospermopsis raciborskii","Yes","Yes",,,0.48,,,,,,,,"Anatoxin-a: not detected; Cylindrospermopsin: 0.48; Nodularin-R: not detected; Saxitoxins: not detected",,2023-04-27 14:15:00,28.7268,-81.2111,0.3,
"Caywood Pond - SW Dock","Orange",2023-04-27,"CEROC","Yes","Dominant taxon: Microcystis aeruginosa","Yes","Yes",1.7,,,,,,10,,,,"Anatoxin-a: not detected; Cylindrospermopsin: not detected; Nodularin-R: not detected; Saxitoxins: 10",,2023-04-27 13:58:00,28.4886145593811,-81.5907573308507,0.3,"https://services1.arcgis.com/nRHtyn3uE1kyzoYc/ArcGIS/rest/services/service_c1026ff3b55f468d9f2edd834cb807f8/FeatureServer/0/6820/attachments/3656?token=esFGg2N_4QUkCtU1tiMztDW4hm2M0GdusSqnOkviQULZsKWy6cHlYSpBrHqloDkjMDORyL7vHp8tCloK_rT_6I4OA4EY19edP5rFzXcDxs3_bvd6rAbKq0BqhoPk7exiwoF-z98H5LJH5jJbe4dDOjffY9Bj9w3g5kWvPrs5PpMeAdY4Rap08W1RrijQW_Ta"
"Doctors Lake - Center (DTL)","Clay",2023-04-27,"SJRWMD","No","mixed algae; no dominant species in sample","No","No",,,,,,,,,,,"Anatoxin-a: not detected; Cylindrospermopsin: not detected; Nodularin-R: not detected; Saxitoxins: not detected","Cloudy, warm",2023-04-27 13:18:00,30.13805556,-81.72722222,0.305,"https://services1.arcgis.com/nRHtyn3uE1kyzoYc/ArcGIS/rest/services/service_c1026ff3b55f468d9f2edd834cb807f8/FeatureServer/0/6826/attachments/3668?token=esFGg2N_4QUkCtU1tiMztDW4hm2M0GdusSqnOkviQULZsKWy6cHlYSpBrHqloDkjMDORyL7vHp8tCloK_rT_6I4OA4EY19edP5rFzXcDxs3_bvd6rAbKq0BqhoPk7exiwoF-z98H5LJH5jJbe4dDOjffY9Bj9w3g5kWvPrs5PpMeAdY4Rap08W1RrijQW_Ta"
"St. Johns River - Mandarin Point (MP72)","Duval",2023-04-27,"SJRWMD","No","mixed algae; no dominant species in sample","No","No",,,,,,,,,,,"Anatoxin-a: not detected; Cylindrospermopsin: not detected; Nodularin-R: not detected; Saxitoxins: not detected","Cloudy, warm",2023-04-27 12:53:00,30.15666667,-81.68388889,0.301,"https://services1.arcgis.com/nRHtyn3uE1kyzoYc/ArcGIS/rest/services/service_c1026ff3b55f468d9f2edd834cb807f8/FeatureServer/0/6825/attachments/3667?token=esFGg2N_4QUkCtU1tiMztDW4hm2M0GdusSqnOkviQULZsKWy6cHlYSpBrHqloDkjMDORyL7vHp8tCloK_rT_6I4OA4EY19edP5rFzXcDxs3_bvd6rAbKq0BqhoPk7exiwoF-z98H5LJH5jJbe4dDOjffY9Bj9w3g5kWvPrs5PpMeAdY4Rap08W1RrijQW_Ta"
"Lake Monroe - Center (LMAC)","Volusia",2023-04-26,"SJRWMD","No","mixed algae; no dominant species in sample","No","No",,,,,,,,,,,"Anatoxin-a: not detected; Cylindrospermopsin: not detected; Nodularin-R: not detected; Saxitoxins: not detected","sunny with NE wind",2023-04-26 13:57:00,28.83496,-81.27091,0.304,
"Lake Washington - Center (LWC)","Brevard",2023-04-26,"SJRWMD","No","mixed algae; no dominant species in sample","No","No",,,,,,,,,,,"Anatoxin-a: not detected; Cylindrospermopsin: not detected; Nodularin-R: not detected; Saxitoxins: not detected",,2023-04-26 12:26:00,28.142439,-80.746111,0.3,"https://services1.arcgis.com/nRHtyn3uE1kyzoYc/ArcGIS/rest/services/service_c1026ff3b55f468d9f2edd834cb807f8/FeatureServer/0/6818/attachments/3654?token=esFGg2N_4QUkCtU1tiMztDW4hm2M0GdusSqnOkviQULZsKWy6cHlYSpBrHqloDkjMDORyL7vHp8tCloK_rT_6I4OA4EY19edP5rFzXcDxs3_bvd6rAbKq0BqhoPk7exiwoF-z98H5LJH5jJbe4dDOjffY9Bj9w3g5kWvPrs5PpMeAdY4Rap08W1RrijQW_Ta"
"Crescent Lake - mouth of Dunns Creek (CRESLM)","Putnam",2023-04-25,"SJRWMD","No","mixed algae; no dominant species in sample","No","No",,,,,,,,,,,"Anatoxin-a: not detected; Cylindrospermopsin: not detected; Nodularin-R: not detected; Saxitoxins: not detected","Cloudy, windy",2023-04-25 16:56:00,29.52955556,-81.55372222,0.306,"https://services1.arcgis.com/nRHtyn3uE1kyzoYc/ArcGIS/rest/services/service_c1026ff3b55f468d9f2edd834cb807f8/FeatureServer/0/6816/attachments/3653?token=esFGg2N_4QUkCtU1tiMztDW4hm2M0GdusSqnOkviQULZsKWy6cHlYSpBrHqloDkjMDORyL7vHp8tCloK_rT_6I4OA4EY19edP5rFzXcDxs3_bvd6rAbKq0BqhoPk7exiwoF-z98H5LJH5jJbe4dDOjffY9Bj9w3g5kWvPrs5PpMeAdY4Rap08W1RrijQW_Ta"
"Bonita Lake - S Shore","Volusia",2023-04-25,"CEROC","Yes","mixed algae; no dominant species in sample","No","Yes",,,0.15,"I (I qualifier indicates that the reported value is between the laboratory method detection limit and the laboratory practical quantitation limit.)",,,,,,,"Anatoxin-a: not detected; Cylindrospermopsin: 0.15 I (I qualifier indicates that the reported value is between the laboratory method detection limit and the laboratory practical quantitation limit.); Nodularin-R: not detected; Saxitoxins: not detected","75 and cloudy",2023-04-25 14:50:00,28.8835138583663,-81.2943412822328,0.3,"https://services1.arcgis.com/nRHtyn3uE1kyzoYc/ArcGIS/rest/services/service_c1026ff3b55f468d9f2edd834cb807f8/FeatureServer/0/6812/attachments/3643?token=esFGg2N_4QUkCtU1tiMztDW4hm2M0GdusSqnOkviQULZsKWy6cHlYSpBrHqloDkjMDORyL7vHp8tCloK_rT_6I4OA4EY19edP5rFzXcDxs3_bvd6rAbKq0BqhoPk7exiwoF-z98H5LJH5jJbe4dDOjffY9Bj9w3g5kWvPrs5PpMeAdY4Rap08W1RrijQW_Ta"
"Pioneer Lake - NE Shore","Volusia",2023-04-25,"CEROC","Yes","Dominant taxon: Microcystis aeruginosa","Yes","Yes",0.27,"I (I qualifier indicates that the reported value is between the laboratory method detection limit and the laboratory practical quantitation limit.)",,,,,,,,,"Anatoxin-a: not detected; Cylindrospermopsin: not detected; Nodularin-R: not detected; Saxitoxins: not detected","80 and cloudy",2023-04-25 14:14:00,28.8837333196465,-81.2420880526732,0.3,"https://services1.arcgis.com/nRHtyn3uE1kyzoYc/ArcGIS/rest/services/service_c1026ff3b55f468d9f2edd834cb807f8/FeatureServer/0/6813/attachments/3646?token=esFGg2N_4QUkCtU1tiMztDW4hm2M0GdusSqnOkviQULZsKWy6cHlYSpBrHqloDkjMDORyL7vHp8tCloK_rT_6I4OA4EY19edP5rFzXcDxs3_bvd6rAbKq0BqhoPk7exiwoF-z98H5LJH5jJbe4dDOjffY9Bj9w3g5kWvPrs5PpMeAdY4Rap08W1RrijQW_Ta"
"Louise Lake - NW Lobe","Volusia",2023-04-25,"CEROC","No","mixed algae; no dominant species in sample","No","Yes",0.12,"I (I qualifier indicates that the reported value is between the laboratory method detection limit and the laboratory practical quantitation limit.)",,,,,,,,,"Anatoxin-a: not detected; Cylindrospermopsin: not detected; Nodularin-R: not detected; Saxitoxins: not detected","75 and cloudy",2023-04-25 13:51:00,28.8920891200646,-81.2025139133903,0.3,"https://services1.arcgis.com/nRHtyn3uE1kyzoYc/ArcGIS/rest/services/service_c1026ff3b55f468d9f2edd834cb807f8/FeatureServer/0/6814/attachments/3649?token=esFGg2N_4QUkCtU1tiMztDW4hm2M0GdusSqnOkviQULZsKWy6cHlYSpBrHqloDkjMDORyL7vHp8tCloK_rT_6I4OA4EY19edP5rFzXcDxs3_bvd6rAbKq0BqhoPk7exiwoF-z98H5LJH5jJbe4dDOjffY9Bj9w3g5kWvPrs5PpMeAdY4Rap08W1RrijQW_Ta"
"Blue Cypress Lake - Center (BCL)","IndianRiver",2023-04-25,"SJRWMD","No","mixed algae; no dominant species in sample","No","No",,,,,,,,,,,"Anatoxin-a: not detected; Cylindrospermopsin: not detected; Nodularin-R: not detected; Saxitoxins: not detected","Clear",2023-04-25 12:49:00,27.7266,-80.7536,0.307,"https://services1.arcgis.com/nRHtyn3uE1kyzoYc/ArcGIS/rest/services/service_c1026ff3b55f468d9f2edd834cb807f8/FeatureServer/0/6810/attachments/3640?token=esFGg2N_4QUkCtU1tiMztDW4hm2M0GdusSqnOkviQULZsKWy6cHlYSpBrHqloDkjMDORyL7vHp8tCloK_rT_6I4OA4EY19edP5rFzXcDxs3_bvd6rAbKq0BqhoPk7exiwoF-z98H5LJH5jJbe4dDOjffY9Bj9w3g5kWvPrs5PpMeAdY4Rap08W1RrijQW_Ta"
"Stick Marsh - North (STKM)","IndianRiver",2023-04-25,"SJRWMD","No","mixed algae; no dominant species in sample","No","No",,,,,,,,,,,"Anatoxin-a: not detected; Cylindrospermopsin: not detected; Nodularin-R: not detected; Saxitoxins: not detected","Clear no rain",2023-04-25 12:49:00,27.81065,-80.724854,0.304,"https://services1.arcgis.com/nRHtyn3uE1kyzoYc/ArcGIS/rest/services/service_c1026ff3b55f468d9f2edd834cb807f8/FeatureServer/0/6811/attachments/3642?token=esFGg2N_4QUkCtU1tiMztDW4hm2M0GdusSqnOkviQULZsKWy6cHlYSpBrHqloDkjMDORyL7vHp8tCloK_rT_6I4OA4EY19edP5rFzXcDxs3_bvd6rAbKq0BqhoPk7exiwoF-z98H5LJH5jJbe4dDOjffY9Bj9w3g5kWvPrs5PpMeAdY4Rap08W1RrijQW_Ta"
"Lake George - Center (LEO)","Volusia",2023-04-25,"SJRWMD","No","mixed algae; no dominant species in sample","No","No",,,,,,,,,,,"Anatoxin-a: not detected; Cylindrospermopsin: not detected; Nodularin-R: not detected; Saxitoxins: not detected","Cloudy",2023-04-25 12:42:00,29.30830556,-81.60638889,0.312,"https://services1.arcgis.com/nRHtyn3uE1kyzoYc/ArcGIS/rest/services/service_c1026ff3b55f468d9f2edd834cb807f8/FeatureServer/0/6815/attachments/3652?token=esFGg2N_4QUkCtU1tiMztDW4hm2M0GdusSqnOkviQULZsKWy6cHlYSpBrHqloDkjMDORyL7vHp8tCloK_rT_6I4OA4EY19edP5rFzXcDxs3_bvd6rAbKq0BqhoPk7exiwoF-z98H5LJH5jJbe4dDOjffY9Bj9w3g5kWvPrs5PpMeAdY4Rap08W1RrijQW_Ta"
"Wood Lake - E Shore","Seminole",2023-04-24,"CEROC","Yes","mixed algae; no dominant species in sample","No","No",,,,,,,,,,,"Anatoxin-a: not detected; Cylindrospermopsin: not detected; Nodularin-R: not detected; Saxitoxins: not detected",,2023-04-24 17:15:00,28.6417908809856,-81.3837822805272,0.3,"https://services1.arcgis.com/nRHtyn3uE1kyzoYc/ArcGIS/rest/services/service_c1026ff3b55f468d9f2edd834cb807f8/FeatureServer/0/6808/attachments/3635?token=esFGg2N_4QUkCtU1tiMztDW4hm2M0GdusSqnOkviQULZsKWy6cHlYSpBrHqloDkjMDORyL7vHp8tCloK_rT_6I4OA4EY19edP5rFzXcDxs3_bvd6rAbKq0BqhoPk7exiwoF-z98H5LJH5jJbe4dDOjffY9Bj9w3g5kWvPrs5PpMeAdY4Rap08W1RrijQW_Ta"
"Lake Sue - Fawsett Ramp","Orange",2023-04-20,"CEROC","No","Dominant taxon: Microcystis aeruginosa","Yes","Yes",0.25,"I (I qualifier indicates that the reported value is between the laboratory method detection limit and the laboratory practical quantitation limit.)",,,,,,,,,"Anatoxin-a: not detected; Cylindrospermopsin: not detected; Nodularin-R: not detected; Saxitoxins: not detected","Sunny. No obvious bloom but some filamentous algae has accumulated on water surface along shoreline (image 3)",2023-04-20 17:13:00,28.5791232656908,-81.3519794641376,0.25,"https://services1.arcgis.com/nRHtyn3uE1kyzoYc/ArcGIS/rest/services/service_c1026ff3b55f468d9f2edd834cb807f8/FeatureServer/0/6803/attachments/3630?token=esFGg2N_4QUkCtU1tiMztDW4hm2M0GdusSqnOkviQULZsKWy6cHlYSpBrHqloDkjMDORyL7vHp8tCloK_rT_6I4OA4EY19edP5rFzXcDxs3_bvd6rAbKq0BqhoPk7exiwoF-z98H5LJH5jJbe4dDOjffY9Bj9w3g5kWvPrs5PpMeAdY4Rap08W1RrijQW_Ta"
"Lake Ola - NE Shore","Orange",2023-04-20,"CEROC","No","mixed algae; no dominant species in sample","No","No",,,,,,,,,,,"Anatoxin-a: not detected; Cylindrospermopsin: not detected; Nodularin-R: not detected; Saxitoxins: not detected","Cloudy with a breeze ",2023-04-20 15:37:00,28.7545636140604,-81.6264902018954,0.3,"https://services1.arcgis.com/nRHtyn3uE1kyzoYc/ArcGIS/rest/services/service_c1026ff3b55f468d9f2edd834cb807f8/FeatureServer/0/6802/attachments/3628?token=esFGg2N_4QUkCtU1tiMztDW4hm2M0GdusSqnOkviQULZsKWy6cHlYSpBrHqloDkjMDORyL7vHp8tCloK_rT_6I4OA4EY19edP5rFzXcDxs3_bvd6rAbKq0BqhoPk7exiwoF-z98H5LJH5jJbe4dDOjffY9Bj9w3g5kWvPrs5PpMeAdY4Rap08W1RrijQW_Ta"
"Lake Washington - Center (LWC)","Brevard",2023-04-19,"SJRWMD","No","mixed algae; no dominant species in sample","No","No",,,,,,,,,,,"Anatoxin-a: not detected; Cylindrospermopsin: not detected; Nodularin-R: not detected; Saxitoxins: not detected","HAB Routine Sample",2023-04-19 12:16:00,28.142439,-80.746111,0.3,"https://services1.arcgis.com/nRHtyn3uE1kyzoYc/ArcGIS/rest/services/service_c1026ff3b55f468d9f2edd834cb807f8/FeatureServer/0/6798/attachments/3617?token=esFGg2N_4QUkCtU1tiMztDW4hm2M0GdusSqnOkviQULZsKWy6cHlYSpBrHqloDkjMDORyL7vHp8tCloK_rT_6I4OA4EY19edP5rFzXcDxs3_bvd6rAbKq0BqhoPk7exiwoF-z98H5LJH5jJbe4dDOjffY9Bj9w3g5kWvPrs5PpMeAdY4Rap08W1RrijQW_Ta"
"Lake Baldwin - Park Boat Ramp","Orange",2023-04-18,"CEROC","Yes","Dominant taxon: Microcystis aeruginosa","Yes","Yes",0.92,"I (I qualifier indicates that the reported value is between the laboratory method detection limit and the laboratory practical quantitation limit.",,,,,,,,,"Anatoxin-a: not detected; Cylindrospermopsin: not detected; Nodularin-R: not detected; Saxitoxins: not detected","75 and sunny ",2023-04-18 18:45:00,28.5755098231925,-81.3262176652897,0.3,"https://services1.arcgis.com/nRHtyn3uE1kyzoYc/ArcGIS/rest/services/service_c1026ff3b55f468d9f2edd834cb807f8/FeatureServer/0/6791/attachments/3606?token=esFGg2N_4QUkCtU1tiMztDW4hm2M0GdusSqnOkviQULZsKWy6cHlYSpBrHqloDkjMDORyL7vHp8tCloK_rT_6I4OA4EY19edP5rFzXcDxs3_bvd6rAbKq0BqhoPk7exiwoF-z98H5LJH5jJbe4dDOjffY9Bj9w3g5kWvPrs5PpMeAdY4Rap08W1RrijQW_Ta"
"Caywood Pond - SW Dock","Orange",2023-04-18,"CEROC","Yes","Dominant taxon: Microcystis aeruginosa","Yes","Yes",1.3,,,,,,2.2,,,,"Anatoxin-a: not detected; Cylindrospermopsin: not detected; Nodularin-R: not detected; Saxitoxins: 2.2",,2023-04-18 18:45:00,28.4886930393825,-81.5907485373556,0.3,"https://services1.arcgis.com/nRHtyn3uE1kyzoYc/ArcGIS/rest/services/service_c1026ff3b55f468d9f2edd834cb807f8/FeatureServer/0/6797/attachments/3610?token=esFGg2N_4QUkCtU1tiMztDW4hm2M0GdusSqnOkviQULZsKWy6cHlYSpBrHqloDkjMDORyL7vHp8tCloK_rT_6I4OA4EY19edP5rFzXcDxs3_bvd6rAbKq0BqhoPk7exiwoF-z98H5LJH5jJbe4dDOjffY9Bj9w3g5kWvPrs5PpMeAdY4Rap08W1RrijQW_Ta"
"Georges Lake - Boat Ramp","Putnam",2023-04-18,"NEROC","Yes","mixed algae; no dominant species in sample","No","Yes",0.2,"I (I qualifier indicates that the reported value is between the laboratory method detection limit and the laboratory practical quantitation limit.",,,,,,,,,"Anatoxin-a: not detected; Cylindrospermopsin: not detected; Nodularin-R: not detected; Saxitoxins: not detected","A single dead fish present at sample site.",2023-04-18 16:30:00,29.8021398493773,-81.8454921891175,0.26,"https://services1.arcgis.com/nRHtyn3uE1kyzoYc/ArcGIS/rest/services/service_c1026ff3b55f468d9f2edd834cb807f8/FeatureServer/0/6788/attachments/3599?token=esFGg2N_4QUkCtU1tiMztDW4hm2M0GdusSqnOkviQULZsKWy6cHlYSpBrHqloDkjMDORyL7vHp8tCloK_rT_6I4OA4EY19edP5rFzXcDxs3_bvd6rAbKq0BqhoPk7exiwoF-z98H5LJH5jJbe4dDOjffY9Bj9w3g5kWvPrs5PpMeAdY4Rap08W1RrijQW_Ta"
"Georges Lake - Center","Putnam",2023-04-18,"NEROC","Yes","mixed algae; no dominant species in sample","No","Yes",0.16,"I (I qualifier indicates that the reported value is between the laboratory method detection limit and the laboratory practical quantitation limit.",,,,,,,,,"Anatoxin-a: not detected; Cylindrospermopsin: not detected; Nodularin-R: not detected; Saxitoxins: not detected","Strong wind conditions on lake. ",2023-04-18 16:10:00,29.7952609632175,-81.849097529344,0.3,"https://services1.arcgis.com/nRHtyn3uE1kyzoYc/ArcGIS/rest/services/service_c1026ff3b55f468d9f2edd834cb807f8/FeatureServer/0/6786/attachments/3594?token=esFGg2N_4QUkCtU1tiMztDW4hm2M0GdusSqnOkviQULZsKWy6cHlYSpBrHqloDkjMDORyL7vHp8tCloK_rT_6I4OA4EY19edP5rFzXcDxs3_bvd6rAbKq0BqhoPk7exiwoF-z98H5LJH5jJbe4dDOjffY9Bj9w3g5kWvPrs5PpMeAdY4Rap08W1RrijQW_Ta"
"Lake Monroe - Center (LMAC)","Volusia",2023-04-18,"SJRWMD","No","Dominant taxon: Microcystis aeruginosa","Yes","Yes",,,0.16,"I (I qualifier indicates that the reported value is between the laboratory method detection limit and the laboratory practical quantitation limit.)",,,,,,,"Anatoxin-a: not detected; Cylindrospermopsin: 0.16 I (I qualifier indicates that the reported value is between the laboratory method detection limit and the laboratory practical quantitation limit.); Nodularin-R: not detected; Saxitoxins: not detected",,2023-04-18 15:51:00,28.83496,-81.27091,0.3,"https://services1.arcgis.com/nRHtyn3uE1kyzoYc/ArcGIS/rest/services/service_c1026ff3b55f468d9f2edd834cb807f8/FeatureServer/0/6794/attachments/3613?token=esFGg2N_4QUkCtU1tiMztDW4hm2M0GdusSqnOkviQULZsKWy6cHlYSpBrHqloDkjMDORyL7vHp8tCloK_rT_6I4OA4EY19edP5rFzXcDxs3_bvd6rAbKq0BqhoPk7exiwoF-z98H5LJH5jJbe4dDOjffY9Bj9w3g5kWvPrs5PpMeAdY4Rap08W1RrijQW_Ta"
"Swan Lake - at 114 Serenity Dr","Putnam",2023-04-18,"NEROC","No","mixed algae; no dominant species in sample","No","No",,,,,,,,,,,"Anatoxin-a: not detected; Cylindrospermopsin: not detected; Nodularin-R: not detected; Saxitoxins: not detected",,2023-04-18 14:50:00,29.7358843604287,-82.0073031531211,0.3,"https://services1.arcgis.com/nRHtyn3uE1kyzoYc/ArcGIS/rest/services/service_c1026ff3b55f468d9f2edd834cb807f8/FeatureServer/0/6785/attachments/3591?token=esFGg2N_4QUkCtU1tiMztDW4hm2M0GdusSqnOkviQULZsKWy6cHlYSpBrHqloDkjMDORyL7vHp8tCloK_rT_6I4OA4EY19edP5rFzXcDxs3_bvd6rAbKq0BqhoPk7exiwoF-z98H5LJH5jJbe4dDOjffY9Bj9w3g5kWvPrs5PpMeAdY4Rap08W1RrijQW_Ta"
"Lake Jesup - Center (OW-CTR)","Seminole",2023-04-18,"SJRWMD","Yes","Co-dominant taxa were: Microcystis aeruginosa and Planktolyngbya limnetica","Yes","Yes",0.13,"I (I qualifier indicates that the reported value is between the laboratory method detection limit and the laboratory practical quantitation limit.",0.81,,,,,,,,"Anatoxin-a: not detected; Cylindrospermopsin: 0.81; Nodularin-R: not detected; Saxitoxins: not detected",,2023-04-18 14:44:00,28.7268,-81.2111,0.5,"https://services1.arcgis.com/nRHtyn3uE1kyzoYc/ArcGIS/rest/services/service_c1026ff3b55f468d9f2edd834cb807f8/FeatureServer/0/6795/attachments/3615?token=esFGg2N_4QUkCtU1tiMztDW4hm2M0GdusSqnOkviQULZsKWy6cHlYSpBrHqloDkjMDORyL7vHp8tCloK_rT_6I4OA4EY19edP5rFzXcDxs3_bvd6rAbKq0BqhoPk7exiwoF-z98H5LJH5jJbe4dDOjffY9Bj9w3g5kWvPrs5PpMeAdY4Rap08W1RrijQW_Ta"
"St. Johns River - Mandarin Point (MP72)","Duval",2023-04-17,"SJRWMD","No","mixed algae; no dominant species in sample","No","No",,,,,,,,,,,"Anatoxin-a: not detected; Cylindrospermopsin: not detected; Nodularin-R: not detected; Saxitoxins: not detected","Partly cloudy, windys",2023-04-17 16:07:00,30.15666667,-81.68388889,0.362,"https://services1.arcgis.com/nRHtyn3uE1kyzoYc/ArcGIS/rest/services/service_c1026ff3b55f468d9f2edd834cb807f8/FeatureServer/0/6781/attachments/3589?token=esFGg2N_4QUkCtU1tiMztDW4hm2M0GdusSqnOkviQULZsKWy6cHlYSpBrHqloDkjMDORyL7vHp8tCloK_rT_6I4OA4EY19edP5rFzXcDxs3_bvd6rAbKq0BqhoPk7exiwoF-z98H5LJH5jJbe4dDOjffY9Bj9w3g5kWvPrs5PpMeAdY4Rap08W1RrijQW_Ta"
"Stick Marsh - North (STKM)","IndianRiver",2023-04-17,"SJRWMD","No","mixed algae; no dominant species in sample","No","No",,,,,,,,,,,"Anatoxin-a: not detected; Cylindrospermopsin: not detected; Nodularin-R: not detected; Saxitoxins: not detected","Scattered thunderstorms",2023-04-17 15:45:00,27.81065,-80.724854,0.302,"https://services1.arcgis.com/nRHtyn3uE1kyzoYc/ArcGIS/rest/services/service_c1026ff3b55f468d9f2edd834cb807f8/FeatureServer/0/6777/attachments/3586?token=esFGg2N_4QUkCtU1tiMztDW4hm2M0GdusSqnOkviQULZsKWy6cHlYSpBrHqloDkjMDORyL7vHp8tCloK_rT_6I4OA4EY19edP5rFzXcDxs3_bvd6rAbKq0BqhoPk7exiwoF-z98H5LJH5jJbe4dDOjffY9Bj9w3g5kWvPrs5PpMeAdY4Rap08W1RrijQW_Ta"
"Doctors Lake - Center (DTL)","Clay",2023-04-17,"SJRWMD","No","mixed algae; no dominant species in sample","No","No",,,,,,,,,,,"Anatoxin-a: not detected; Cylindrospermopsin: not detected; Nodularin-R: not detected; Saxitoxins: not detected","Partly cloudy, windy",2023-04-17 15:42:00,30.13805556,-81.72722222,0.357,"https://services1.arcgis.com/nRHtyn3uE1kyzoYc/ArcGIS/rest/services/service_c1026ff3b55f468d9f2edd834cb807f8/FeatureServer/0/6772/attachments/3581?token=esFGg2N_4QUkCtU1tiMztDW4hm2M0GdusSqnOkviQULZsKWy6cHlYSpBrHqloDkjMDORyL7vHp8tCloK_rT_6I4OA4EY19edP5rFzXcDxs3_bvd6rAbKq0BqhoPk7exiwoF-z98H5LJH5jJbe4dDOjffY9Bj9w3g5kWvPrs5PpMeAdY4Rap08W1RrijQW_Ta"
"St. Johns River - Shands Bridge (20030157)","StJohns",2023-04-17,"SJRWMD","No","mixed algae; no dominant species in sample","No","No",,,,,,,,,,,"Anatoxin-a: not detected; Cylindrospermopsin: not detected; Nodularin-R: not detected; Saxitoxins: not detected","Overcast, windy",2023-04-17 14:36:00,29.98163056,-81.62213889,0.35,"https://services1.arcgis.com/nRHtyn3uE1kyzoYc/ArcGIS/rest/services/service_c1026ff3b55f468d9f2edd834cb807f8/FeatureServer/0/6780/attachments/3590?token=esFGg2N_4QUkCtU1tiMztDW4hm2M0GdusSqnOkviQULZsKWy6cHlYSpBrHqloDkjMDORyL7vHp8tCloK_rT_6I4OA4EY19edP5rFzXcDxs3_bvd6rAbKq0BqhoPk7exiwoF-z98H5LJH5jJbe4dDOjffY9Bj9w3g5kWvPrs5PpMeAdY4Rap08W1RrijQW_Ta"
"Blue Cypress Lake - Center (BCL)","IndianRiver",2023-04-17,"SJRWMD","No","mixed algae; no dominant species in sample","No","Yes",,,,,,,,,,,"Anatoxin-a: not detected; Cylindrospermopsin: not detected; Nodularin-R: not detected; Saxitoxins: not detected","Scattered thunderstorms",2023-04-17 13:52:00,27.7266,-80.7536,0.3,"https://services1.arcgis.com/nRHtyn3uE1kyzoYc/ArcGIS/rest/services/service_c1026ff3b55f468d9f2edd834cb807f8/FeatureServer/0/6776/attachments/3584?token=esFGg2N_4QUkCtU1tiMztDW4hm2M0GdusSqnOkviQULZsKWy6cHlYSpBrHqloDkjMDORyL7vHp8tCloK_rT_6I4OA4EY19edP5rFzXcDxs3_bvd6rAbKq0BqhoPk7exiwoF-z98H5LJH5jJbe4dDOjffY9Bj9w3g5kWvPrs5PpMeAdY4Rap08W1RrijQW_Ta"
"Orange Lake - Center","Alachua",2023-04-13,"SJRWMD","Yes","Dominant taxon: Microcystis aeruginosa","Yes","Yes",0.15,"I (I qualifier indicates that the reported value is between the laboratory method detection limit and the laboratory practical quantitation limit.)",,,,,,,,,"Anatoxin-a: not detected; Cylindrospermopsin: not detected; Nodularin-R: not detected; Saxitoxins: not detected","Partly cloudy, windy",2023-04-13 14:32:00,29.46669727,-82.17837416,0.312,"https://services1.arcgis.com/nRHtyn3uE1kyzoYc/ArcGIS/rest/services/service_c1026ff3b55f468d9f2edd834cb807f8/FeatureServer/0/6766/attachments/3575?token=esFGg2N_4QUkCtU1tiMztDW4hm2M0GdusSqnOkviQULZsKWy6cHlYSpBrHqloDkjMDORyL7vHp8tCloK_rT_6I4OA4EY19edP5rFzXcDxs3_bvd6rAbKq0BqhoPk7exiwoF-z98H5LJH5jJbe4dDOjffY9Bj9w3g5kWvPrs5PpMeAdY4Rap08W1RrijQW_Ta"
"Lochloosa Lake - Center","Alachua",2023-04-13,"SJRWMD","Yes","Dominant taxon: Microcystis aeruginosa","Yes","Yes",0.32,"I (I qualifier indicates that the reported value is between the laboratory method detection limit and the laboratory practical quantitation limit.)",,,,,,,,,"Anatoxin-a: not detected; Cylindrospermopsin: not detected; Nodularin-R: not detected; Saxitoxins: not detected","Partly cloudy, windy",2023-04-13 13:34:00,29.51790531,-82.12192843,0.306,"https://services1.arcgis.com/nRHtyn3uE1kyzoYc/ArcGIS/rest/services/service_c1026ff3b55f468d9f2edd834cb807f8/FeatureServer/0/6765/attachments/3574?token=esFGg2N_4QUkCtU1tiMztDW4hm2M0GdusSqnOkviQULZsKWy6cHlYSpBrHqloDkjMDORyL7vHp8tCloK_rT_6I4OA4EY19edP5rFzXcDxs3_bvd6rAbKq0BqhoPk7exiwoF-z98H5LJH5jJbe4dDOjffY9Bj9w3g5kWvPrs5PpMeAdY4Rap08W1RrijQW_Ta"
"Crescent Lake - mouth of Dunns Creek (CRESLM)","Putnam",2023-04-13,"SJRWMD","No","Dominant taxon: Microcystis aeruginosa","Yes","No",,,,,,,,,,,"Anatoxin-a: not detected; Cylindrospermopsin: not detected; Nodularin-R: not detected; Saxitoxins: not detected",,2023-04-13 13:11:00,29.52955556,-81.55372222,0.311,"https://services1.arcgis.com/nRHtyn3uE1kyzoYc/ArcGIS/rest/services/service_c1026ff3b55f468d9f2edd834cb807f8/FeatureServer/0/6763/attachments/3572?token=esFGg2N_4QUkCtU1tiMztDW4hm2M0GdusSqnOkviQULZsKWy6cHlYSpBrHqloDkjMDORyL7vHp8tCloK_rT_6I4OA4EY19edP5rFzXcDxs3_bvd6rAbKq0BqhoPk7exiwoF-z98H5LJH5jJbe4dDOjffY9Bj9w3g5kWvPrs5PpMeAdY4Rap08W1RrijQW_Ta"
"Newnans Lake - Center","Alachua",2023-04-13,"SJRWMD","Yes","Dominant taxon: Microcystis aeruginosa","Yes","Yes",1.5,"I (I qualifier indicates that the reported value is between the laboratory method detection limit and the laboratory practical quantitation limit.)",,,,,,,,,"Anatoxin-a: not detected; Cylindrospermopsin: not detected; Nodularin-R: not detected; Saxitoxins: not detected","Partly cloudy, windy",2023-04-13 12:31:00,29.64559878,-82.22131279,0.301,"https://services1.arcgis.com/nRHtyn3uE1kyzoYc/ArcGIS/rest/services/service_c1026ff3b55f468d9f2edd834cb807f8/FeatureServer/0/6764/attachments/3573?token=esFGg2N_4QUkCtU1tiMztDW4hm2M0GdusSqnOkviQULZsKWy6cHlYSpBrHqloDkjMDORyL7vHp8tCloK_rT_6I4OA4EY19edP5rFzXcDxs3_bvd6rAbKq0BqhoPk7exiwoF-z98H5LJH5jJbe4dDOjffY9Bj9w3g5kWvPrs5PpMeAdY4Rap08W1RrijQW_Ta"
"Lake Copeland - N Shore","Orange",2023-04-12,"CEROC","Yes","Dominant taxon: Microcystis aeruginosa","Yes","No",,,,,,,,,,,"Anatoxin-a: not detected; Cylindrospermopsin: not detected; Nodularin-R: not detected; Saxitoxins: not detected","Overcast and windy. Algal mats observed along shoreline ",2023-04-12 18:20:00,28.5285491867691,-81.3749407971114,0.2,"https://services1.arcgis.com/nRHtyn3uE1kyzoYc/ArcGIS/rest/services/service_c1026ff3b55f468d9f2edd834cb807f8/FeatureServer/0/6760/attachments/3569?token=esFGg2N_4QUkCtU1tiMztDW4hm2M0GdusSqnOkviQULZsKWy6cHlYSpBrHqloDkjMDORyL7vHp8tCloK_rT_6I4OA4EY19edP5rFzXcDxs3_bvd6rAbKq0BqhoPk7exiwoF-z98H5LJH5jJbe4dDOjffY9Bj9w3g5kWvPrs5PpMeAdY4Rap08W1RrijQW_Ta"
"Lake Maitland - Kraft Azalea Garden","Orange",2023-04-12,"CEROC","Yes","Co-dominant taxa were: Microcystis aeruginosa and Planktolyngbya limnetica","Yes","No",,,,,,,,,,,"Anatoxin-a: not detected; Cylindrospermopsin: not detected; Nodularin-R: not detected; Saxitoxins: not detected","Overcast and windy. Water very choppy",2023-04-12 16:36:00,28.6114830591767,-81.3441476436006,0.3,"https://services1.arcgis.com/nRHtyn3uE1kyzoYc/ArcGIS/rest/services/service_c1026ff3b55f468d9f2edd834cb807f8/FeatureServer/0/6759/attachments/3566?token=esFGg2N_4QUkCtU1tiMztDW4hm2M0GdusSqnOkviQULZsKWy6cHlYSpBrHqloDkjMDORyL7vHp8tCloK_rT_6I4OA4EY19edP5rFzXcDxs3_bvd6rAbKq0BqhoPk7exiwoF-z98H5LJH5jJbe4dDOjffY9Bj9w3g5kWvPrs5PpMeAdY4Rap08W1RrijQW_Ta"
"Lake Martha - NE Shore","Orange",2023-04-12,"County","No","Dominant taxon: Microcystis aeruginosa","Yes","No",,,,,,,,,,,"Anatoxin-a: not detected; Cylindrospermopsin: not detected; Nodularin-R: not detected; Saxitoxins: not detected",,2023-04-12 13:45:00,28.609558,-81.272099,0.3,
"Lake Burkett - Center","Orange",2023-04-12,"County","No","mixed algae; no dominant species in sample","No","No",,,,,,,,,,,"Anatoxin-a: not detected; Cylindrospermopsin: not detected; Nodularin-R: not detected; Saxitoxins: not detected",,2023-04-12 13:20:00,28.610256,-81.268014,0.3,
"St. Johns River - Georgetown","Putnam",2023-04-12,"SJRWMD","No","Dominant taxon: Microcystis aeruginosa","Yes","No",,,,,,,,,,,"Anatoxin-a: not detected; Cylindrospermopsin: not detected; Nodularin-R: not detected; Saxitoxins: not detected","Cloudy, windy",2023-04-12 12:40:00,29.3772820887111,-81.6270366117593,0.304,"https://services1.arcgis.com/nRHtyn3uE1kyzoYc/ArcGIS/rest/services/service_c1026ff3b55f468d9f2edd834cb807f8/FeatureServer/0/6758/attachments/3565?token=esFGg2N_4QUkCtU1tiMztDW4hm2M0GdusSqnOkviQULZsKWy6cHlYSpBrHqloDkjMDORyL7vHp8tCloK_rT_6I4OA4EY19edP5rFzXcDxs3_bvd6rAbKq0BqhoPk7exiwoF-z98H5LJH5jJbe4dDOjffY9Bj9w3g5kWvPrs5PpMeAdY4Rap08W1RrijQW_Ta"
"Lake George - Center (LEO)","Volusia",2023-04-12,"SJRWMD","No","Dominant taxon: Microcystis aeruginosa","Yes","No",,,,,,,,,,,"Anatoxin-a: not detected; Cylindrospermopsin: not detected; Nodularin-R: not detected; Saxitoxins: not detected","Cloudy, windy",2023-04-12 12:18:00,29.30830556,-81.60638889,0.302,"https://services1.arcgis.com/nRHtyn3uE1kyzoYc/ArcGIS/rest/services/service_c1026ff3b55f468d9f2edd834cb807f8/FeatureServer/0/6757/attachments/3564?token=esFGg2N_4QUkCtU1tiMztDW4hm2M0GdusSqnOkviQULZsKWy6cHlYSpBrHqloDkjMDORyL7vHp8tCloK_rT_6I4OA4EY19edP5rFzXcDxs3_bvd6rAbKq0BqhoPk7exiwoF-z98H5LJH5jJbe4dDOjffY9Bj9w3g5kWvPrs5PpMeAdY4Rap08W1RrijQW_Ta"
"Lake Pineloch - E Shore","Orange",2023-04-11,"CEROC","No","mixed algae; no dominant species in sample","No","No",,,,,,,,,,,"Anatoxin-a: not detected; Cylindrospermopsin: not detected; Nodularin-R: not detected; Saxitoxins: not detected",,2023-04-11 16:15:00,28.5089624403233,-81.3649828385467,0.3,"https://services1.arcgis.com/nRHtyn3uE1kyzoYc/ArcGIS/rest/services/service_c1026ff3b55f468d9f2edd834cb807f8/FeatureServer/0/6756/attachments/3563?token=esFGg2N_4QUkCtU1tiMztDW4hm2M0GdusSqnOkviQULZsKWy6cHlYSpBrHqloDkjMDORyL7vHp8tCloK_rT_6I4OA4EY19edP5rFzXcDxs3_bvd6rAbKq0BqhoPk7exiwoF-z98H5LJH5jJbe4dDOjffY9Bj9w3g5kWvPrs5PpMeAdY4Rap08W1RrijQW_Ta"
"Lake Pearl - Woodside Village Ramp","Orange",2023-04-11,"CEROC","Yes","Dominant taxon: Microcystis aeruginosa","Yes","Yes",0.21,"I (I qualifier indicates that the reported value is between the laboratory method detection limit and the laboratory practical quantitation limit.)",,,,,,,,,"Anatoxin-a: not detected; Cylindrospermopsin: not detected; Nodularin-R: not detected; Saxitoxins: not detected","75 and cloudy, windy. ",2023-04-11 15:35:00,28.6017805384891,-81.2669642376226,0.3,"https://services1.arcgis.com/nRHtyn3uE1kyzoYc/ArcGIS/rest/services/service_c1026ff3b55f468d9f2edd834cb807f8/FeatureServer/0/6755/attachments/3560?token=esFGg2N_4QUkCtU1tiMztDW4hm2M0GdusSqnOkviQULZsKWy6cHlYSpBrHqloDkjMDORyL7vHp8tCloK_rT_6I4OA4EY19edP5rFzXcDxs3_bvd6rAbKq0BqhoPk7exiwoF-z98H5LJH5jJbe4dDOjffY9Bj9w3g5kWvPrs5PpMeAdY4Rap08W1RrijQW_Ta"
"Wood Lake - E Shore","Seminole",2023-04-11,"CEROC","Yes","Dominant taxon: Microcystis aeruginosa","Yes","No",,,,,,,,,,,"Anatoxin-a: not detected; Cylindrospermopsin: not detected; Nodularin-R: not detected; Saxitoxins: not detected","75 and cloudy, windy. ",2023-04-11 14:42:00,28.6418246284298,-81.3839043088187,0.3,"https://services1.arcgis.com/nRHtyn3uE1kyzoYc/ArcGIS/rest/services/service_c1026ff3b55f468d9f2edd834cb807f8/FeatureServer/0/6754/attachments/3557?token=esFGg2N_4QUkCtU1tiMztDW4hm2M0GdusSqnOkviQULZsKWy6cHlYSpBrHqloDkjMDORyL7vHp8tCloK_rT_6I4OA4EY19edP5rFzXcDxs3_bvd6rAbKq0BqhoPk7exiwoF-z98H5LJH5jJbe4dDOjffY9Bj9w3g5kWvPrs5PpMeAdY4Rap08W1RrijQW_Ta"
"Lake Virginia - Dinky Dock","Orange",2023-04-06,"CEROC","Yes","Dominant taxon: Microcystis aeruginosa","Yes","Yes",,,0.3,"I (I qualifier indicates that the reported value is between the laboratory method detection limit and the laboratory practical quantitation limit.)",,,,,,,"Anatoxin-a: not detected; Cylindrospermopsin: 0.30 I (I qualifier indicates that the reported value is between the laboratory method detection limit and the laboratory practical quantitation limit.); Nodularin-R: not detected; Saxitoxins: not detected","75 and cloudy",2023-04-06 17:14:00,28.5938852958576,-81.3445279172704,0.3,"https://services1.arcgis.com/nRHtyn3uE1kyzoYc/ArcGIS/rest/services/service_c1026ff3b55f468d9f2edd834cb807f8/FeatureServer/0/6748/attachments/3545?token=esFGg2N_4QUkCtU1tiMztDW4hm2M0GdusSqnOkviQULZsKWy6cHlYSpBrHqloDkjMDORyL7vHp8tCloK_rT_6I4OA4EY19edP5rFzXcDxs3_bvd6rAbKq0BqhoPk7exiwoF-z98H5LJH5jJbe4dDOjffY9Bj9w3g5kWvPrs5PpMeAdY4Rap08W1RrijQW_Ta"
"Lake Osceola - Canton Ave","Orange",2023-04-06,"CEROC","Yes","Dominant taxon: Microcystis aeruginosa","Yes","No",,,,,,,,,,,"Anatoxin-a: not detected; Cylindrospermopsin: not detected; Nodularin-R: not detected; Saxitoxins: not detected","75 and cloudy. Slight odor 
",2023-04-06 16:48:00,28.6005791303598,-81.3471363352072,0.3,"https://services1.arcgis.com/nRHtyn3uE1kyzoYc/ArcGIS/rest/services/service_c1026ff3b55f468d9f2edd834cb807f8/FeatureServer/0/6749/attachments/3548?token=esFGg2N_4QUkCtU1tiMztDW4hm2M0GdusSqnOkviQULZsKWy6cHlYSpBrHqloDkjMDORyL7vHp8tCloK_rT_6I4OA4EY19edP5rFzXcDxs3_bvd6rAbKq0BqhoPk7exiwoF-z98H5LJH5jJbe4dDOjffY9Bj9w3g5kWvPrs5PpMeAdY4Rap08W1RrijQW_Ta"
"Lake Marian - Boat Ramp","Osceola",2023-04-06,"SEROC","Yes","Dominant taxon: Microcystis aeruginosa","Yes","Yes",1.9,"I (I qualifier indicates that the reported value is between the laboratory method detection limit and the laboratory practical quantitation limit.)",,,,,,,,,"Anatoxin-a: not detected; Cylindrospermopsin: not detected; Nodularin-R: not detected; Saxitoxins: not detected",,2023-04-06 16:15:00,27.8728166466188,-81.0519595316951,0.3,"https://services1.arcgis.com/nRHtyn3uE1kyzoYc/ArcGIS/rest/services/service_c1026ff3b55f468d9f2edd834cb807f8/FeatureServer/0/6743/attachments/3534?token=esFGg2N_4QUkCtU1tiMztDW4hm2M0GdusSqnOkviQULZsKWy6cHlYSpBrHqloDkjMDORyL7vHp8tCloK_rT_6I4OA4EY19edP5rFzXcDxs3_bvd6rAbKq0BqhoPk7exiwoF-z98H5LJH5jJbe4dDOjffY9Bj9w3g5kWvPrs5PpMeAdY4Rap08W1RrijQW_Ta"
"Lake Griffin - SE Shore","Lake",2023-04-06,"CEROC","Yes","Co-dominant taxa were: Microcystis aeruginosa and Planktolyngbya limnetica","Yes","No",,,,,,,,,,,"Anatoxin-a: not detected; Cylindrospermopsin: not detected; Nodularin-R: not detected; Saxitoxins: not detected","75 and cloudy 
",2023-04-06 14:58:00,28.8236411790893,-81.8642996615306,0.3,"https://services1.arcgis.com/nRHtyn3uE1kyzoYc/ArcGIS/rest/services/service_c1026ff3b55f468d9f2edd834cb807f8/FeatureServer/0/6752/attachments/3551?token=esFGg2N_4QUkCtU1tiMztDW4hm2M0GdusSqnOkviQULZsKWy6cHlYSpBrHqloDkjMDORyL7vHp8tCloK_rT_6I4OA4EY19edP5rFzXcDxs3_bvd6rAbKq0BqhoPk7exiwoF-z98H5LJH5jJbe4dDOjffY9Bj9w3g5kWvPrs5PpMeAdY4Rap08W1RrijQW_Ta"
"Georges Lake - Boat Ramp","Putnam",2023-04-05,"NEROC","Yes","Dominant taxon: Microcystis aeruginosa","Yes","Yes",0.27,"I (I qualifier indicates that the reported value is between the laboratory method detection limit and the laboratory practical quantitation limit.)",,,,,,,,,"Anatoxin-a: not detected; Cylindrospermopsin: not detected; Nodularin-R: not detected; Saxitoxins: not detected",,2023-04-05 15:50:00,29.8022831639173,-81.8455007472119,0.3,"https://services1.arcgis.com/nRHtyn3uE1kyzoYc/ArcGIS/rest/services/service_c1026ff3b55f468d9f2edd834cb807f8/FeatureServer/0/6732/attachments/3514?token=esFGg2N_4QUkCtU1tiMztDW4hm2M0GdusSqnOkviQULZsKWy6cHlYSpBrHqloDkjMDORyL7vHp8tCloK_rT_6I4OA4EY19edP5rFzXcDxs3_bvd6rAbKq0BqhoPk7exiwoF-z98H5LJH5jJbe4dDOjffY9Bj9w3g5kWvPrs5PpMeAdY4Rap08W1RrijQW_Ta"
"Georges Lake - Center","Putnam",2023-04-05,"NEROC","Yes","Dominant taxon: Microcystis aeruginosa","Yes","Yes",0.18,"I (I qualifier indicates that the reported value is between the laboratory method detection limit and the laboratory practical quantitation limit.)",,,,,,,,,"Anatoxin-a: not detected; Cylindrospermopsin: not detected; Nodularin-R: not detected; Saxitoxins: not detected","There was little to no wind at site location .",2023-04-05 15:30:00,29.7946245812925,-81.8492565703713,0.03,"https://services1.arcgis.com/nRHtyn3uE1kyzoYc/ArcGIS/rest/services/service_c1026ff3b55f468d9f2edd834cb807f8/FeatureServer/0/6731/attachments/3511?token=esFGg2N_4QUkCtU1tiMztDW4hm2M0GdusSqnOkviQULZsKWy6cHlYSpBrHqloDkjMDORyL7vHp8tCloK_rT_6I4OA4EY19edP5rFzXcDxs3_bvd6rAbKq0BqhoPk7exiwoF-z98H5LJH5jJbe4dDOjffY9Bj9w3g5kWvPrs5PpMeAdY4Rap08W1RrijQW_Ta"
"Bonita Lake - S Shore","Volusia",2023-04-05,"CEROC","Yes","Dominant taxon: Oedogonium sp.","No","Yes",,,0.24,"I (I qualifier indicates that the reported value is between the laboratory method detection limit and the laboratory practical quantitation limit.)",,,,,,,"Anatoxin-a: not detected; Cylindrospermopsin: 0.24 I (I qualifier indicates that the reported value is between the laboratory method detection limit and the laboratory practical quantitation limit.); Nodularin-R: not detected; Saxitoxins: not detected","75 and cloudy ",2023-04-05 15:19:00,28.8834774428112,-81.2941729659779,0.3,"https://services1.arcgis.com/nRHtyn3uE1kyzoYc/ArcGIS/rest/services/service_c1026ff3b55f468d9f2edd834cb807f8/FeatureServer/0/6736/attachments/3526?token=esFGg2N_4QUkCtU1tiMztDW4hm2M0GdusSqnOkviQULZsKWy6cHlYSpBrHqloDkjMDORyL7vHp8tCloK_rT_6I4OA4EY19edP5rFzXcDxs3_bvd6rAbKq0BqhoPk7exiwoF-z98H5LJH5jJbe4dDOjffY9Bj9w3g5kWvPrs5PpMeAdY4Rap08W1RrijQW_Ta"
"Louise Lake - NW Lobe","Volusia",2023-04-05,"CEROC","No","Dominant taxon: Microcystis aeruginosa","Yes","Yes",0.74,"I (I qualifier indicates that the reported value is between the laboratory method detection limit and the laboratory practical quantitation limit.)",,,,,,,,,"Anatoxin-a: not detected; Cylindrospermopsin: not detected; Nodularin-R: not detected; Saxitoxins: not detected","75 and cloudy ",2023-04-05 14:32:00,28.8921155859678,-81.2025295429392,0.3,"https://services1.arcgis.com/nRHtyn3uE1kyzoYc/ArcGIS/rest/services/service_c1026ff3b55f468d9f2edd834cb807f8/FeatureServer/0/6735/attachments/3523?token=esFGg2N_4QUkCtU1tiMztDW4hm2M0GdusSqnOkviQULZsKWy6cHlYSpBrHqloDkjMDORyL7vHp8tCloK_rT_6I4OA4EY19edP5rFzXcDxs3_bvd6rAbKq0BqhoPk7exiwoF-z98H5LJH5jJbe4dDOjffY9Bj9w3g5kWvPrs5PpMeAdY4Rap08W1RrijQW_Ta"
"Pioneer Lake - NE Shore","Volusia",2023-04-05,"CEROC","Yes","Dominant taxon: Microcystis aeruginosa","Yes","Yes",0.46,"I (I qualifier indicates that the reported value is between the laboratory method detection limit and the laboratory practical quantitation limit.)",,,,,,,,,"Anatoxin-a: not detected; Cylindrospermopsin: not detected; Nodularin-R: not detected; Saxitoxins: not detected","75 and cloudy. Slight odor ",2023-04-05 13:52:00,28.8837249320845,-81.2420515373729,0.3,"https://services1.arcgis.com/nRHtyn3uE1kyzoYc/ArcGIS/rest/services/service_c1026ff3b55f468d9f2edd834cb807f8/FeatureServer/0/6734/attachments/3520?token=esFGg2N_4QUkCtU1tiMztDW4hm2M0GdusSqnOkviQULZsKWy6cHlYSpBrHqloDkjMDORyL7vHp8tCloK_rT_6I4OA4EY19edP5rFzXcDxs3_bvd6rAbKq0BqhoPk7exiwoF-z98H5LJH5jJbe4dDOjffY9Bj9w3g5kWvPrs5PpMeAdY4Rap08W1RrijQW_Ta"
"Lake Baldwin - Park Boat Ramp","Orange",2023-04-04,"CEROC","Yes","Dominant taxon: Microcystis aeruginosa","Yes","Yes",0.65,"I (I qualifier indicates that the reported value is between the laboratory method detection limit and the laboratory practical quantitation limit.)",,,,,,,,,"Anatoxin-a: not detected; Cylindrospermopsin: not detected; Nodularin-R: not detected; Saxitoxins: not detected","Sunny",2023-04-04 18:15:00,28.5754767599005,-81.3262143219518,0.3,"https://services1.arcgis.com/nRHtyn3uE1kyzoYc/ArcGIS/rest/services/service_c1026ff3b55f468d9f2edd834cb807f8/FeatureServer/0/6729/attachments/3505?token=esFGg2N_4QUkCtU1tiMztDW4hm2M0GdusSqnOkviQULZsKWy6cHlYSpBrHqloDkjMDORyL7vHp8tCloK_rT_6I4OA4EY19edP5rFzXcDxs3_bvd6rAbKq0BqhoPk7exiwoF-z98H5LJH5jJbe4dDOjffY9Bj9w3g5kWvPrs5PpMeAdY4Rap08W1RrijQW_Ta"
"Lake Sue - Fawsett Ramp","Orange",2023-04-04,"CEROC","No","Dominant taxon: Microcystis aeruginosa","Yes","Yes",0.4,"I (I qualifier indicates that the reported value is between the laboratory method detection limit and the laboratory practical quantitation limit.)",,,,,,,,,"Anatoxin-a: not detected; Cylindrospermopsin: not detected; Nodularin-R: not detected; Saxitoxins: not detected","Sunny",2023-04-04 17:46:00,28.5791163554028,-81.3519531687415,0.25,"https://services1.arcgis.com/nRHtyn3uE1kyzoYc/ArcGIS/rest/services/service_c1026ff3b55f468d9f2edd834cb807f8/FeatureServer/0/6724/attachments/3502?token=esFGg2N_4QUkCtU1tiMztDW4hm2M0GdusSqnOkviQULZsKWy6cHlYSpBrHqloDkjMDORyL7vHp8tCloK_rT_6I4OA4EY19edP5rFzXcDxs3_bvd6rAbKq0BqhoPk7exiwoF-z98H5LJH5jJbe4dDOjffY9Bj9w3g5kWvPrs5PpMeAdY4Rap08W1RrijQW_Ta"
"Sunset Lake - W Shore","Orange",2023-04-04,"CEROC","Yes","Dominant taxon: Aphanizomenon flos-aquae","Yes","Yes",0.5,"I (I qualifier indicates that the reported value is between the laboratory method detection limit and the laboratory practical quantitation limit.)",,,,,,,,,"Anatoxin-a: not detected; Cylindrospermopsin: not detected; Nodularin-R: not detected; Saxitoxins: not detected","Sunny. Dense algal mat along shore",2023-04-04 16:46:00,28.5366994542031,-81.4130112067261,0.2,"https://services1.arcgis.com/nRHtyn3uE1kyzoYc/ArcGIS/rest/services/service_c1026ff3b55f468d9f2edd834cb807f8/FeatureServer/0/6723/attachments/3499?token=esFGg2N_4QUkCtU1tiMztDW4hm2M0GdusSqnOkviQULZsKWy6cHlYSpBrHqloDkjMDORyL7vHp8tCloK_rT_6I4OA4EY19edP5rFzXcDxs3_bvd6rAbKq0BqhoPk7exiwoF-z98H5LJH5jJbe4dDOjffY9Bj9w3g5kWvPrs5PpMeAdY4Rap08W1RrijQW_Ta"
"Lake Copeland - SE Corner","Orange",2023-04-04,"CEROC","Yes","Dominant taxon: Microcystis aeruginosa","Yes","No",,,,,,,,,,,"Anatoxin-a: not detected; Cylindrospermopsin: not detected; Nodularin-R: not detected; Saxitoxins: not detected","Algae accumulated on surface has filamentous form but breaks apart when agitated. ",2023-04-04 16:07:00,28.5258750804035,-81.3740755711509,0.3,"https://services1.arcgis.com/nRHtyn3uE1kyzoYc/ArcGIS/rest/services/service_c1026ff3b55f468d9f2edd834cb807f8/FeatureServer/0/6730/attachments/3508?token=esFGg2N_4QUkCtU1tiMztDW4hm2M0GdusSqnOkviQULZsKWy6cHlYSpBrHqloDkjMDORyL7vHp8tCloK_rT_6I4OA4EY19edP5rFzXcDxs3_bvd6rAbKq0BqhoPk7exiwoF-z98H5LJH5jJbe4dDOjffY9Bj9w3g5kWvPrs5PpMeAdY4Rap08W1RrijQW_Ta"
"Big Sand Lake - from Dock","Orange",2023-04-04,"CEROC","Yes","Dominant taxon: Microcystis aeruginosa","Yes","No",,,,,,,,,,,"Anatoxin-a: not detected; Cylindrospermopsin: not detected; Nodularin-R: not detected; Saxitoxins: not detected","Sunny",2023-04-04 14:43:00,28.4265074505214,-81.4931616642578,0.3,"https://services1.arcgis.com/nRHtyn3uE1kyzoYc/ArcGIS/rest/services/service_c1026ff3b55f468d9f2edd834cb807f8/FeatureServer/0/6722/attachments/3497?token=esFGg2N_4QUkCtU1tiMztDW4hm2M0GdusSqnOkviQULZsKWy6cHlYSpBrHqloDkjMDORyL7vHp8tCloK_rT_6I4OA4EY19edP5rFzXcDxs3_bvd6rAbKq0BqhoPk7exiwoF-z98H5LJH5jJbe4dDOjffY9Bj9w3g5kWvPrs5PpMeAdY4Rap08W1RrijQW_Ta"
"Newnans Lake - Center (NEW)","Alachua",2023-03-30,"SJRWMD","No","mixed algae; no dominant species in sample","No","Yes",1.4,"I (I qualifier indicates that the reported value is between the laboratory method detection limit and the laboratory practical quantitation limit.)",,,,,,,,,"Anatoxin-a: not detected; Cylindrospermopsin: not detected; Nodularin-R: not detected; Saxitoxins: not detected","Sunny",2023-03-30 14:14:00,29.64401801,-82.22146763,0.306,"https://services1.arcgis.com/nRHtyn3uE1kyzoYc/ArcGIS/rest/services/service_c1026ff3b55f468d9f2edd834cb807f8/FeatureServer/0/6713/attachments/3484?token=esFGg2N_4QUkCtU1tiMztDW4hm2M0GdusSqnOkviQULZsKWy6cHlYSpBrHqloDkjMDORyL7vHp8tCloK_rT_6I4OA4EY19edP5rFzXcDxs3_bvd6rAbKq0BqhoPk7exiwoF-z98H5LJH5jJbe4dDOjffY9Bj9w3g5kWvPrs5PpMeAdY4Rap08W1RrijQW_Ta"
"Lake Ola - NE Shore","Orange",2023-03-30,"County","No","mixed algae; no dominant species in sample","No","No",,,,,,,,,,,"Anatoxin-a: not detected; Cylindrospermopsin: not detected; Nodularin-R: not detected; Saxitoxins: not detected",,2023-03-30 13:30:00,28.75517,-81.62585,0.3,
"Lake Jesup - Center (OW-CTR)","Seminole",2023-03-28,"SJRWMD","Yes","Dominant taxon: Planktolyngbya limnetica","Yes","Yes",,,0.41,,,,,,,,"Anatoxin-a: not detected; Cylindrospermopsin: 0.41; Nodularin-R: not detected; Saxitoxins: not detected",,2023-03-28 15:33:00,28.7268,-81.2111,0.3,
"Lake Monroe - Center (LMAC)","Volusia",2023-03-28,"SJRWMD","No","mixed algae; no dominant species in sample","No","No",,,,,,,,,,,"Anatoxin-a: not detected; Cylindrospermopsin: not detected; Nodularin-R: not detected; Saxitoxins: not detected","Cloudy",2023-03-28 14:22:00,28.83496,-81.27091,0.329,
"Blue Cypress Lake - Center (BCL)","IndianRiver",2023-03-28,"SJRWMD","No","mixed algae; no dominant species in sample","No","No",,,,,,,,,,,"Anatoxin-a: not detected; Cylindrospermopsin: not detected; Nodularin-R: not detected; Saxitoxins: not detected",,2023-03-28 14:06:00,27.7266,-80.7536,0.302,"https://services1.arcgis.com/nRHtyn3uE1kyzoYc/ArcGIS/rest/services/service_c1026ff3b55f468d9f2edd834cb807f8/FeatureServer/0/6709/attachments/3480?token=esFGg2N_4QUkCtU1tiMztDW4hm2M0GdusSqnOkviQULZsKWy6cHlYSpBrHqloDkjMDORyL7vHp8tCloK_rT_6I4OA4EY19edP5rFzXcDxs3_bvd6rAbKq0BqhoPk7exiwoF-z98H5LJH5jJbe4dDOjffY9Bj9w3g5kWvPrs5PpMeAdY4Rap08W1RrijQW_Ta"
"Stick Marsh - North (STKM)","IndianRiver",2023-03-28,"SJRWMD","Yes","Dominant taxon: Microcystis aeruginosa","Yes","No",,,,,,,,,,,"Anatoxin-a: not detected; Cylindrospermopsin: not detected; Nodularin-R: not detected; Saxitoxins: not detected","HAB Routine Sample Bloom observed",2023-03-28 13:39:00,27.81065,-80.724854,0.313,"https://services1.arcgis.com/nRHtyn3uE1kyzoYc/ArcGIS/rest/services/service_c1026ff3b55f468d9f2edd834cb807f8/FeatureServer/0/6710/attachments/3482?token=esFGg2N_4QUkCtU1tiMztDW4hm2M0GdusSqnOkviQULZsKWy6cHlYSpBrHqloDkjMDORyL7vHp8tCloK_rT_6I4OA4EY19edP5rFzXcDxs3_bvd6rAbKq0BqhoPk7exiwoF-z98H5LJH5jJbe4dDOjffY9Bj9w3g5kWvPrs5PpMeAdY4Rap08W1RrijQW_Ta"
"Bull Creek - near boat ramp","Flagler",2023-03-28,"SJRWMD","Yes","Dominant taxon: Aphanizomenon flos-aquae","Yes","No",,,,,,,,,,,"Anatoxin-a: not detected; Cylindrospermopsin: not detected; Nodularin-R: not detected; Saxitoxins: not detected","Cloudy, mild",2023-03-28 13:08:00,29.42379235,-81.43612045,0.309,"https://services1.arcgis.com/nRHtyn3uE1kyzoYc/ArcGIS/rest/services/service_c1026ff3b55f468d9f2edd834cb807f8/FeatureServer/0/6707/attachments/3479?token=esFGg2N_4QUkCtU1tiMztDW4hm2M0GdusSqnOkviQULZsKWy6cHlYSpBrHqloDkjMDORyL7vHp8tCloK_rT_6I4OA4EY19edP5rFzXcDxs3_bvd6rAbKq0BqhoPk7exiwoF-z98H5LJH5jJbe4dDOjffY9Bj9w3g5kWvPrs5PpMeAdY4Rap08W1RrijQW_Ta"
"Georges Lake - Boat Ramp","Putnam",2023-03-27,"NEROC","Yes","Dominant taxon: Microcystis aeruginosa","Yes","Yes",3.4,,,,,,,,,,"Anatoxin-a: not detected; Cylindrospermopsin: not detected; Nodularin-R: not detected; Saxitoxins: not detected","Very windy, blowing into boat ramp area",2023-03-27 16:15:00,29.8021892549912,-81.8454731083786,0.3,"https://services1.arcgis.com/nRHtyn3uE1kyzoYc/ArcGIS/rest/services/service_c1026ff3b55f468d9f2edd834cb807f8/FeatureServer/0/6705/attachments/3473?token=esFGg2N_4QUkCtU1tiMztDW4hm2M0GdusSqnOkviQULZsKWy6cHlYSpBrHqloDkjMDORyL7vHp8tCloK_rT_6I4OA4EY19edP5rFzXcDxs3_bvd6rAbKq0BqhoPk7exiwoF-z98H5LJH5jJbe4dDOjffY9Bj9w3g5kWvPrs5PpMeAdY4Rap08W1RrijQW_Ta"
"Georges Lake - Center","Putnam",2023-03-27,"NEROC","Yes","Dominant taxon: Microcystis aeruginosa","Yes","Yes",2.6,"I (I qualifier indicates that the reported value is between the laboratory method detection limit and the laboratory practical quantitation limit.)",,,,,,,,,"Anatoxin-a: not detected; Cylindrospermopsin: not detected; Nodularin-R: not detected; Saxitoxins: not detected",,2023-03-27 15:50:00,29.7953364583881,-81.8484268065888,0.3,"https://services1.arcgis.com/nRHtyn3uE1kyzoYc/ArcGIS/rest/services/service_c1026ff3b55f468d9f2edd834cb807f8/FeatureServer/0/6704/attachments/3470?token=esFGg2N_4QUkCtU1tiMztDW4hm2M0GdusSqnOkviQULZsKWy6cHlYSpBrHqloDkjMDORyL7vHp8tCloK_rT_6I4OA4EY19edP5rFzXcDxs3_bvd6rAbKq0BqhoPk7exiwoF-z98H5LJH5jJbe4dDOjffY9Bj9w3g5kWvPrs5PpMeAdY4Rap08W1RrijQW_Ta"
"Lake Baldwin - Fleet Peeples Park","Orange",2023-03-23,"CEROC","Yes","Dominant taxon: Microcystis aeruginosa","Yes","Yes",1.9,"I (I qualifier indicates that the reported value is between the laboratory method detection limit and the laboratory practical quantitation limit.)",,,,,,,,,"Anatoxin-a: not detected; Cylindrospermopsin: not detected; Nodularin-R: not detected; Saxitoxins: not detected","75 and sunny ",2023-03-23 18:25:00,28.5755583056404,-81.3262056430481,0.3,"https://services1.arcgis.com/nRHtyn3uE1kyzoYc/ArcGIS/rest/services/service_c1026ff3b55f468d9f2edd834cb807f8/FeatureServer/0/6700/attachments/3464?token=esFGg2N_4QUkCtU1tiMztDW4hm2M0GdusSqnOkviQULZsKWy6cHlYSpBrHqloDkjMDORyL7vHp8tCloK_rT_6I4OA4EY19edP5rFzXcDxs3_bvd6rAbKq0BqhoPk7exiwoF-z98H5LJH5jJbe4dDOjffY9Bj9w3g5kWvPrs5PpMeAdY4Rap08W1RrijQW_Ta"
"Lake Virginia - Dinky Dock","Orange",2023-03-23,"CEROC","Yes","Dominant taxon: Microcystis aeruginosa","Yes","Yes",,,0.31,"I (I qualifier indicates that the reported value is between the laboratory method detection limit and the laboratory practical quantitation limit.)",,,,,,,"Anatoxin-a: not detected; Cylindrospermopsin: 0.31 I (I qualifier indicates that the reported value is between the laboratory method detection limit and the laboratory practical quantitation limit.); Nodularin-R: not detected; Saxitoxins: not detected","75 and sunny ",2023-03-23 18:02:00,28.5938773734842,-81.3444659274633,0.3,"https://services1.arcgis.com/nRHtyn3uE1kyzoYc/ArcGIS/rest/services/service_c1026ff3b55f468d9f2edd834cb807f8/FeatureServer/0/6699/attachments/3461?token=esFGg2N_4QUkCtU1tiMztDW4hm2M0GdusSqnOkviQULZsKWy6cHlYSpBrHqloDkjMDORyL7vHp8tCloK_rT_6I4OA4EY19edP5rFzXcDxs3_bvd6rAbKq0BqhoPk7exiwoF-z98H5LJH5jJbe4dDOjffY9Bj9w3g5kWvPrs5PpMeAdY4Rap08W1RrijQW_Ta"
"Lake Osceola - Canton Ave","Orange",2023-03-23,"CEROC","Yes","Dominant taxon: Microcystis aeruginosa","Yes","Yes",0.14,"I (I qualifier indicates that the reported value is between the laboratory method detection limit and the laboratory practical quantitation limit.)",,,,,,,,,"Anatoxin-a: not detected; Cylindrospermopsin: not detected; Nodularin-R: not detected; Saxitoxins: not detected","75 and sunny ",2023-03-23 17:42:00,28.6006232295992,-81.3471677237977,0.3,"https://services1.arcgis.com/nRHtyn3uE1kyzoYc/ArcGIS/rest/services/service_c1026ff3b55f468d9f2edd834cb807f8/FeatureServer/0/6697/attachments/3455?token=esFGg2N_4QUkCtU1tiMztDW4hm2M0GdusSqnOkviQULZsKWy6cHlYSpBrHqloDkjMDORyL7vHp8tCloK_rT_6I4OA4EY19edP5rFzXcDxs3_bvd6rAbKq0BqhoPk7exiwoF-z98H5LJH5jJbe4dDOjffY9Bj9w3g5kWvPrs5PpMeAdY4Rap08W1RrijQW_Ta"
"Lake Maitland - Kraft Azalea Garden","Orange",2023-03-23,"CEROC","Yes","Co-dominant taxa were: Microcystis aeruginosa and Cylindrospermopsis raciborskii","Yes","No",,,,,,,,,,,"Anatoxin-a: not detected; Cylindrospermopsin: not detected; Nodularin-R: not detected; Saxitoxins: not detected","75 and sunny 
",2023-03-23 17:20:00,28.6115294320708,-81.3441307492357,0.3,"https://services1.arcgis.com/nRHtyn3uE1kyzoYc/ArcGIS/rest/services/service_c1026ff3b55f468d9f2edd834cb807f8/FeatureServer/0/6698/attachments/3458?token=esFGg2N_4QUkCtU1tiMztDW4hm2M0GdusSqnOkviQULZsKWy6cHlYSpBrHqloDkjMDORyL7vHp8tCloK_rT_6I4OA4EY19edP5rFzXcDxs3_bvd6rAbKq0BqhoPk7exiwoF-z98H5LJH5jJbe4dDOjffY9Bj9w3g5kWvPrs5PpMeAdY4Rap08W1RrijQW_Ta"
"Lake Cherokee - SE Shore ","Orange",2023-03-23,"CEROC","Yes","mixed algae; no dominant species in sample","No","No",,,,,,,,,,,"Anatoxin-a: not detected; Cylindrospermopsin: not detected; Nodularin-R: not detected; Saxitoxins: not detected","75 and sunny ",2023-03-23 16:16:00,28.5329815231634,-81.3701222620845,0.3,"https://services1.arcgis.com/nRHtyn3uE1kyzoYc/ArcGIS/rest/services/service_c1026ff3b55f468d9f2edd834cb807f8/FeatureServer/0/6701/attachments/3467?token=esFGg2N_4QUkCtU1tiMztDW4hm2M0GdusSqnOkviQULZsKWy6cHlYSpBrHqloDkjMDORyL7vHp8tCloK_rT_6I4OA4EY19edP5rFzXcDxs3_bvd6rAbKq0BqhoPk7exiwoF-z98H5LJH5jJbe4dDOjffY9Bj9w3g5kWvPrs5PpMeAdY4Rap08W1RrijQW_Ta"
"Lake Speer - NW Lobe","Orange",2023-03-23,"County","Yes","Co-dominant taxa were: Microcystis aeruginosa and Dolichospermum sp.","Yes","Yes",1,"I (I qualifier indicates that the reported value is between the laboratory method detection limit and the laboratory practical quantitation limit.)",,,,,,,,,"Anatoxin-a: not detected; Cylindrospermopsin: not detected; Nodularin-R: not detected; Saxitoxins: not detected",,2023-03-23 14:55:00,28.483104,-81.602176,0.3,
"Caywood Pond - SW Dock","Orange",2023-03-23,"County","Yes","Co-dominant taxa were: Microcystis aeruginosa and Aphanizomenon flos-aquae","Yes","Yes",0.57,"I (I qualifier indicates that the reported value is between the laboratory method detection limit and the laboratory practical quantitation limit.)",,,,,,,,,"Anatoxin-a: not detected; Cylindrospermopsin: not detected; Nodularin-R: not detected; Saxitoxins: not detected",,2023-03-23 14:15:00,28.488622,-81.590489644,0.3,
"Lake Washington - Center (LWC)","Brevard",2023-03-23,"SJRWMD","No","mixed algae; no dominant species in sample","No","No",,,,,,,,,,,"Anatoxin-a: not detected; Cylindrospermopsin: not detected; Nodularin-R: not detected; Saxitoxins: not detected",,2023-03-23 12:30:00,28.142439,-80.746111,0.3,"https://services1.arcgis.com/nRHtyn3uE1kyzoYc/ArcGIS/rest/services/service_c1026ff3b55f468d9f2edd834cb807f8/FeatureServer/0/6696/attachments/3453?token=esFGg2N_4QUkCtU1tiMztDW4hm2M0GdusSqnOkviQULZsKWy6cHlYSpBrHqloDkjMDORyL7vHp8tCloK_rT_6I4OA4EY19edP5rFzXcDxs3_bvd6rAbKq0BqhoPk7exiwoF-z98H5LJH5jJbe4dDOjffY9Bj9w3g5kWvPrs5PpMeAdY4Rap08W1RrijQW_Ta"
"Lake Pineloch - E Shore","Orange",2023-03-22,"CEROC","No","Dominant taxon: Microcystis aeruginosa","Yes","No",,,,,,,,,,,"Anatoxin-a: not detected; Cylindrospermopsin: not detected; Nodularin-R: not detected; Saxitoxins: not detected",,2023-03-22 17:30:00,28.5090411891212,-81.3650618697435,0.3,"https://services1.arcgis.com/nRHtyn3uE1kyzoYc/ArcGIS/rest/services/service_c1026ff3b55f468d9f2edd834cb807f8/FeatureServer/0/6692/attachments/3442?token=esFGg2N_4QUkCtU1tiMztDW4hm2M0GdusSqnOkviQULZsKWy6cHlYSpBrHqloDkjMDORyL7vHp8tCloK_rT_6I4OA4EY19edP5rFzXcDxs3_bvd6rAbKq0BqhoPk7exiwoF-z98H5LJH5jJbe4dDOjffY9Bj9w3g5kWvPrs5PpMeAdY4Rap08W1RrijQW_Ta"
"Lake Pearl - Woodside Village Ramp","Orange",2023-03-22,"CEROC","Yes","Dominant taxon: Microcystis aeruginosa","Yes","Yes",0.28,"I (I qualifier indicates that the reported value is between the laboratory method detection limit and the laboratory practical quantitation limit.)",,,,,,,,,"Anatoxin-a: not detected; Cylindrospermopsin: not detected; Nodularin-R: not detected; Saxitoxins: not detected",,2023-03-22 16:25:00,28.601777788793,-81.2668807434487,0.3,"https://services1.arcgis.com/nRHtyn3uE1kyzoYc/ArcGIS/rest/services/service_c1026ff3b55f468d9f2edd834cb807f8/FeatureServer/0/6691/attachments/3440?token=esFGg2N_4QUkCtU1tiMztDW4hm2M0GdusSqnOkviQULZsKWy6cHlYSpBrHqloDkjMDORyL7vHp8tCloK_rT_6I4OA4EY19edP5rFzXcDxs3_bvd6rAbKq0BqhoPk7exiwoF-z98H5LJH5jJbe4dDOjffY9Bj9w3g5kWvPrs5PpMeAdY4Rap08W1RrijQW_Ta"
"Louise Lake - NW Lobe","Volusia",2023-03-22,"CEROC","Yes","Dominant taxon: Microcystis aeruginosa","Yes","Yes",3.7,,,,,,,,,,"Anatoxin-a: not detected; Cylindrospermopsin: not detected; Nodularin-R: not detected; Saxitoxins: not detected",,2023-03-22 14:40:00,28.8920781280124,-81.2025073849377,0.3,"https://services1.arcgis.com/nRHtyn3uE1kyzoYc/ArcGIS/rest/services/service_c1026ff3b55f468d9f2edd834cb807f8/FeatureServer/0/6690/attachments/3438?token=esFGg2N_4QUkCtU1tiMztDW4hm2M0GdusSqnOkviQULZsKWy6cHlYSpBrHqloDkjMDORyL7vHp8tCloK_rT_6I4OA4EY19edP5rFzXcDxs3_bvd6rAbKq0BqhoPk7exiwoF-z98H5LJH5jJbe4dDOjffY9Bj9w3g5kWvPrs5PpMeAdY4Rap08W1RrijQW_Ta"
"John’s Lake - W Lobe","Lake",2023-03-20,"CEROC","Yes","Dominant taxon: Zygnema sp.","No","No",,,,,,,,,,,"Anatoxin-a: not detected; Cylindrospermopsin: not detected; Nodularin-R: not detected; Saxitoxins: not detected","Windy ",2023-03-20 16:11:00,28.5339890023995,-81.6808648147708,0.3,"https://services1.arcgis.com/nRHtyn3uE1kyzoYc/ArcGIS/rest/services/service_c1026ff3b55f468d9f2edd834cb807f8/FeatureServer/0/6686/attachments/3431?token=esFGg2N_4QUkCtU1tiMztDW4hm2M0GdusSqnOkviQULZsKWy6cHlYSpBrHqloDkjMDORyL7vHp8tCloK_rT_6I4OA4EY19edP5rFzXcDxs3_bvd6rAbKq0BqhoPk7exiwoF-z98H5LJH5jJbe4dDOjffY9Bj9w3g5kWvPrs5PpMeAdY4Rap08W1RrijQW_Ta"
"Georges Lake - Boat Ramp","Putnam",2023-03-20,"NEROC","Yes","Dominant taxon: Microcystis aeruginosa","Yes","Yes",2.4,"I (I qualifier indicates that the reported value is between the laboratory method detection limit and the laboratory practical quantitation limit.)",,,,,,,,,"Anatoxin-a: not detected; Cylindrospermopsin: not detected; Nodularin-R: not detected; Saxitoxins: not detected",,2023-03-20 16:05:00,29.8021759654486,-81.8455156386778,0.3,"https://services1.arcgis.com/nRHtyn3uE1kyzoYc/ArcGIS/rest/services/service_c1026ff3b55f468d9f2edd834cb807f8/FeatureServer/0/6683/attachments/3428?token=esFGg2N_4QUkCtU1tiMztDW4hm2M0GdusSqnOkviQULZsKWy6cHlYSpBrHqloDkjMDORyL7vHp8tCloK_rT_6I4OA4EY19edP5rFzXcDxs3_bvd6rAbKq0BqhoPk7exiwoF-z98H5LJH5jJbe4dDOjffY9Bj9w3g5kWvPrs5PpMeAdY4Rap08W1RrijQW_Ta"
"Georges Lake - Center","Putnam",2023-03-20,"NEROC","Yes","Dominant taxon: Microcystis aeruginosa","Yes","Yes",2.4,"I (I qualifier indicates that the reported value is between the laboratory method detection limit and the laboratory practical quantitation limit.)",,,,,,,,,"Anatoxin-a: not detected; Cylindrospermopsin: not detected; Nodularin-R: not detected; Saxitoxins: not detected","Wind conditions, 9 MPH from North.",2023-03-20 15:40:00,29.7930559178056,-81.849080584352,0.3,"https://services1.arcgis.com/nRHtyn3uE1kyzoYc/ArcGIS/rest/services/service_c1026ff3b55f468d9f2edd834cb807f8/FeatureServer/0/6682/attachments/3425?token=esFGg2N_4QUkCtU1tiMztDW4hm2M0GdusSqnOkviQULZsKWy6cHlYSpBrHqloDkjMDORyL7vHp8tCloK_rT_6I4OA4EY19edP5rFzXcDxs3_bvd6rAbKq0BqhoPk7exiwoF-z98H5LJH5jJbe4dDOjffY9Bj9w3g5kWvPrs5PpMeAdY4Rap08W1RrijQW_Ta"
"Sunset Lake - W Shore","Orange",2023-03-16,"CEROC","Yes","Dominant taxon: Microcystis aeruginosa","Yes","Yes",1.9,"IY (I qualifier indicates that the reported value is between the laboratory method detection limit and the laboratory practical quantitation limit. Y qualifier indicates improper preservation.)",,,,,,,,,"Anatoxin-a: not detected; Cylindrospermopsin: not detected; Nodularin-R: not detected; Saxitoxins: not detected","Sunny. ",2023-03-16 18:25:00,28.536661535047,-81.4130424578054,0.2,"https://services1.arcgis.com/nRHtyn3uE1kyzoYc/ArcGIS/rest/services/service_c1026ff3b55f468d9f2edd834cb807f8/FeatureServer/0/6678/attachments/3416?token=esFGg2N_4QUkCtU1tiMztDW4hm2M0GdusSqnOkviQULZsKWy6cHlYSpBrHqloDkjMDORyL7vHp8tCloK_rT_6I4OA4EY19edP5rFzXcDxs3_bvd6rAbKq0BqhoPk7exiwoF-z98H5LJH5jJbe4dDOjffY9Bj9w3g5kWvPrs5PpMeAdY4Rap08W1RrijQW_Ta"
"Lake Mann - McQueen Park","Orange",2023-03-16,"CEROC","Yes","mixed algae; no dominant species in sample","No","Yes",,,0.13,"I (I qualifier indicates that the reported value is between the laboratory method detection limit and the laboratory practical quantitation limit.)",,,,,,,"Anatoxin-a: not detected; Cylindrospermopsin: 0.13 I (I qualifier indicates that the reported value is between the laboratory method detection limit and the laboratory practical quantitation limit.); Nodularin-R: not detected; Saxitoxins: not detected","Sunny. Water very green",2023-03-16 17:55:00,28.5345985447513,-81.4235235587018,0.3,"https://services1.arcgis.com/nRHtyn3uE1kyzoYc/ArcGIS/rest/services/service_c1026ff3b55f468d9f2edd834cb807f8/FeatureServer/0/6681/attachments/3422?token=esFGg2N_4QUkCtU1tiMztDW4hm2M0GdusSqnOkviQULZsKWy6cHlYSpBrHqloDkjMDORyL7vHp8tCloK_rT_6I4OA4EY19edP5rFzXcDxs3_bvd6rAbKq0BqhoPk7exiwoF-z98H5LJH5jJbe4dDOjffY9Bj9w3g5kWvPrs5PpMeAdY4Rap08W1RrijQW_Ta"
"Lake Howell - NW Shore","Seminole",2023-03-16,"CEROC","Yes","Dominant taxon: Microcystis aeruginosa","Yes","No",,,,,,,,,,,"Anatoxin-a: not detected; Cylindrospermopsin: not detected; Nodularin-R: not detected; Saxitoxins: not detected","Sunny and 70
",2023-03-16 17:22:00,28.6433545500128,-81.317781891134,0.3,"https://services1.arcgis.com/nRHtyn3uE1kyzoYc/ArcGIS/rest/services/service_c1026ff3b55f468d9f2edd834cb807f8/FeatureServer/0/6679/attachments/3419?token=esFGg2N_4QUkCtU1tiMztDW4hm2M0GdusSqnOkviQULZsKWy6cHlYSpBrHqloDkjMDORyL7vHp8tCloK_rT_6I4OA4EY19edP5rFzXcDxs3_bvd6rAbKq0BqhoPk7exiwoF-z98H5LJH5jJbe4dDOjffY9Bj9w3g5kWvPrs5PpMeAdY4Rap08W1RrijQW_Ta"
"Louise Lake - NW Lobe","Volusia",2023-03-16,"CEROC","Yes","Dominant taxon: Microcystis aeruginosa","Yes","Yes",7.2,,,,,,,,,,"Anatoxin-a: not detected; Cylindrospermopsin: not detected; Nodularin-R: not detected; Saxitoxins: not detected","Sunny with cool temps and a breeze. Detached filamentous algae accumulating along surface of shoreline. Green algae specks observed throughout water column ",2023-03-16 16:42:00,28.8919912005878,-81.201908427934,0.3,"https://services1.arcgis.com/nRHtyn3uE1kyzoYc/ArcGIS/rest/services/service_c1026ff3b55f468d9f2edd834cb807f8/FeatureServer/0/6675/attachments/3410?token=esFGg2N_4QUkCtU1tiMztDW4hm2M0GdusSqnOkviQULZsKWy6cHlYSpBrHqloDkjMDORyL7vHp8tCloK_rT_6I4OA4EY19edP5rFzXcDxs3_bvd6rAbKq0BqhoPk7exiwoF-z98H5LJH5jJbe4dDOjffY9Bj9w3g5kWvPrs5PpMeAdY4Rap08W1RrijQW_Ta"
"Crescent Lake - mouth of Dunns Creek (CRESLM)","Putnam",2023-03-16,"SJRWMD","No","mixed algae; no dominant species in sample","No","No",,,,,,,,,,,"Anatoxin-a: not detected; Cylindrospermopsin: not detected; Nodularin-R: not detected; Saxitoxins: not detected",,2023-03-16 15:36:00,29.52955556,-81.55372222,0.311,"https://services1.arcgis.com/nRHtyn3uE1kyzoYc/ArcGIS/rest/services/service_c1026ff3b55f468d9f2edd834cb807f8/FeatureServer/0/6677/attachments/3415?token=esFGg2N_4QUkCtU1tiMztDW4hm2M0GdusSqnOkviQULZsKWy6cHlYSpBrHqloDkjMDORyL7vHp8tCloK_rT_6I4OA4EY19edP5rFzXcDxs3_bvd6rAbKq0BqhoPk7exiwoF-z98H5LJH5jJbe4dDOjffY9Bj9w3g5kWvPrs5PpMeAdY4Rap08W1RrijQW_Ta"
"Deep Lake - N Shore","Seminole",2023-03-16,"CEROC","Yes","Dominant taxon: Microcystis aeruginosa","Yes","No",,,,,,,,,,,"Anatoxin-a: not detected; Cylindrospermopsin: not detected; Nodularin-R: not detected; Saxitoxins: not detected","Sunny with cool temps and a breeze. Algae specks still visible in water column but overall lake appearance has visually improved with a clear surface ",2023-03-16 15:03:00,28.614507686274,-81.2531260195446,0.3,"https://services1.arcgis.com/nRHtyn3uE1kyzoYc/ArcGIS/rest/services/service_c1026ff3b55f468d9f2edd834cb807f8/FeatureServer/0/6676/attachments/3413?token=esFGg2N_4QUkCtU1tiMztDW4hm2M0GdusSqnOkviQULZsKWy6cHlYSpBrHqloDkjMDORyL7vHp8tCloK_rT_6I4OA4EY19edP5rFzXcDxs3_bvd6rAbKq0BqhoPk7exiwoF-z98H5LJH5jJbe4dDOjffY9Bj9w3g5kWvPrs5PpMeAdY4Rap08W1RrijQW_Ta"
"Lake Sue - Fawsett Ramp","Orange",2023-03-16,"CEROC","Yes","Dominant taxon: Microcystis aeruginosa","Yes","Yes",0.17,"IY (I qualifier indicates that the reported value is between the laboratory method detection limit and the laboratory practical quantitation limit. Y qualifier indicates improper preservation.)",,,,,,,,,"Anatoxin-a: not detected; Cylindrospermopsin: not detected; Nodularin-R: not detected; Saxitoxins: not detected","Sunny with cool temps",2023-03-16 14:18:00,28.5790881567033,-81.3519531143756,0.25,"https://services1.arcgis.com/nRHtyn3uE1kyzoYc/ArcGIS/rest/services/service_c1026ff3b55f468d9f2edd834cb807f8/FeatureServer/0/6673/attachments/3404?token=esFGg2N_4QUkCtU1tiMztDW4hm2M0GdusSqnOkviQULZsKWy6cHlYSpBrHqloDkjMDORyL7vHp8tCloK_rT_6I4OA4EY19edP5rFzXcDxs3_bvd6rAbKq0BqhoPk7exiwoF-z98H5LJH5jJbe4dDOjffY9Bj9w3g5kWvPrs5PpMeAdY4Rap08W1RrijQW_Ta"
"Lake Marian - Boat Ramp","Osceola",2023-03-16,"SEROC","Yes","Dominant taxon: Microcystis aeruginosa","Yes","Yes",2.5,,,,,,,,,,"Anatoxin-a: not detected; Cylindrospermopsin: not detected; Nodularin-R: not detected; Saxitoxins: not detected","Sunny 60s",2023-03-16 14:15:00,27.8727958258241,-81.051980573684,0.3,"https://services1.arcgis.com/nRHtyn3uE1kyzoYc/ArcGIS/rest/services/service_c1026ff3b55f468d9f2edd834cb807f8/FeatureServer/0/6674/attachments/3407?token=esFGg2N_4QUkCtU1tiMztDW4hm2M0GdusSqnOkviQULZsKWy6cHlYSpBrHqloDkjMDORyL7vHp8tCloK_rT_6I4OA4EY19edP5rFzXcDxs3_bvd6rAbKq0BqhoPk7exiwoF-z98H5LJH5jJbe4dDOjffY9Bj9w3g5kWvPrs5PpMeAdY4Rap08W1RrijQW_Ta"
"Lake George - Center (LEO)","Volusia",2023-03-15,"SJRWMD","No","mixed algae; no dominant species in sample","No","No",,,,,,,,,,,"Anatoxin-a: not detected; Cylindrospermopsin: not detected; Nodularin-R: not detected; Saxitoxins: not detected","mild,cloudy,windy",2023-03-15 13:38:00,29.30830556,-81.60638889,0.302,"https://services1.arcgis.com/nRHtyn3uE1kyzoYc/ArcGIS/rest/services/service_c1026ff3b55f468d9f2edd834cb807f8/FeatureServer/0/6671/attachments/3400?token=esFGg2N_4QUkCtU1tiMztDW4hm2M0GdusSqnOkviQULZsKWy6cHlYSpBrHqloDkjMDORyL7vHp8tCloK_rT_6I4OA4EY19edP5rFzXcDxs3_bvd6rAbKq0BqhoPk7exiwoF-z98H5LJH5jJbe4dDOjffY9Bj9w3g5kWvPrs5PpMeAdY4Rap08W1RrijQW_Ta"
"Lake Baldwin - Fleet Peeples Park","Orange",2023-03-14,"CEROC","Yes","Dominant taxon: Microcystis aeruginosa","Yes","Yes",1.1,"I (I qualifier indicates that the reported value is between the laboratory method detection limit and the laboratory practical quantitation limit.)",,,,,,,,,"Anatoxin-a: not detected; Cylindrospermopsin: not detected; Nodularin-R: not detected; Saxitoxins: not detected","Sunny",2023-03-14 17:39:00,28.5754878172905,-81.3262381161862,0.3,"https://services1.arcgis.com/nRHtyn3uE1kyzoYc/ArcGIS/rest/services/service_c1026ff3b55f468d9f2edd834cb807f8/FeatureServer/0/6666/attachments/3392?token=esFGg2N_4QUkCtU1tiMztDW4hm2M0GdusSqnOkviQULZsKWy6cHlYSpBrHqloDkjMDORyL7vHp8tCloK_rT_6I4OA4EY19edP5rFzXcDxs3_bvd6rAbKq0BqhoPk7exiwoF-z98H5LJH5jJbe4dDOjffY9Bj9w3g5kWvPrs5PpMeAdY4Rap08W1RrijQW_Ta"
"St. Johns River - Shands Bridge (20030157)","StJohns",2023-03-14,"SJRWMD","No","mixed algae; no dominant species in sample","No","No",,,,,,,,,,,"Anatoxin-a: not detected; Cylindrospermopsin: not detected; Nodularin-R: not detected; Saxitoxins: not detected","Clear skies, cool, windy",2023-03-14 16:53:00,29.98163056,-81.62213889,0.337,"https://services1.arcgis.com/nRHtyn3uE1kyzoYc/ArcGIS/rest/services/service_c1026ff3b55f468d9f2edd834cb807f8/FeatureServer/0/6669/attachments/3397?token=esFGg2N_4QUkCtU1tiMztDW4hm2M0GdusSqnOkviQULZsKWy6cHlYSpBrHqloDkjMDORyL7vHp8tCloK_rT_6I4OA4EY19edP5rFzXcDxs3_bvd6rAbKq0BqhoPk7exiwoF-z98H5LJH5jJbe4dDOjffY9Bj9w3g5kWvPrs5PpMeAdY4Rap08W1RrijQW_Ta"
"St. Johns River - Mandarin Point (MP72)","Duval",2023-03-14,"SJRWMD","No","mixed algae; no dominant species in sample","No","No",,,,,,,,,,,"Anatoxin-a: not detected; Cylindrospermopsin: not detected; Nodularin-R: not detected; Saxitoxins: not detected","Clear skies, cool, windy",2023-03-14 15:45:00,30.15666667,-81.68388889,0.344,"https://services1.arcgis.com/nRHtyn3uE1kyzoYc/ArcGIS/rest/services/service_c1026ff3b55f468d9f2edd834cb807f8/FeatureServer/0/6668/attachments/3396?token=esFGg2N_4QUkCtU1tiMztDW4hm2M0GdusSqnOkviQULZsKWy6cHlYSpBrHqloDkjMDORyL7vHp8tCloK_rT_6I4OA4EY19edP5rFzXcDxs3_bvd6rAbKq0BqhoPk7exiwoF-z98H5LJH5jJbe4dDOjffY9Bj9w3g5kWvPrs5PpMeAdY4Rap08W1RrijQW_Ta"
"Wood Lake - E Shore","Seminole",2023-03-14,"CEROC","Yes","mixed algae; no dominant species in sample","No","Yes",0.22,"I (I qualifier indicates that the reported value is between the laboratory method detection limit and the laboratory practical quantitation limit.)",,,,,,,,,"Anatoxin-a: not detected; Cylindrospermopsin: not detected; Nodularin-R: not detected; Saxitoxins: not detected","Sunny with cool temps",2023-03-14 15:33:00,28.641807852653,-81.383847001809,0.3,"https://services1.arcgis.com/nRHtyn3uE1kyzoYc/ArcGIS/rest/services/service_c1026ff3b55f468d9f2edd834cb807f8/FeatureServer/0/6665/attachments/3389?token=esFGg2N_4QUkCtU1tiMztDW4hm2M0GdusSqnOkviQULZsKWy6cHlYSpBrHqloDkjMDORyL7vHp8tCloK_rT_6I4OA4EY19edP5rFzXcDxs3_bvd6rAbKq0BqhoPk7exiwoF-z98H5LJH5jJbe4dDOjffY9Bj9w3g5kWvPrs5PpMeAdY4Rap08W1RrijQW_Ta"
"Doctors Lake - Center (DTL)","Clay",2023-03-14,"SJRWMD","No","mixed algae; no dominant species in sample","No","No",,,,,,,,,,,"Anatoxin-a: not detected; Cylindrospermopsin: not detected; Nodularin-R: not detected; Saxitoxins: not detected","Clear skies, cool, windysy",2023-03-14 15:25:00,30.13805556,-81.72722222,0.324,"https://services1.arcgis.com/nRHtyn3uE1kyzoYc/ArcGIS/rest/services/service_c1026ff3b55f468d9f2edd834cb807f8/FeatureServer/0/6667/attachments/3395?token=esFGg2N_4QUkCtU1tiMztDW4hm2M0GdusSqnOkviQULZsKWy6cHlYSpBrHqloDkjMDORyL7vHp8tCloK_rT_6I4OA4EY19edP5rFzXcDxs3_bvd6rAbKq0BqhoPk7exiwoF-z98H5LJH5jJbe4dDOjffY9Bj9w3g5kWvPrs5PpMeAdY4Rap08W1RrijQW_Ta"
"Georges Lake - Center","Putnam",2023-03-09,"NEROC","Yes","Dominant taxon: Microcystis aeruginosa","Yes","Yes",2.8,,,,,,,,,,"Anatoxin-a: not detected; Cylindrospermopsin: not detected; Nodularin-R: not detected; Saxitoxins: not detected","Light breeze, calmer wind conditions.",2023-03-09 17:20:00,29.7958059430822,-81.8485591198701,0.3,"https://services1.arcgis.com/nRHtyn3uE1kyzoYc/ArcGIS/rest/services/service_c1026ff3b55f468d9f2edd834cb807f8/FeatureServer/0/6664/attachments/3386?token=esFGg2N_4QUkCtU1tiMztDW4hm2M0GdusSqnOkviQULZsKWy6cHlYSpBrHqloDkjMDORyL7vHp8tCloK_rT_6I4OA4EY19edP5rFzXcDxs3_bvd6rAbKq0BqhoPk7exiwoF-z98H5LJH5jJbe4dDOjffY9Bj9w3g5kWvPrs5PpMeAdY4Rap08W1RrijQW_Ta"
"Georges Lake - Boat Ramp","Putnam",2023-03-09,"NEROC","Yes","Dominant taxon: Microcystis aeruginosa","Yes","Yes",7.5,,,,,,,,,,"Anatoxin-a: not detected; Cylindrospermopsin: not detected; Nodularin-R: not detected; Saxitoxins: not detected","Light breeze, calm wind conditions.",2023-03-09 16:50:00,29.8023953670639,-81.8455897443339,0.3,"https://services1.arcgis.com/nRHtyn3uE1kyzoYc/ArcGIS/rest/services/service_c1026ff3b55f468d9f2edd834cb807f8/FeatureServer/0/6663/attachments/3383?token=esFGg2N_4QUkCtU1tiMztDW4hm2M0GdusSqnOkviQULZsKWy6cHlYSpBrHqloDkjMDORyL7vHp8tCloK_rT_6I4OA4EY19edP5rFzXcDxs3_bvd6rAbKq0BqhoPk7exiwoF-z98H5LJH5jJbe4dDOjffY9Bj9w3g5kWvPrs5PpMeAdY4Rap08W1RrijQW_Ta"
"Black Creek - at SR-17","Clay",2023-03-09,"NEROC","No","mixed algae; no dominant species in sample","No","No",,,,,,,,,,,"Anatoxin-a: not detected; Cylindrospermopsin: not detected; Nodularin-R: not detected; Saxitoxins: not detected",,2023-03-09 14:45:00,30.0420865468964,-81.7122075249197,0.3,"https://services1.arcgis.com/nRHtyn3uE1kyzoYc/ArcGIS/rest/services/service_c1026ff3b55f468d9f2edd834cb807f8/FeatureServer/0/6660/attachments/3374?token=esFGg2N_4QUkCtU1tiMztDW4hm2M0GdusSqnOkviQULZsKWy6cHlYSpBrHqloDkjMDORyL7vHp8tCloK_rT_6I4OA4EY19edP5rFzXcDxs3_bvd6rAbKq0BqhoPk7exiwoF-z98H5LJH5jJbe4dDOjffY9Bj9w3g5kWvPrs5PpMeAdY4Rap08W1RrijQW_Ta"
"Sunset Lake - W Shore","Orange",2023-03-08,"CEROC","Yes","Co-dominant taxa were: Microcystis aeruginosa and Woronichinia naegeliana","Yes","Yes",2.8,,,,,,,,,,"Anatoxin-a: not detected; Cylindrospermopsin: not detected; Nodularin-R: not detected; Saxitoxins: not detected","Sunny, windy. ",2023-03-08 16:31:00,28.5365114410689,-81.412893614863,0.3,"https://services1.arcgis.com/nRHtyn3uE1kyzoYc/ArcGIS/rest/services/service_c1026ff3b55f468d9f2edd834cb807f8/FeatureServer/0/6655/attachments/3363?token=esFGg2N_4QUkCtU1tiMztDW4hm2M0GdusSqnOkviQULZsKWy6cHlYSpBrHqloDkjMDORyL7vHp8tCloK_rT_6I4OA4EY19edP5rFzXcDxs3_bvd6rAbKq0BqhoPk7exiwoF-z98H5LJH5jJbe4dDOjffY9Bj9w3g5kWvPrs5PpMeAdY4Rap08W1RrijQW_Ta"
"Lake Virginia - Dinky Dock","Orange",2023-03-08,"CEROC","No","Dominant taxon: Microcystis aeruginosa","Yes","Yes",,,0.1,"I (I qualifier indicates that the reported value is between the laboratory method detection limit and the laboratory practical quantitation limit.)",,,,,,,"Anatoxin-a: not detected; Cylindrospermopsin: 0.10 I (I qualifier indicates that the reported value is between the laboratory method detection limit and the laboratory practical quantitation limit.); Nodularin-R: not detected; Saxitoxins: not detected","Boat ramp is closed, possibly due to bloom, signage does not indicate that though. ",2023-03-08 15:44:00,28.5938347388398,-81.3444266501511,0.3,"https://services1.arcgis.com/nRHtyn3uE1kyzoYc/ArcGIS/rest/services/service_c1026ff3b55f468d9f2edd834cb807f8/FeatureServer/0/6657/attachments/3367?token=esFGg2N_4QUkCtU1tiMztDW4hm2M0GdusSqnOkviQULZsKWy6cHlYSpBrHqloDkjMDORyL7vHp8tCloK_rT_6I4OA4EY19edP5rFzXcDxs3_bvd6rAbKq0BqhoPk7exiwoF-z98H5LJH5jJbe4dDOjffY9Bj9w3g5kWvPrs5PpMeAdY4Rap08W1RrijQW_Ta"
"Lake Osceola - Canton Ave","Orange",2023-03-08,"CEROC","Yes","Dominant taxon: Microcystis aeruginosa","Yes","Yes",0.21,"I (I qualifier indicates that the reported value is between the laboratory method detection limit and the laboratory practical quantitation limit.)",,,,,,,,,"Anatoxin-a: not detected; Cylindrospermopsin: not detected; Nodularin-R: not detected; Saxitoxins: not detected","Windy",2023-03-08 15:23:00,28.6005751193372,-81.3471539893031,0.3,"https://services1.arcgis.com/nRHtyn3uE1kyzoYc/ArcGIS/rest/services/service_c1026ff3b55f468d9f2edd834cb807f8/FeatureServer/0/6656/attachments/3364?token=esFGg2N_4QUkCtU1tiMztDW4hm2M0GdusSqnOkviQULZsKWy6cHlYSpBrHqloDkjMDORyL7vHp8tCloK_rT_6I4OA4EY19edP5rFzXcDxs3_bvd6rAbKq0BqhoPk7exiwoF-z98H5LJH5jJbe4dDOjffY9Bj9w3g5kWvPrs5PpMeAdY4Rap08W1RrijQW_Ta"
"Lake Pearl - Woodside Village Ramp","Orange",2023-03-08,"CEROC","No","Dominant taxon: Microcystis aeruginosa","Yes","Yes",0.96,"I (I qualifier indicates that the reported value is between the laboratory method detection limit and the laboratory practical quantitation limit.)",,,,,,,,,"Anatoxin-a: not detected; Cylindrospermopsin: not detected; Nodularin-R: not detected; Saxitoxins: not detected","Windy",2023-03-08 14:39:00,28.6016636677407,-81.2670031131979,0.3,"https://services1.arcgis.com/nRHtyn3uE1kyzoYc/ArcGIS/rest/services/service_c1026ff3b55f468d9f2edd834cb807f8/FeatureServer/0/6654/attachments/3361?token=esFGg2N_4QUkCtU1tiMztDW4hm2M0GdusSqnOkviQULZsKWy6cHlYSpBrHqloDkjMDORyL7vHp8tCloK_rT_6I4OA4EY19edP5rFzXcDxs3_bvd6rAbKq0BqhoPk7exiwoF-z98H5LJH5jJbe4dDOjffY9Bj9w3g5kWvPrs5PpMeAdY4Rap08W1RrijQW_Ta"
"Lake Baldwin - Fleet Peeples Park","Orange",2023-03-07,"CEROC","Yes","Dominant taxon: Microcystis aeruginosa","Yes","Yes",0.43,,,,,,,,,,"Anatoxin-a: not detected; Cylindrospermopsin: not detected; Nodularin-R: not detected; Saxitoxins: not detected","Sunny. Water green with visible algae specks throughout water column ",2023-03-07 18:12:00,28.575484,-81.326231,0.3,"https://services1.arcgis.com/nRHtyn3uE1kyzoYc/ArcGIS/rest/services/service_c1026ff3b55f468d9f2edd834cb807f8/FeatureServer/0/6643/attachments/3357?token=esFGg2N_4QUkCtU1tiMztDW4hm2M0GdusSqnOkviQULZsKWy6cHlYSpBrHqloDkjMDORyL7vHp8tCloK_rT_6I4OA4EY19edP5rFzXcDxs3_bvd6rAbKq0BqhoPk7exiwoF-z98H5LJH5jJbe4dDOjffY9Bj9w3g5kWvPrs5PpMeAdY4Rap08W1RrijQW_Ta"
"Fish Lake - NE Shore ","Osceola",2023-03-07,"CEROC","Yes","algal mat - Dominant taxon was: Oedogonium sp.; water - mixed algae; no dominant species in sample","No","No",,,,,,,,,,,"Anatoxin-a: not detected; Cylindrospermopsin: not detected; Nodularin-R: not detected; Saxitoxins: not detected","Hydrilla covered in long, green filamentous algae. Some filamentous algae has detached and created mats on surface along shoreline. ",2023-03-07 16:35:00,28.2716325,-81.3404664,0.3,"https://services1.arcgis.com/nRHtyn3uE1kyzoYc/ArcGIS/rest/services/service_c1026ff3b55f468d9f2edd834cb807f8/FeatureServer/0/6642/attachments/3354?token=esFGg2N_4QUkCtU1tiMztDW4hm2M0GdusSqnOkviQULZsKWy6cHlYSpBrHqloDkjMDORyL7vHp8tCloK_rT_6I4OA4EY19edP5rFzXcDxs3_bvd6rAbKq0BqhoPk7exiwoF-z98H5LJH5jJbe4dDOjffY9Bj9w3g5kWvPrs5PpMeAdY4Rap08W1RrijQW_Ta"
"Newnans Lake - Center (NEW)","Alachua",2023-03-06,"SJRWMD","Yes","Dominant taxon: Dolichospermum sp.","Yes","Yes",0.96,"I (I qualifier indicates that the reported value is between the laboratory method detection limit and the laboratory practical quantitation limit.)",,,,,,,,,"Anatoxin-a: not detected; Cylindrospermopsin: not detected; Nodularin-R: not detected; Saxitoxins: not detected","Foggy,cloudy,warm",2023-03-06 14:46:00,29.64566,-82.21977,0.316,"https://services1.arcgis.com/nRHtyn3uE1kyzoYc/ArcGIS/rest/services/service_c1026ff3b55f468d9f2edd834cb807f8/FeatureServer/0/6637/attachments/3344?token=esFGg2N_4QUkCtU1tiMztDW4hm2M0GdusSqnOkviQULZsKWy6cHlYSpBrHqloDkjMDORyL7vHp8tCloK_rT_6I4OA4EY19edP5rFzXcDxs3_bvd6rAbKq0BqhoPk7exiwoF-z98H5LJH5jJbe4dDOjffY9Bj9w3g5kWvPrs5PpMeAdY4Rap08W1RrijQW_Ta"
"Louise Lake - NW Lobe","Volusia",2023-03-02,"CEROC","Yes","Dominant taxon: Microcystis aeruginosa","Yes","Yes",3.9,,,,,,,,,,"Anatoxin-a: not detected; Cylindrospermopsin: not detected; Nodularin-R: not detected; Saxitoxins: not detected","75 and sunny ",2023-03-02 16:42:00,28.8921612092772,-81.2025388130116,0.3,"https://services1.arcgis.com/nRHtyn3uE1kyzoYc/ArcGIS/rest/services/service_c1026ff3b55f468d9f2edd834cb807f8/FeatureServer/0/6627/attachments/3338?token=esFGg2N_4QUkCtU1tiMztDW4hm2M0GdusSqnOkviQULZsKWy6cHlYSpBrHqloDkjMDORyL7vHp8tCloK_rT_6I4OA4EY19edP5rFzXcDxs3_bvd6rAbKq0BqhoPk7exiwoF-z98H5LJH5jJbe4dDOjffY9Bj9w3g5kWvPrs5PpMeAdY4Rap08W1RrijQW_Ta"
"Georges Lake - Boat Ramp","Putnam",2023-03-02,"NEROC","Yes","Dominant taxon: Microcystis aeruginosa","Yes","Yes",100,,,,,,,,,,"Anatoxin-a: not detected; Cylindrospermopsin: not detected; Nodularin-R: not detected; Saxitoxins: not detected","Light breeze coming from South moving North.",2023-03-02 16:15:00,29.802357948903,-81.8454413820481,0.3,"https://services1.arcgis.com/nRHtyn3uE1kyzoYc/ArcGIS/rest/services/service_c1026ff3b55f468d9f2edd834cb807f8/FeatureServer/0/6625/attachments/3332?token=esFGg2N_4QUkCtU1tiMztDW4hm2M0GdusSqnOkviQULZsKWy6cHlYSpBrHqloDkjMDORyL7vHp8tCloK_rT_6I4OA4EY19edP5rFzXcDxs3_bvd6rAbKq0BqhoPk7exiwoF-z98H5LJH5jJbe4dDOjffY9Bj9w3g5kWvPrs5PpMeAdY4Rap08W1RrijQW_Ta"
"Georges Lake - Center","Putnam",2023-03-02,"NEROC","Yes","Dominant taxon: Microcystis aeruginosa","Yes","Yes",4.9,,,,,,,,,,"Anatoxin-a: not detected; Cylindrospermopsin: not detected; Nodularin-R: not detected; Saxitoxins: not detected","No strong wind conditions; light breeze moving South to North.",2023-03-02 15:45:00,29.7953861022677,-81.8495751417395,0.3,"https://services1.arcgis.com/nRHtyn3uE1kyzoYc/ArcGIS/rest/services/service_c1026ff3b55f468d9f2edd834cb807f8/FeatureServer/0/6624/attachments/3329?token=esFGg2N_4QUkCtU1tiMztDW4hm2M0GdusSqnOkviQULZsKWy6cHlYSpBrHqloDkjMDORyL7vHp8tCloK_rT_6I4OA4EY19edP5rFzXcDxs3_bvd6rAbKq0BqhoPk7exiwoF-z98H5LJH5jJbe4dDOjffY9Bj9w3g5kWvPrs5PpMeAdY4Rap08W1RrijQW_Ta"
"Lake Maitland - Kraft Azalea Garden","Orange",2023-03-02,"CEROC","Yes","Dominant taxon: Microcystis aeruginosa","Yes","Yes",0.43,"I (I qualifier indicates that the reported value is between the laboratory method detection limit and the laboratory practical quantitation limit.)",,,,,,,,,"Anatoxin-a: not detected; Cylindrospermopsin: not detected; Nodularin-R: not detected; Saxitoxins: not detected","75 and cloudy ",2023-03-02 15:12:00,28.6114073282429,-81.3440783724002,0.3,"https://services1.arcgis.com/nRHtyn3uE1kyzoYc/ArcGIS/rest/services/service_c1026ff3b55f468d9f2edd834cb807f8/FeatureServer/0/6626/attachments/3335?token=esFGg2N_4QUkCtU1tiMztDW4hm2M0GdusSqnOkviQULZsKWy6cHlYSpBrHqloDkjMDORyL7vHp8tCloK_rT_6I4OA4EY19edP5rFzXcDxs3_bvd6rAbKq0BqhoPk7exiwoF-z98H5LJH5jJbe4dDOjffY9Bj9w3g5kWvPrs5PpMeAdY4Rap08W1RrijQW_Ta"
"Lake Martha - NE Shore","Orange",2023-03-01,"County","No","Dominant taxon: Microcystis aeruginosa","Yes","Yes",0.26,"I (I qualifier indicates that the reported value is between the laboratory method detection limit and the laboratory practical quantitation limit.)",,,,,,,,,"Anatoxin-a: not detected; Cylindrospermopsin: not detected; Nodularin-R: not detected; Saxitoxins: not detected",,2023-03-01 16:55:00,28.609558,-81.272099,0.3,"https://services1.arcgis.com/nRHtyn3uE1kyzoYc/ArcGIS/rest/services/service_c1026ff3b55f468d9f2edd834cb807f8/FeatureServer/0/6623/attachments/3327?token=esFGg2N_4QUkCtU1tiMztDW4hm2M0GdusSqnOkviQULZsKWy6cHlYSpBrHqloDkjMDORyL7vHp8tCloK_rT_6I4OA4EY19edP5rFzXcDxs3_bvd6rAbKq0BqhoPk7exiwoF-z98H5LJH5jJbe4dDOjffY9Bj9w3g5kWvPrs5PpMeAdY4Rap08W1RrijQW_Ta"
"Lake Burkett - Center","Orange",2023-03-01,"County","No","Dominant taxon: Microcystis aeruginosa","Yes","Yes",0.48,"I (I qualifier indicates that the reported value is between the laboratory method detection limit and the laboratory practical quantitation limit.)",,,,,,,,,"Anatoxin-a: not detected; Cylindrospermopsin: not detected; Nodularin-R: not detected; Saxitoxins: not detected",,2023-03-01 16:40:00,28.610256,-81.268014,0.3,"https://services1.arcgis.com/nRHtyn3uE1kyzoYc/ArcGIS/rest/services/service_c1026ff3b55f468d9f2edd834cb807f8/FeatureServer/0/6622/attachments/3325?token=esFGg2N_4QUkCtU1tiMztDW4hm2M0GdusSqnOkviQULZsKWy6cHlYSpBrHqloDkjMDORyL7vHp8tCloK_rT_6I4OA4EY19edP5rFzXcDxs3_bvd6rAbKq0BqhoPk7exiwoF-z98H5LJH5jJbe4dDOjffY9Bj9w3g5kWvPrs5PpMeAdY4Rap08W1RrijQW_Ta"
"Banana River - Kelly Park","Brevard",2023-02-28,"FWRI","Yes","mixed algae; the dominant taxa were an assemblage of picoplankton","No","No",,,,,,,,,,,"Anatoxin-a: not detected; Cylindrospermopsin: not detected; Nodularin-R: not detected; Saxitoxins: not detected","Water had slight green tint. Dominant algal taxon IDed by FWC/FWRI.",2023-02-28 20:40:00,28.4017588791548,-80.6623611250411,0.2,
"Banana River - Ramp Road Park","Brevard",2023-02-28,"FWRI","No","mixed algae; the dominant taxa were an assemblage of picoplankton","No","No",,,,,,,,,,,"Anatoxin-a: not detected; Cylindrospermopsin: not detected; Nodularin-R: not detected; Saxitoxins: not detected","Dominant algal taxon IDed by FWC/FWRI.",2023-02-28 19:45:00,28.309166581206,-80.6143836250729,0.2,
"Banana River - 520 Slick Boat Ramp","Brevard",2023-02-28,"FWRI","Yes","mixed algae; the dominant taxa were an assemblage of picoplankton","No","No",,,,,,,,,,,"Anatoxin-a: not detected; Cylindrospermopsin: not detected; Nodularin-R: not detected; Saxitoxins: not detected","Water had a slight green tint. Dominant algal taxon IDed by FWC/FWRI.",2023-02-28 19:10:00,28.3571469844537,-80.6309791270541,0.2,
"Caywood Pond - SW Dock","Orange",2023-02-28,"County","Yes","Dominant taxon: Aphanizomenon flos-aquae","Yes","Yes",0.58,"I (I qualifier indicates that the reported value is between the laboratory method detection limit and the laboratory practical quantitation limit.)",,,,,,,,,"Anatoxin-a: not detected; Cylindrospermopsin: not detected; Nodularin-R: not detected; Saxitoxins: not detected",,2023-02-28 17:35:00,28.488622,-81.590733,0.3,"https://services1.arcgis.com/nRHtyn3uE1kyzoYc/ArcGIS/rest/services/service_c1026ff3b55f468d9f2edd834cb807f8/FeatureServer/0/6614/attachments/3316?token=esFGg2N_4QUkCtU1tiMztDW4hm2M0GdusSqnOkviQULZsKWy6cHlYSpBrHqloDkjMDORyL7vHp8tCloK_rT_6I4OA4EY19edP5rFzXcDxs3_bvd6rAbKq0BqhoPk7exiwoF-z98H5LJH5jJbe4dDOjffY9Bj9w3g5kWvPrs5PpMeAdY4Rap08W1RrijQW_Ta"
"Lake Speer - NW Lobe","Orange",2023-02-28,"County","No","mixed algae; no dominant species in sample","No","No",,,,,,,,,,,"Anatoxin-a: not detected; Cylindrospermopsin: not detected; Nodularin-R: not detected; Saxitoxins: not detected",,2023-02-28 16:15:00,28.483104,-81.602176,0.3,"https://services1.arcgis.com/nRHtyn3uE1kyzoYc/ArcGIS/rest/services/service_c1026ff3b55f468d9f2edd834cb807f8/FeatureServer/0/6613/attachments/3314?token=esFGg2N_4QUkCtU1tiMztDW4hm2M0GdusSqnOkviQULZsKWy6cHlYSpBrHqloDkjMDORyL7vHp8tCloK_rT_6I4OA4EY19edP5rFzXcDxs3_bvd6rAbKq0BqhoPk7exiwoF-z98H5LJH5jJbe4dDOjffY9Bj9w3g5kWvPrs5PpMeAdY4Rap08W1RrijQW_Ta"
"Starke Lake - Boat Ramp","Orange",2023-02-27,"CEROC","Yes","Dominant taxon: Microcystis aeruginosa","Yes","No",,,,,,,,,,,"Anatoxin-a: not detected; Cylindrospermopsin: not detected; Nodularin-R: not detected; Saxitoxins: not detected",,2023-02-27 18:15:00,28.5718255143294,-81.5419942904393,0.3,"https://services1.arcgis.com/nRHtyn3uE1kyzoYc/ArcGIS/rest/services/service_c1026ff3b55f468d9f2edd834cb807f8/FeatureServer/0/6611/attachments/3311?token=esFGg2N_4QUkCtU1tiMztDW4hm2M0GdusSqnOkviQULZsKWy6cHlYSpBrHqloDkjMDORyL7vHp8tCloK_rT_6I4OA4EY19edP5rFzXcDxs3_bvd6rAbKq0BqhoPk7exiwoF-z98H5LJH5jJbe4dDOjffY9Bj9w3g5kWvPrs5PpMeAdY4Rap08W1RrijQW_Ta"
"Lake Weir - Hope Boat Ramp","Marion",2023-02-27,"CEROC","No","Dominant taxon: Planktolyngbya limnetica","Yes","No",,,,,,,,,,,"Anatoxin-a: not detected; Cylindrospermopsin: not detected; Nodularin-R: not detected; Saxitoxins: not detected",,2023-02-27 16:25:00,28.989874498609,-81.9626711495476,0.3,"https://services1.arcgis.com/nRHtyn3uE1kyzoYc/ArcGIS/rest/services/service_c1026ff3b55f468d9f2edd834cb807f8/FeatureServer/0/6610/attachments/3309?token=esFGg2N_4QUkCtU1tiMztDW4hm2M0GdusSqnOkviQULZsKWy6cHlYSpBrHqloDkjMDORyL7vHp8tCloK_rT_6I4OA4EY19edP5rFzXcDxs3_bvd6rAbKq0BqhoPk7exiwoF-z98H5LJH5jJbe4dDOjffY9Bj9w3g5kWvPrs5PpMeAdY4Rap08W1RrijQW_Ta"
"Blue Cypress Lake - Center (BCL)","IndianRiver",2023-02-27,"SJRWMD","Yes","mixed algae; no dominant species in sample","No","Yes",0.25,"I (I qualifier indicates that the reported value is between the laboratory method detection limit and the laboratory practical quantitation limit.)",,,,,,,,,"Anatoxin-a: not detected; Cylindrospermopsin: not detected; Nodularin-R: not detected; Saxitoxins: not detected","HAB Routine Sample and bloom observed",2023-02-27 15:50:00,27.7266,-80.7536,0.298,"https://services1.arcgis.com/nRHtyn3uE1kyzoYc/ArcGIS/rest/services/service_c1026ff3b55f468d9f2edd834cb807f8/FeatureServer/0/6612/attachments/3313?token=esFGg2N_4QUkCtU1tiMztDW4hm2M0GdusSqnOkviQULZsKWy6cHlYSpBrHqloDkjMDORyL7vHp8tCloK_rT_6I4OA4EY19edP5rFzXcDxs3_bvd6rAbKq0BqhoPk7exiwoF-z98H5LJH5jJbe4dDOjffY9Bj9w3g5kWvPrs5PpMeAdY4Rap08W1RrijQW_Ta"
"Stick Marsh - North (STKM)","IndianRiver",2023-02-27,"SJRWMD","No","mixed algae; no dominant species in sample","No","No",,,,,,,,,,,"Anatoxin-a: not detected; Cylindrospermopsin: not detected; Nodularin-R: not detected; Saxitoxins: not detected","HAB Routine Sample no bloom observed ",2023-02-27 15:09:00,27.81065,-80.724854,0.3,"https://services1.arcgis.com/nRHtyn3uE1kyzoYc/ArcGIS/rest/services/service_c1026ff3b55f468d9f2edd834cb807f8/FeatureServer/0/6609/attachments/3307?token=esFGg2N_4QUkCtU1tiMztDW4hm2M0GdusSqnOkviQULZsKWy6cHlYSpBrHqloDkjMDORyL7vHp8tCloK_rT_6I4OA4EY19edP5rFzXcDxs3_bvd6rAbKq0BqhoPk7exiwoF-z98H5LJH5jJbe4dDOjffY9Bj9w3g5kWvPrs5PpMeAdY4Rap08W1RrijQW_Ta"
"C65 Canal - upstream of S96D (BCWMO)","IndianRiver",2023-02-27,"SJRWMD","Yes","Dominant taxon: Microcystis aeruginosa","Yes","No",,,,,,,,,,,"Anatoxin-a: not detected; Cylindrospermopsin: not detected; Nodularin-R: not detected; Saxitoxins: not detected","Bloom Observed",2023-02-27 14:11:00,27.7528506099991,-80.7078278299973,0.312,"https://services1.arcgis.com/nRHtyn3uE1kyzoYc/ArcGIS/rest/services/service_c1026ff3b55f468d9f2edd834cb807f8/FeatureServer/0/6608/attachments/3308?token=esFGg2N_4QUkCtU1tiMztDW4hm2M0GdusSqnOkviQULZsKWy6cHlYSpBrHqloDkjMDORyL7vHp8tCloK_rT_6I4OA4EY19edP5rFzXcDxs3_bvd6rAbKq0BqhoPk7exiwoF-z98H5LJH5jJbe4dDOjffY9Bj9w3g5kWvPrs5PpMeAdY4Rap08W1RrijQW_Ta"
"Banana River - Ramp Road Park","Brevard",2023-02-23,"FWRI","No","mixed algae; the dominant taxa were an assemblage of picoplankton","No","No",,,,,,,,,,,"Anatoxin-a: not detected; Cylindrospermopsin: not detected; Nodularin-R: not detected; Saxitoxins: not detected","Dominant algal taxon IDed by FWC/FWRI.",2023-02-23 19:45:00,28.309166581206,-80.6143836250729,0.2,
"Banana River - 520 Slick Boat Ramp","Brevard",2023-02-23,"FWRI","No","mixed algae; the dominant taxa were an assemblage of picoplankton","No","No",,,,,,,,,,,"Anatoxin-a: not detected; Cylindrospermopsin: not detected; Nodularin-R: not detected; Saxitoxins: not detected","Dominant algal taxon IDed by FWC/FWRI.",2023-02-23 19:25:00,28.3571469844537,-80.6309791270541,0.2,
"Banana River - Kelly Park","Brevard",2023-02-23,"FWRI","No","mixed algae; the dominant taxa were an assemblage of picoplankton","No","No",,,,,,,,,,,"Anatoxin-a: not detected; Cylindrospermopsin: not detected; Nodularin-R: not detected; Saxitoxins: not detected","Dominant algal taxon IDed by FWC/FWRI.",2023-02-23 18:40:00,28.4017588791548,-80.6623611250411,0.2,
"Lake Sue - NW Shore","Orange",2023-02-23,"CEROC","Yes","Dominant taxon: Microcystis aeruginosa","Yes","Yes",0.27,"I (I qualifier indicates that the reported value is between the laboratory method detection limit and the laboratory practical quantitation limit.)",,,,,,,,,"Anatoxin-a: not detected; Cylindrospermopsin: not detected; Nodularin-R: not detected; Saxitoxins: not detected","Sunny",2023-02-23 18:24:00,28.579014,-81.35821238,0.3,"https://services1.arcgis.com/nRHtyn3uE1kyzoYc/ArcGIS/rest/services/service_c1026ff3b55f468d9f2edd834cb807f8/FeatureServer/0/6607/attachments/3304?token=esFGg2N_4QUkCtU1tiMztDW4hm2M0GdusSqnOkviQULZsKWy6cHlYSpBrHqloDkjMDORyL7vHp8tCloK_rT_6I4OA4EY19edP5rFzXcDxs3_bvd6rAbKq0BqhoPk7exiwoF-z98H5LJH5jJbe4dDOjffY9Bj9w3g5kWvPrs5PpMeAdY4Rap08W1RrijQW_Ta"
"Sunset Lake - W Shore","Orange",2023-02-23,"CEROC","Yes","Co-dominant taxa were: Microcystis aeruginosa and Woronichinia naegeliana","Yes","Yes",3.7,,,,,,,,,,"Anatoxin-a: not detected; Cylindrospermopsin: not detected; Nodularin-R: not detected; Saxitoxins: not detected","Sunny. Strange smell ",2023-02-23 17:37:00,28.536064,-81.413156576,0.2,"https://services1.arcgis.com/nRHtyn3uE1kyzoYc/ArcGIS/rest/services/service_c1026ff3b55f468d9f2edd834cb807f8/FeatureServer/0/6606/attachments/3301?token=esFGg2N_4QUkCtU1tiMztDW4hm2M0GdusSqnOkviQULZsKWy6cHlYSpBrHqloDkjMDORyL7vHp8tCloK_rT_6I4OA4EY19edP5rFzXcDxs3_bvd6rAbKq0BqhoPk7exiwoF-z98H5LJH5jJbe4dDOjffY9Bj9w3g5kWvPrs5PpMeAdY4Rap08W1RrijQW_Ta"
"Lake Mann - McQueen Park","Orange",2023-02-23,"CEROC","Yes","mixed algae; no dominant species in sample","No","Yes",,,0.15,"I (I qualifier indicates that the reported value is between the laboratory method detection limit and the laboratory practical quantitation limit.)",,,,,,,"Anatoxin-a: not detected; Cylindrospermopsin: 0.15 I (I qualifier indicates that the reported value is between the laboratory method detection limit and the laboratory practical quantitation limit.); Nodularin-R: not detected; Saxitoxins: not detected",,2023-02-23 17:16:00,28.5344713,-81.423094416,0.3,"https://services1.arcgis.com/nRHtyn3uE1kyzoYc/ArcGIS/rest/services/service_c1026ff3b55f468d9f2edd834cb807f8/FeatureServer/0/6605/attachments/3299?token=esFGg2N_4QUkCtU1tiMztDW4hm2M0GdusSqnOkviQULZsKWy6cHlYSpBrHqloDkjMDORyL7vHp8tCloK_rT_6I4OA4EY19edP5rFzXcDxs3_bvd6rAbKq0BqhoPk7exiwoF-z98H5LJH5jJbe4dDOjffY9Bj9w3g5kWvPrs5PpMeAdY4Rap08W1RrijQW_Ta"
"Big Sand Lake - from Dock","Orange",2023-02-23,"CEROC","Yes","Dominant taxon: Microcystis aeruginosa","Yes","No",,,,,,,,,,,"Anatoxin-a: not detected; Cylindrospermopsin: not detected; Nodularin-R: not detected; Saxitoxins: not detected","Sunny ",2023-02-23 16:27:00,28.4262,-81.4931,0.3,"https://services1.arcgis.com/nRHtyn3uE1kyzoYc/ArcGIS/rest/services/service_c1026ff3b55f468d9f2edd834cb807f8/FeatureServer/0/6604/attachments/3296?token=esFGg2N_4QUkCtU1tiMztDW4hm2M0GdusSqnOkviQULZsKWy6cHlYSpBrHqloDkjMDORyL7vHp8tCloK_rT_6I4OA4EY19edP5rFzXcDxs3_bvd6rAbKq0BqhoPk7exiwoF-z98H5LJH5jJbe4dDOjffY9Bj9w3g5kWvPrs5PpMeAdY4Rap08W1RrijQW_Ta"
"Lake Monroe - Center (LMAC)","Volusia",2023-02-23,"SJRWMD","No","mixed algae; no dominant species in sample","No","No",,,,,,,,,,,"Anatoxin-a: not detected; Cylindrospermopsin: not detected; Nodularin-R: not detected; Saxitoxins: not detected",,2023-02-23 15:16:00,28.83496,-81.27091,0.3,
"Lake Pineloch - E Shore","Orange",2023-02-22,"CEROC","No","Dominant taxon: Microcystis aeruginosa","Yes","Yes",0.35,"I (I qualifier indicates that the reported value is between the laboratory method detection limit and the laboratory practical quantitation limit.)",,,,,,,,,"Anatoxin-a: not detected; Cylindrospermopsin: not detected; Nodularin-R: not detected; Saxitoxins: not detected","Sunny",2023-02-22 19:19:00,28.5081164,-81.3652155,0.3,"https://services1.arcgis.com/nRHtyn3uE1kyzoYc/ArcGIS/rest/services/service_c1026ff3b55f468d9f2edd834cb807f8/FeatureServer/0/6599/attachments/3293?token=esFGg2N_4QUkCtU1tiMztDW4hm2M0GdusSqnOkviQULZsKWy6cHlYSpBrHqloDkjMDORyL7vHp8tCloK_rT_6I4OA4EY19edP5rFzXcDxs3_bvd6rAbKq0BqhoPk7exiwoF-z98H5LJH5jJbe4dDOjffY9Bj9w3g5kWvPrs5PpMeAdY4Rap08W1RrijQW_Ta"
"Lake Osceola - Canton Ave","Orange",2023-02-21,"CEROC","Yes","Dominant taxon: Microcystis aeruginosa","Yes","Yes",1.1,"I (I qualifier indicates that the reported value is between the laboratory method detection limit and the laboratory practical quantitation limit.)",,,,,,,,,"Anatoxin-a: not detected; Cylindrospermopsin: not detected; Nodularin-R: not detected; Saxitoxins: not detected","80 and cloudy ",2023-02-21 18:37:00,28.6005522676678,-81.3471481349486,0.3,"https://services1.arcgis.com/nRHtyn3uE1kyzoYc/ArcGIS/rest/services/service_c1026ff3b55f468d9f2edd834cb807f8/FeatureServer/0/6592/attachments/3281?token=esFGg2N_4QUkCtU1tiMztDW4hm2M0GdusSqnOkviQULZsKWy6cHlYSpBrHqloDkjMDORyL7vHp8tCloK_rT_6I4OA4EY19edP5rFzXcDxs3_bvd6rAbKq0BqhoPk7exiwoF-z98H5LJH5jJbe4dDOjffY9Bj9w3g5kWvPrs5PpMeAdY4Rap08W1RrijQW_Ta"
"Lake Baldwin - Fleet Peeples Park","Orange",2023-02-21,"CEROC","Yes","Dominant taxon: Microcystis aeruginosa","Yes","Yes",0.52,"I (I qualifier indicates that the reported value is between the laboratory method detection limit and the laboratory practical quantitation limit.)",,,,,,,,,"Anatoxin-a: not detected; Cylindrospermopsin: not detected; Nodularin-R: not detected; Saxitoxins: not detected","80 and sunny 
",2023-02-21 18:06:00,28.575484,-81.326,0.3,"https://services1.arcgis.com/nRHtyn3uE1kyzoYc/ArcGIS/rest/services/service_c1026ff3b55f468d9f2edd834cb807f8/FeatureServer/0/6595/attachments/3290?token=esFGg2N_4QUkCtU1tiMztDW4hm2M0GdusSqnOkviQULZsKWy6cHlYSpBrHqloDkjMDORyL7vHp8tCloK_rT_6I4OA4EY19edP5rFzXcDxs3_bvd6rAbKq0BqhoPk7exiwoF-z98H5LJH5jJbe4dDOjffY9Bj9w3g5kWvPrs5PpMeAdY4Rap08W1RrijQW_Ta"
"Lake Virginia - Dinky Dock","Orange",2023-02-21,"CEROC","Yes","Dominant taxon: Microcystis aeruginosa","Yes","Yes",0.78,"I (I qualifier indicates that the reported value is between the laboratory method detection limit and the laboratory practical quantitation limit.)",,,,,,,,,"Anatoxin-a: not detected; Cylindrospermopsin: not detected; Nodularin-R: not detected; Saxitoxins: not detected","80 and sunny ",2023-02-21 17:38:00,28.593842,-81.344553,0.3,"https://services1.arcgis.com/nRHtyn3uE1kyzoYc/ArcGIS/rest/services/service_c1026ff3b55f468d9f2edd834cb807f8/FeatureServer/0/6593/attachments/3284?token=esFGg2N_4QUkCtU1tiMztDW4hm2M0GdusSqnOkviQULZsKWy6cHlYSpBrHqloDkjMDORyL7vHp8tCloK_rT_6I4OA4EY19edP5rFzXcDxs3_bvd6rAbKq0BqhoPk7exiwoF-z98H5LJH5jJbe4dDOjffY9Bj9w3g5kWvPrs5PpMeAdY4Rap08W1RrijQW_Ta"
"Georges Lake - Center","Putnam",2023-02-21,"NEROC","Yes","Dominant taxon: Microcystis aeruginosa","Yes","Yes",8.9,"I (I qualifier indicates that the reported value is between the laboratory method detection limit and the laboratory practical quantitation limit.)",,,,,,,,,"Anatoxin-a: not detected; Cylindrospermopsin: not detected; Nodularin-R: not detected; Saxitoxins: not detected","Wind blowing from West to East.",2023-02-21 16:40:00,29.7942578988642,-81.8487165529097,0.3,"https://services1.arcgis.com/nRHtyn3uE1kyzoYc/ArcGIS/rest/services/service_c1026ff3b55f468d9f2edd834cb807f8/FeatureServer/0/6588/attachments/3272?token=esFGg2N_4QUkCtU1tiMztDW4hm2M0GdusSqnOkviQULZsKWy6cHlYSpBrHqloDkjMDORyL7vHp8tCloK_rT_6I4OA4EY19edP5rFzXcDxs3_bvd6rAbKq0BqhoPk7exiwoF-z98H5LJH5jJbe4dDOjffY9Bj9w3g5kWvPrs5PpMeAdY4Rap08W1RrijQW_Ta"
"Lake Ola - NE Shore","Orange",2023-02-21,"CEROC","Yes","Dominant taxon: Microcystis aeruginosa","Yes","Yes",0.22,"I (I qualifier indicates that the reported value is between the laboratory method detection limit and the laboratory practical quantitation limit.)",,,,,,,,,"Anatoxin-a: not detected; Cylindrospermopsin: not detected; Nodularin-R: not detected; Saxitoxins: not detected","75 and sunny 
",2023-02-21 15:37:00,28.755174,-81.62585,0.3,"https://services1.arcgis.com/nRHtyn3uE1kyzoYc/ArcGIS/rest/services/service_c1026ff3b55f468d9f2edd834cb807f8/FeatureServer/0/6594/attachments/3287?token=esFGg2N_4QUkCtU1tiMztDW4hm2M0GdusSqnOkviQULZsKWy6cHlYSpBrHqloDkjMDORyL7vHp8tCloK_rT_6I4OA4EY19edP5rFzXcDxs3_bvd6rAbKq0BqhoPk7exiwoF-z98H5LJH5jJbe4dDOjffY9Bj9w3g5kWvPrs5PpMeAdY4Rap08W1RrijQW_Ta"
"Georges Lake - Boat Ramp","Putnam",2023-02-21,"NEROC","Yes","Co-dominant taxa were: Microcystis aeruginosa and Woronichinia naegeliana","Yes","Yes",9000,"(see Comments)",,,,,,,,,"Anatoxin-a: not detected; Cylindrospermopsin: not detected; Nodularin-R: not detected; Saxitoxins: not detected","Wind-blown algae in boat ramp canal area was very dense throughout water column.",2023-02-21 15:35:00,29.8023732184086,-81.8455345882859,0.23,"https://services1.arcgis.com/nRHtyn3uE1kyzoYc/ArcGIS/rest/services/service_c1026ff3b55f468d9f2edd834cb807f8/FeatureServer/0/6586/attachments/3266?token=esFGg2N_4QUkCtU1tiMztDW4hm2M0GdusSqnOkviQULZsKWy6cHlYSpBrHqloDkjMDORyL7vHp8tCloK_rT_6I4OA4EY19edP5rFzXcDxs3_bvd6rAbKq0BqhoPk7exiwoF-z98H5LJH5jJbe4dDOjffY9Bj9w3g5kWvPrs5PpMeAdY4Rap08W1RrijQW_Ta"
"Lake Jesup - Center (OW-CTR)","Seminole",2023-02-21,"SJRWMD","No","Dominant taxon: Microcystis aeruginosa","Yes","Yes",0.61,"I (I qualifier indicates that the reported value is between the laboratory method detection limit and the laboratory practical quantitation limit.)",,,,,,,,,"Anatoxin-a: not detected; Cylindrospermopsin: not detected; Nodularin-R: not detected; Saxitoxins: not detected","Clear and windy",2023-02-21 15:10:00,28.7268,-81.2111,0.3,
"Black Creek - at SR-17","Clay",2023-02-20,"NEROC","No","mixed algae; no dominant species in sample","No","No",,,,,,,,,,,"Anatoxin-a: not detected; Cylindrospermopsin: not detected; Nodularin-R: not detected; Saxitoxins: not detected",,2023-02-20 15:25:00,30.0420714656384,-81.7121959218232,0.3,"https://services1.arcgis.com/nRHtyn3uE1kyzoYc/ArcGIS/rest/services/service_c1026ff3b55f468d9f2edd834cb807f8/FeatureServer/0/6584/attachments/3262?token=esFGg2N_4QUkCtU1tiMztDW4hm2M0GdusSqnOkviQULZsKWy6cHlYSpBrHqloDkjMDORyL7vHp8tCloK_rT_6I4OA4EY19edP5rFzXcDxs3_bvd6rAbKq0BqhoPk7exiwoF-z98H5LJH5jJbe4dDOjffY9Bj9w3g5kWvPrs5PpMeAdY4Rap08W1RrijQW_Ta"
"Lake Washington - Center (LWC)","Brevard",2023-02-20,"SJRWMD","No","mixed algae; no dominant species in sample","No","Yes",0.26,"I (I qualifier indicates that the reported value is between the laboratory method detection limit and the laboratory practical quantitation limit.)",,,,,,,,,"Anatoxin-a: not detected; Cylindrospermopsin: not detected; Nodularin-R: not detected; Saxitoxins: not detected",,2023-02-20 14:05:00,28.142439,-80.746111,0.307,"https://services1.arcgis.com/nRHtyn3uE1kyzoYc/ArcGIS/rest/services/service_c1026ff3b55f468d9f2edd834cb807f8/FeatureServer/0/6585/attachments/3265?token=esFGg2N_4QUkCtU1tiMztDW4hm2M0GdusSqnOkviQULZsKWy6cHlYSpBrHqloDkjMDORyL7vHp8tCloK_rT_6I4OA4EY19edP5rFzXcDxs3_bvd6rAbKq0BqhoPk7exiwoF-z98H5LJH5jJbe4dDOjffY9Bj9w3g5kWvPrs5PpMeAdY4Rap08W1RrijQW_Ta"
"Newnans Lake - Center (NEW)","Alachua",2023-02-16,"SJRWMD","Yes","mixed algae; no dominant species in sample","No","Yes",1,"IJ (I qualifier indicates that the reported value is between the laboratory method detection limit and the laboratory practical quantitation limit. J qualifier indicates an estimated value.)",,,,,,,,,"Anatoxin-a: not detected; Cylindrospermopsin: not detected; Nodularin-R: not detected; Saxitoxins: not detected","Clear skies, cool, earthy plant smell",2023-02-16 15:12:00,29.64566334,-82.21977928,0.304,"https://services1.arcgis.com/nRHtyn3uE1kyzoYc/ArcGIS/rest/services/service_c1026ff3b55f468d9f2edd834cb807f8/FeatureServer/0/6582/attachments/3258?token=esFGg2N_4QUkCtU1tiMztDW4hm2M0GdusSqnOkviQULZsKWy6cHlYSpBrHqloDkjMDORyL7vHp8tCloK_rT_6I4OA4EY19edP5rFzXcDxs3_bvd6rAbKq0BqhoPk7exiwoF-z98H5LJH5jJbe4dDOjffY9Bj9w3g5kWvPrs5PpMeAdY4Rap08W1RrijQW_Ta"
"Lake Marian - Boat Ramp","Osceola",2023-02-16,"SEROC","No","Dominant taxon: Microcystis aeruginosa","Yes","Yes",6.2,,,,,,,,,,"Anatoxin-a: not detected; Cylindrospermopsin: not detected; Nodularin-R: not detected; Saxitoxins: not detected",,2023-02-16 15:00:00,27.8727958258241,-81.051980573684,0.3,"https://services1.arcgis.com/nRHtyn3uE1kyzoYc/ArcGIS/rest/services/service_c1026ff3b55f468d9f2edd834cb807f8/FeatureServer/0/6581/attachments/3255?token=esFGg2N_4QUkCtU1tiMztDW4hm2M0GdusSqnOkviQULZsKWy6cHlYSpBrHqloDkjMDORyL7vHp8tCloK_rT_6I4OA4EY19edP5rFzXcDxs3_bvd6rAbKq0BqhoPk7exiwoF-z98H5LJH5jJbe4dDOjffY9Bj9w3g5kWvPrs5PpMeAdY4Rap08W1RrijQW_Ta"
"Banana River - Ramp Road Park","Brevard",2023-02-15,"FWRI","Yes","mixed algae; the dominant taxa were an assemblage of picoplankton","No","No",,,,,,,,,,,"Anatoxin-a: not detected; Cylindrospermopsin: not detected; Nodularin-R: not detected; Saxitoxins: not detected","bloomy; turbid/green; Dominant algal taxon IDed by FWC/FWRI.",2023-02-15 19:40:00,28.309166581206,-80.6143836250729,0.2,
"Banana River - Kelly Park","Brevard",2023-02-15,"FWRI","Yes","mixed algae; the dominant taxa were an assemblage of picoplankton","No","No",,,,,,,,,,,"Anatoxin-a: not detected; Cylindrospermopsin: not detected; Nodularin-R: not detected; Saxitoxins: not detected","bloomy; turbid/green; Dominant algal taxon IDed by FWC/FWRI.",2023-02-15 19:00:00,28.4017588791548,-80.6623611250411,0.2,
"Banana River - 520 Slick Boat Ramp","Brevard",2023-02-15,"FWRI","Yes","mixed algae; the dominant taxa were an assemblage of picoplankton","No","No",,,,,,,,,,,"Anatoxin-a: not detected; Cylindrospermopsin: not detected; Nodularin-R: not detected; Saxitoxins: not detected","bloomy; turbid/green; Dominant algal taxon IDed by FWC/FWRI.",2023-02-15 18:24:00,28.3571469844537,-80.6309791270541,0.2,
"Lake Howell - NW Shore","Seminole",2023-02-15,"CEROC","No","mixed algae; no dominant species in sample","No","No",,,,,,,,,,,"Anatoxin-a: not detected; Cylindrospermopsin: not detected; Nodularin-R: not detected; Saxitoxins: not detected","Sunny, breezy",2023-02-15 17:52:00,28.6433,-81.317816,0.3,"https://services1.arcgis.com/nRHtyn3uE1kyzoYc/ArcGIS/rest/services/service_c1026ff3b55f468d9f2edd834cb807f8/FeatureServer/0/6580/attachments/3253?token=esFGg2N_4QUkCtU1tiMztDW4hm2M0GdusSqnOkviQULZsKWy6cHlYSpBrHqloDkjMDORyL7vHp8tCloK_rT_6I4OA4EY19edP5rFzXcDxs3_bvd6rAbKq0BqhoPk7exiwoF-z98H5LJH5jJbe4dDOjffY9Bj9w3g5kWvPrs5PpMeAdY4Rap08W1RrijQW_Ta"
"Lake Pearl - Woodside Village Ramp","Orange",2023-02-15,"CEROC","Yes","Dominant taxon: Microcystis aeruginosa","Yes","Yes",0.16,"I (I qualifier indicates that the reported value is between the laboratory method detection limit and the laboratory practical quantitation limit.",,,,,,,,,"Anatoxin-a: not detected; Cylindrospermopsin: not detected; Nodularin-R: not detected; Saxitoxins: not detected","Sunny and breezy. Green algae specks observed in water column ",2023-02-15 17:17:00,28.6017289,-81.2669199,0.3,"https://services1.arcgis.com/nRHtyn3uE1kyzoYc/ArcGIS/rest/services/service_c1026ff3b55f468d9f2edd834cb807f8/FeatureServer/0/6578/attachments/3247?token=esFGg2N_4QUkCtU1tiMztDW4hm2M0GdusSqnOkviQULZsKWy6cHlYSpBrHqloDkjMDORyL7vHp8tCloK_rT_6I4OA4EY19edP5rFzXcDxs3_bvd6rAbKq0BqhoPk7exiwoF-z98H5LJH5jJbe4dDOjffY9Bj9w3g5kWvPrs5PpMeAdY4Rap08W1RrijQW_Ta"
"Deep Lake - N Shore","Seminole",2023-02-15,"CEROC","Yes","Dominant taxon: Microcystis aeruginosa","Yes","No",,,,,,,,,,,"Anatoxin-a: not detected; Cylindrospermopsin: not detected; Nodularin-R: not detected; Saxitoxins: not detected","Sunny and breezy",2023-02-15 16:05:00,28.61442,-81.253,0.3,"https://services1.arcgis.com/nRHtyn3uE1kyzoYc/ArcGIS/rest/services/service_c1026ff3b55f468d9f2edd834cb807f8/FeatureServer/0/6579/attachments/3250?token=esFGg2N_4QUkCtU1tiMztDW4hm2M0GdusSqnOkviQULZsKWy6cHlYSpBrHqloDkjMDORyL7vHp8tCloK_rT_6I4OA4EY19edP5rFzXcDxs3_bvd6rAbKq0BqhoPk7exiwoF-z98H5LJH5jJbe4dDOjffY9Bj9w3g5kWvPrs5PpMeAdY4Rap08W1RrijQW_Ta"
"Wood Lake - E Shore","Seminole",2023-02-15,"CEROC","Yes","Co-dominant taxa were: Microcystis aeruginosa and Woronichinia naegeliana","Yes","Yes",0.88,"I (I qualifier indicates that the reported value is between the laboratory method detection limit and the laboratory practical quantitation limit.)",,,,,,,,,"Anatoxin-a: not detected; Cylindrospermopsin: not detected; Nodularin-R: not detected; Saxitoxins: not detected","Sunny. Bloom still observed in entire lake. Green algae observed throughout water column ",2023-02-15 15:11:00,28.6417807,-81.3837928,0.3,"https://services1.arcgis.com/nRHtyn3uE1kyzoYc/ArcGIS/rest/services/service_c1026ff3b55f468d9f2edd834cb807f8/FeatureServer/0/6577/attachments/3244?token=esFGg2N_4QUkCtU1tiMztDW4hm2M0GdusSqnOkviQULZsKWy6cHlYSpBrHqloDkjMDORyL7vHp8tCloK_rT_6I4OA4EY19edP5rFzXcDxs3_bvd6rAbKq0BqhoPk7exiwoF-z98H5LJH5jJbe4dDOjffY9Bj9w3g5kWvPrs5PpMeAdY4Rap08W1RrijQW_Ta"
"Crescent Lake - mouth of Dunns Creek (CRESLM)","Putnam",2023-02-15,"SJRWMD","No","mixed algae; no dominant species in sample","No","No",,,,,,,,,,,"Anatoxin-a: not detected; Cylindrospermopsin: not detected; Nodularin-R: not detected; Saxitoxins: not detected","Pollen on surface, sunny day",2023-02-15 14:33:00,29.52955556,-81.55372222,0.304,"https://services1.arcgis.com/nRHtyn3uE1kyzoYc/ArcGIS/rest/services/service_c1026ff3b55f468d9f2edd834cb807f8/FeatureServer/0/6576/attachments/3243?token=esFGg2N_4QUkCtU1tiMztDW4hm2M0GdusSqnOkviQULZsKWy6cHlYSpBrHqloDkjMDORyL7vHp8tCloK_rT_6I4OA4EY19edP5rFzXcDxs3_bvd6rAbKq0BqhoPk7exiwoF-z98H5LJH5jJbe4dDOjffY9Bj9w3g5kWvPrs5PpMeAdY4Rap08W1RrijQW_Ta"
"Lake Formosa - pedestrian bridge","Orange",2023-02-14,"CEROC","Yes","algal mat - Dominant taxon was: Spirogyra sp.; water - mixed algae; no dominant species in sample","No","No",,,,,,,,,,,"Anatoxin-a: not detected; Cylindrospermopsin: not detected; Nodularin-R: not detected; Saxitoxins: not detected","Sunny. Specks of algae observed in water column. Detached filamentous algae seen in scattered clumps on surface along shoreline.",2023-02-14 19:25:00,28.569441,-81.3659756,0.3,"https://services1.arcgis.com/nRHtyn3uE1kyzoYc/ArcGIS/rest/services/service_c1026ff3b55f468d9f2edd834cb807f8/FeatureServer/0/6575/attachments/3240?token=esFGg2N_4QUkCtU1tiMztDW4hm2M0GdusSqnOkviQULZsKWy6cHlYSpBrHqloDkjMDORyL7vHp8tCloK_rT_6I4OA4EY19edP5rFzXcDxs3_bvd6rAbKq0BqhoPk7exiwoF-z98H5LJH5jJbe4dDOjffY9Bj9w3g5kWvPrs5PpMeAdY4Rap08W1RrijQW_Ta"
"Lake Maitland - Kraft Azalea Garden","Orange",2023-02-14,"CEROC","Yes","Dominant taxon: Microcystis aeruginosa","Yes","Yes",0.7,"I (I qualifier indicates that the reported value is between the laboratory method detection limit and the laboratory practical quantitation limit.)",,,,,,,,,"Anatoxin-a: not detected; Cylindrospermopsin: not detected; Nodularin-R: not detected; Saxitoxins: not detected","Sunny with a breeze. Algae specks observed in water column ",2023-02-14 18:10:00,28.6114365,-81.3440743,0.3,"https://services1.arcgis.com/nRHtyn3uE1kyzoYc/ArcGIS/rest/services/service_c1026ff3b55f468d9f2edd834cb807f8/FeatureServer/0/6574/attachments/3237?token=esFGg2N_4QUkCtU1tiMztDW4hm2M0GdusSqnOkviQULZsKWy6cHlYSpBrHqloDkjMDORyL7vHp8tCloK_rT_6I4OA4EY19edP5rFzXcDxs3_bvd6rAbKq0BqhoPk7exiwoF-z98H5LJH5jJbe4dDOjffY9Bj9w3g5kWvPrs5PpMeAdY4Rap08W1RrijQW_Ta"
"Lake Osceola - Canton Ave","Orange",2023-02-14,"CEROC","Yes","Dominant taxon: Microcystis aeruginosa","Yes","Yes",1.5,,,,,,,,,,"Anatoxin-a: not detected; Cylindrospermopsin: not detected; Nodularin-R: not detected; Saxitoxins: not detected","Sunny and breezy. Algae specks throughout water column with periphyton observed on submerged vegetation.",2023-02-14 17:36:00,28.600539,-81.347034,0.3,"https://services1.arcgis.com/nRHtyn3uE1kyzoYc/ArcGIS/rest/services/service_c1026ff3b55f468d9f2edd834cb807f8/FeatureServer/0/6573/attachments/3234?token=esFGg2N_4QUkCtU1tiMztDW4hm2M0GdusSqnOkviQULZsKWy6cHlYSpBrHqloDkjMDORyL7vHp8tCloK_rT_6I4OA4EY19edP5rFzXcDxs3_bvd6rAbKq0BqhoPk7exiwoF-z98H5LJH5jJbe4dDOjffY9Bj9w3g5kWvPrs5PpMeAdY4Rap08W1RrijQW_Ta"
"Lake Virginia - Dinky Dock","Orange",2023-02-14,"CEROC","Yes","Dominant taxon: Microcystis aeruginosa","Yes","Yes",1.1,,,,,,,,,,"Anatoxin-a: not detected; Cylindrospermopsin: not detected; Nodularin-R: not detected; Saxitoxins: not detected","Sunny. Water very green with algae specks observed throughout water column ",2023-02-14 17:10:00,28.593842,-81.344553,0.3,"https://services1.arcgis.com/nRHtyn3uE1kyzoYc/ArcGIS/rest/services/service_c1026ff3b55f468d9f2edd834cb807f8/FeatureServer/0/6572/attachments/3232?token=esFGg2N_4QUkCtU1tiMztDW4hm2M0GdusSqnOkviQULZsKWy6cHlYSpBrHqloDkjMDORyL7vHp8tCloK_rT_6I4OA4EY19edP5rFzXcDxs3_bvd6rAbKq0BqhoPk7exiwoF-z98H5LJH5jJbe4dDOjffY9Bj9w3g5kWvPrs5PpMeAdY4Rap08W1RrijQW_Ta"
"Lake Baldwin - Fleet Peeples Park","Orange",2023-02-14,"CEROC","Yes","algal mat - Dominant taxon was: Scytonema crispum; water - Dominant taxon: Microcystis aeruginosa","Yes","Yes",1.1,"I (I qualifier indicates that the reported value is between the laboratory method detection limit and the laboratory practical quantitation limit.)",,,,,,,,,"Anatoxin-a: not detected; Cylindrospermopsin: not detected; Nodularin-R: not detected; Saxitoxins: not detected","Sunny. Wind blowing towards sampling dock.",2023-02-14 16:38:00,28.575484,-81.326231,0.3,"https://services1.arcgis.com/nRHtyn3uE1kyzoYc/ArcGIS/rest/services/service_c1026ff3b55f468d9f2edd834cb807f8/FeatureServer/0/6571/attachments/3229?token=esFGg2N_4QUkCtU1tiMztDW4hm2M0GdusSqnOkviQULZsKWy6cHlYSpBrHqloDkjMDORyL7vHp8tCloK_rT_6I4OA4EY19edP5rFzXcDxs3_bvd6rAbKq0BqhoPk7exiwoF-z98H5LJH5jJbe4dDOjffY9Bj9w3g5kWvPrs5PpMeAdY4Rap08W1RrijQW_Ta"
"Lake Tennessee - SW Shore","Orange",2023-02-14,"CEROC","No","Dominant taxon: Microcystis aeruginosa","Yes","No",,,,,,,,,,,"Anatoxin-a: not detected; Cylindrospermopsin: not detected; Nodularin-R: not detected; Saxitoxins: not detected","Sunny. Dense submerged vegetation (mostly Chara) with small floating vegetation on surface (mostly Lemna and Azolla).",2023-02-14 15:25:00,28.509444,-81.333439,0.1,"https://services1.arcgis.com/nRHtyn3uE1kyzoYc/ArcGIS/rest/services/service_c1026ff3b55f468d9f2edd834cb807f8/FeatureServer/0/6570/attachments/3226?token=esFGg2N_4QUkCtU1tiMztDW4hm2M0GdusSqnOkviQULZsKWy6cHlYSpBrHqloDkjMDORyL7vHp8tCloK_rT_6I4OA4EY19edP5rFzXcDxs3_bvd6rAbKq0BqhoPk7exiwoF-z98H5LJH5jJbe4dDOjffY9Bj9w3g5kWvPrs5PpMeAdY4Rap08W1RrijQW_Ta"
"Georges Lake - Boat Ramp","Putnam",2023-02-14,"NEROC","Yes","Dominant taxon: Microcystis aeruginosa","Yes","Yes",100,,,,,,,,,,"Anatoxin-a: not detected; Cylindrospermopsin: not detected; Nodularin-R: not detected; Saxitoxins: not detected","Strong odor is present at site.",2023-02-14 15:20:00,29.8022081386756,-81.8455186324669,0.3,"https://services1.arcgis.com/nRHtyn3uE1kyzoYc/ArcGIS/rest/services/service_c1026ff3b55f468d9f2edd834cb807f8/FeatureServer/0/6568/attachments/3222?token=esFGg2N_4QUkCtU1tiMztDW4hm2M0GdusSqnOkviQULZsKWy6cHlYSpBrHqloDkjMDORyL7vHp8tCloK_rT_6I4OA4EY19edP5rFzXcDxs3_bvd6rAbKq0BqhoPk7exiwoF-z98H5LJH5jJbe4dDOjffY9Bj9w3g5kWvPrs5PpMeAdY4Rap08W1RrijQW_Ta"
"Georges Lake - Center","Putnam",2023-02-14,"NEROC","Yes","Dominant taxon: Microcystis aeruginosa","Yes","Yes",49,,,,,,,,,,"Anatoxin-a: not detected; Cylindrospermopsin: not detected; Nodularin-R: not detected; Saxitoxins: not detected",,2023-02-14 14:55:00,29.795817112168,-81.8482895145986,0.3,"https://services1.arcgis.com/nRHtyn3uE1kyzoYc/ArcGIS/rest/services/service_c1026ff3b55f468d9f2edd834cb807f8/FeatureServer/0/6567/attachments/3219?token=esFGg2N_4QUkCtU1tiMztDW4hm2M0GdusSqnOkviQULZsKWy6cHlYSpBrHqloDkjMDORyL7vHp8tCloK_rT_6I4OA4EY19edP5rFzXcDxs3_bvd6rAbKq0BqhoPk7exiwoF-z98H5LJH5jJbe4dDOjffY9Bj9w3g5kWvPrs5PpMeAdY4Rap08W1RrijQW_Ta"
"Lake George - Center (LEO)","Volusia",2023-02-14,"SJRWMD","No","mixed algae; no dominant species in sample","No","No",,,,,,,,,,,"Anatoxin-a: not detected; Cylindrospermopsin: not detected; Nodularin-R: not detected; Saxitoxins: not detected","Partly cloudy",2023-02-14 14:11:00,29.30830556,-81.60638889,0.317,"https://services1.arcgis.com/nRHtyn3uE1kyzoYc/ArcGIS/rest/services/service_c1026ff3b55f468d9f2edd834cb807f8/FeatureServer/0/6569/attachments/3225?token=esFGg2N_4QUkCtU1tiMztDW4hm2M0GdusSqnOkviQULZsKWy6cHlYSpBrHqloDkjMDORyL7vHp8tCloK_rT_6I4OA4EY19edP5rFzXcDxs3_bvd6rAbKq0BqhoPk7exiwoF-z98H5LJH5jJbe4dDOjffY9Bj9w3g5kWvPrs5PpMeAdY4Rap08W1RrijQW_Ta"
"St. Johns River - Mandarin Point (MP72)","Duval",2023-02-13,"SJRWMD","No","mixed algae; no dominant species in sample","No","No",,,,,,,,,,,"Anatoxin-a: not detected; Cylindrospermopsin: not detected; Nodularin-R: not detected; Saxitoxins: not detected","Clear skies coolmmmga",2023-02-13 17:56:00,30.15666667,-81.68388889,0.303,"https://services1.arcgis.com/nRHtyn3uE1kyzoYc/ArcGIS/rest/services/service_c1026ff3b55f468d9f2edd834cb807f8/FeatureServer/0/6565/attachments/3215?token=esFGg2N_4QUkCtU1tiMztDW4hm2M0GdusSqnOkviQULZsKWy6cHlYSpBrHqloDkjMDORyL7vHp8tCloK_rT_6I4OA4EY19edP5rFzXcDxs3_bvd6rAbKq0BqhoPk7exiwoF-z98H5LJH5jJbe4dDOjffY9Bj9w3g5kWvPrs5PpMeAdY4Rap08W1RrijQW_Ta"
"Doctors Lake - Center (DTL)","Clay",2023-02-13,"SJRWMD","No","mixed algae; no dominant species in sample","No","No",,,,,,,,,,,"Anatoxin-a: not detected; Cylindrospermopsin: not detected; Nodularin-R: not detected; Saxitoxins: not detected","Clear skies, cool",2023-02-13 17:29:00,30.13805556,-81.72722222,0.314,"https://services1.arcgis.com/nRHtyn3uE1kyzoYc/ArcGIS/rest/services/service_c1026ff3b55f468d9f2edd834cb807f8/FeatureServer/0/6564/attachments/3214?token=esFGg2N_4QUkCtU1tiMztDW4hm2M0GdusSqnOkviQULZsKWy6cHlYSpBrHqloDkjMDORyL7vHp8tCloK_rT_6I4OA4EY19edP5rFzXcDxs3_bvd6rAbKq0BqhoPk7exiwoF-z98H5LJH5jJbe4dDOjffY9Bj9w3g5kWvPrs5PpMeAdY4Rap08W1RrijQW_Ta"
"St. Johns River - Shands Bridge (20030157)","StJohns",2023-02-13,"SJRWMD","No","mixed algae; no dominant species in sample","No","No",,,,,,,,,,,"Anatoxin-a: not detected; Cylindrospermopsin: not detected; Nodularin-R: not detected; Saxitoxins: not detected","Clear skies, cool",2023-02-13 16:21:00,29.98163056,-81.62213889,0.317,"https://services1.arcgis.com/nRHtyn3uE1kyzoYc/ArcGIS/rest/services/service_c1026ff3b55f468d9f2edd834cb807f8/FeatureServer/0/6563/attachments/3213?token=esFGg2N_4QUkCtU1tiMztDW4hm2M0GdusSqnOkviQULZsKWy6cHlYSpBrHqloDkjMDORyL7vHp8tCloK_rT_6I4OA4EY19edP5rFzXcDxs3_bvd6rAbKq0BqhoPk7exiwoF-z98H5LJH5jJbe4dDOjffY9Bj9w3g5kWvPrs5PpMeAdY4Rap08W1RrijQW_Ta"
"Lake Sue - NW Shore","Orange",2023-02-09,"CEROC","Yes","Dominant taxon: Microcystis aeruginosa","Yes","Yes",0.66,,,,,,,,,,"Anatoxin-a: not detected; Cylindrospermopsin: not detected; Nodularin-R: not detected; Saxitoxins: not detected",,2023-02-09 18:25:00,28.579014,-81.358287,0.3,"https://services1.arcgis.com/nRHtyn3uE1kyzoYc/ArcGIS/rest/services/service_c1026ff3b55f468d9f2edd834cb807f8/FeatureServer/0/6562/attachments/3210?token=esFGg2N_4QUkCtU1tiMztDW4hm2M0GdusSqnOkviQULZsKWy6cHlYSpBrHqloDkjMDORyL7vHp8tCloK_rT_6I4OA4EY19edP5rFzXcDxs3_bvd6rAbKq0BqhoPk7exiwoF-z98H5LJH5jJbe4dDOjffY9Bj9w3g5kWvPrs5PpMeAdY4Rap08W1RrijQW_Ta"
"Sunset Lake - W Shore","Orange",2023-02-09,"CEROC","Yes","algal mat - Dominant taxon was: Plectonema wollei; water - Co-dominant taxa were: Microcystis aeruginosa and Aphanezomenon flos-aquae","Yes","Yes",4.7,,,,,,,,,,"Anatoxin-a: not detected; Cylindrospermopsin: not detected; Nodularin-R: not detected; Saxitoxins: not detected","Sunny. Water very green. ",2023-02-09 17:14:00,28.536064,-81.413233,0.2,"https://services1.arcgis.com/nRHtyn3uE1kyzoYc/ArcGIS/rest/services/service_c1026ff3b55f468d9f2edd834cb807f8/FeatureServer/0/6561/attachments/3207?token=esFGg2N_4QUkCtU1tiMztDW4hm2M0GdusSqnOkviQULZsKWy6cHlYSpBrHqloDkjMDORyL7vHp8tCloK_rT_6I4OA4EY19edP5rFzXcDxs3_bvd6rAbKq0BqhoPk7exiwoF-z98H5LJH5jJbe4dDOjffY9Bj9w3g5kWvPrs5PpMeAdY4Rap08W1RrijQW_Ta"
"Lake Louise - Club Dock ","Orange",2023-02-09,"CEROC","No","Dominant taxon: Microcystis aeruginosa","Yes","No",,,,,,,,,,,"Anatoxin-a: not detected; Cylindrospermopsin: not detected; Nodularin-R: not detected; Saxitoxins: not detected","Sunny. Some algae specks observed in water column but no obvious bloom. Pollen accumulation observed near shoreline. ",2023-02-09 16:25:00,28.477171,-81.528656,0.3,"https://services1.arcgis.com/nRHtyn3uE1kyzoYc/ArcGIS/rest/services/service_c1026ff3b55f468d9f2edd834cb807f8/FeatureServer/0/6560/attachments/3204?token=esFGg2N_4QUkCtU1tiMztDW4hm2M0GdusSqnOkviQULZsKWy6cHlYSpBrHqloDkjMDORyL7vHp8tCloK_rT_6I4OA4EY19edP5rFzXcDxs3_bvd6rAbKq0BqhoPk7exiwoF-z98H5LJH5jJbe4dDOjffY9Bj9w3g5kWvPrs5PpMeAdY4Rap08W1RrijQW_Ta"
"Big Sand Lake - from Dock","Orange",2023-02-09,"CEROC","Yes","Dominant taxon: Microcystis aeruginosa","Yes","No",,,,,,,,,,,"Anatoxin-a: not detected; Cylindrospermopsin: not detected; Nodularin-R: not detected; Saxitoxins: not detected","Sunny",2023-02-09 15:33:00,28.4262,-81.4931,0.3,"https://services1.arcgis.com/nRHtyn3uE1kyzoYc/ArcGIS/rest/services/service_c1026ff3b55f468d9f2edd834cb807f8/FeatureServer/0/6559/attachments/3202?token=esFGg2N_4QUkCtU1tiMztDW4hm2M0GdusSqnOkviQULZsKWy6cHlYSpBrHqloDkjMDORyL7vHp8tCloK_rT_6I4OA4EY19edP5rFzXcDxs3_bvd6rAbKq0BqhoPk7exiwoF-z98H5LJH5jJbe4dDOjffY9Bj9w3g5kWvPrs5PpMeAdY4Rap08W1RrijQW_Ta"
"Ocklawaha River -  just east of Moss Bluff Dam","Marion",2023-02-09,"SJRWMD","Yes","Dominant taxon: Microcystis aeruginosa","Yes","No",,,,,,,,,,,"Anatoxin-a: not detected; Cylindrospermopsin: not detected; Nodularin-R: not detected; Saxitoxins: not detected","Cool, partly cloudy",2023-02-09 14:16:00,29.07884,-81.881436,0.305,"https://services1.arcgis.com/nRHtyn3uE1kyzoYc/ArcGIS/rest/services/service_c1026ff3b55f468d9f2edd834cb807f8/FeatureServer/0/6556/attachments/3197?token=esFGg2N_4QUkCtU1tiMztDW4hm2M0GdusSqnOkviQULZsKWy6cHlYSpBrHqloDkjMDORyL7vHp8tCloK_rT_6I4OA4EY19edP5rFzXcDxs3_bvd6rAbKq0BqhoPk7exiwoF-z98H5LJH5jJbe4dDOjffY9Bj9w3g5kWvPrs5PpMeAdY4Rap08W1RrijQW_Ta"
"Lake Speer - NW Lobe","Orange",2023-02-08,"County","No","Dominant taxon: Microcystis aeruginosa","Yes","No",,,,,,,,,,,"Anatoxin-a: not detected; Cylindrospermopsin: not detected; Nodularin-R: not detected; Saxitoxins: not detected",,2023-02-08 18:00:00,28.483104,-81.602176,0.3,"https://services1.arcgis.com/nRHtyn3uE1kyzoYc/ArcGIS/rest/services/service_c1026ff3b55f468d9f2edd834cb807f8/FeatureServer/0/6558/attachments/3200?token=esFGg2N_4QUkCtU1tiMztDW4hm2M0GdusSqnOkviQULZsKWy6cHlYSpBrHqloDkjMDORyL7vHp8tCloK_rT_6I4OA4EY19edP5rFzXcDxs3_bvd6rAbKq0BqhoPk7exiwoF-z98H5LJH5jJbe4dDOjffY9Bj9w3g5kWvPrs5PpMeAdY4Rap08W1RrijQW_Ta"
"Lake Spar - Lakeside Village Park","Orange",2023-02-08,"County","No","Dominant taxon: Microcystis aeruginosa","Yes","No",,,,,,,,,,,"Anatoxin-a: not detected; Cylindrospermopsin: not detected; Nodularin-R: not detected; Saxitoxins: not detected",,2023-02-08 17:00:00,28.44633,-81.56394,0.3,"https://services1.arcgis.com/nRHtyn3uE1kyzoYc/ArcGIS/rest/services/service_c1026ff3b55f468d9f2edd834cb807f8/FeatureServer/0/6557/attachments/3198?token=esFGg2N_4QUkCtU1tiMztDW4hm2M0GdusSqnOkviQULZsKWy6cHlYSpBrHqloDkjMDORyL7vHp8tCloK_rT_6I4OA4EY19edP5rFzXcDxs3_bvd6rAbKq0BqhoPk7exiwoF-z98H5LJH5jJbe4dDOjffY9Bj9w3g5kWvPrs5PpMeAdY4Rap08W1RrijQW_Ta"
"Georges Lake - Center","Putnam",2023-02-08,"NEROC","Yes","Dominant taxon: Microcystis aeruginosa","Yes","Yes",8.5,,,,,,,,,,"Anatoxin-a: not detected; Cylindrospermopsin: not detected; Nodularin-R: not detected; Saxitoxins: not detected","Strong odor ",2023-02-08 16:20:00,29.7954228322712,-81.8491000396862,0.3,"https://services1.arcgis.com/nRHtyn3uE1kyzoYc/ArcGIS/rest/services/service_c1026ff3b55f468d9f2edd834cb807f8/FeatureServer/0/6550/attachments/3191?token=esFGg2N_4QUkCtU1tiMztDW4hm2M0GdusSqnOkviQULZsKWy6cHlYSpBrHqloDkjMDORyL7vHp8tCloK_rT_6I4OA4EY19edP5rFzXcDxs3_bvd6rAbKq0BqhoPk7exiwoF-z98H5LJH5jJbe4dDOjffY9Bj9w3g5kWvPrs5PpMeAdY4Rap08W1RrijQW_Ta"
"Lake Martha - NE Shore","Orange",2023-02-06,"CEROC","Yes","mixed algae; no dominant species in sample","No","Yes",0.11,"I (I qualifier indicates that the reported value is between the laboratory method detection limit and the laboratory practical quantitation limit.)",,,,,,,,,"Anatoxin-a: not detected; Cylindrospermopsin: not detected; Nodularin-R: not detected; Saxitoxins: not detected","70 and sunny ",2023-02-06 18:09:00,28.609491048988,-81.2721488642313,0.3,"https://services1.arcgis.com/nRHtyn3uE1kyzoYc/ArcGIS/rest/services/service_c1026ff3b55f468d9f2edd834cb807f8/FeatureServer/0/6536/attachments/3161?token=esFGg2N_4QUkCtU1tiMztDW4hm2M0GdusSqnOkviQULZsKWy6cHlYSpBrHqloDkjMDORyL7vHp8tCloK_rT_6I4OA4EY19edP5rFzXcDxs3_bvd6rAbKq0BqhoPk7exiwoF-z98H5LJH5jJbe4dDOjffY9Bj9w3g5kWvPrs5PpMeAdY4Rap08W1RrijQW_Ta"
"Lake Burkett - Center","Orange",2023-02-06,"CEROC","Yes","Dominant taxon: Microcystis aeruginosa","Yes","Yes",0.15,"I (I qualifier indicates that the reported value is between the laboratory method detection limit and the laboratory practical quantitation limit.)",,,,,,,,,"Anatoxin-a: not detected; Cylindrospermopsin: not detected; Nodularin-R: not detected; Saxitoxins: not detected","70 and sunny",2023-02-06 17:57:00,28.6102181663819,-81.2680037008327,0.3,"https://services1.arcgis.com/nRHtyn3uE1kyzoYc/ArcGIS/rest/services/service_c1026ff3b55f468d9f2edd834cb807f8/FeatureServer/0/6535/attachments/3158?token=esFGg2N_4QUkCtU1tiMztDW4hm2M0GdusSqnOkviQULZsKWy6cHlYSpBrHqloDkjMDORyL7vHp8tCloK_rT_6I4OA4EY19edP5rFzXcDxs3_bvd6rAbKq0BqhoPk7exiwoF-z98H5LJH5jJbe4dDOjffY9Bj9w3g5kWvPrs5PpMeAdY4Rap08W1RrijQW_Ta"
"Lake Baldwin - Fleet Peeples Park","Orange",2023-02-06,"CEROC","Yes","Dominant taxon: Microcystis aeruginosa","Yes","Yes",0.56,,,,,,,,,,"Anatoxin-a: not detected; Cylindrospermopsin: not detected; Nodularin-R: not detected; Saxitoxins: not detected","70 and sunny ",2023-02-06 16:46:00,28.5749748506847,-81.325979252172,0.3,"https://services1.arcgis.com/nRHtyn3uE1kyzoYc/ArcGIS/rest/services/service_c1026ff3b55f468d9f2edd834cb807f8/FeatureServer/0/6537/attachments/3164?token=esFGg2N_4QUkCtU1tiMztDW4hm2M0GdusSqnOkviQULZsKWy6cHlYSpBrHqloDkjMDORyL7vHp8tCloK_rT_6I4OA4EY19edP5rFzXcDxs3_bvd6rAbKq0BqhoPk7exiwoF-z98H5LJH5jJbe4dDOjffY9Bj9w3g5kWvPrs5PpMeAdY4Rap08W1RrijQW_Ta"
"Lake Virginia - Dinky Dock","Orange",2023-02-06,"CEROC","Yes","Dominant taxon: Microcystis aeruginosa","Yes","Yes",0.44,,,,,,,,,,"Anatoxin-a: not detected; Cylindrospermopsin: not detected; Nodularin-R: not detected; Saxitoxins: not detected","70 and sunny ",2023-02-06 15:50:00,28.5932069088579,-81.3448129640057,0.3,"https://services1.arcgis.com/nRHtyn3uE1kyzoYc/ArcGIS/rest/services/service_c1026ff3b55f468d9f2edd834cb807f8/FeatureServer/0/6538/attachments/3167?token=esFGg2N_4QUkCtU1tiMztDW4hm2M0GdusSqnOkviQULZsKWy6cHlYSpBrHqloDkjMDORyL7vHp8tCloK_rT_6I4OA4EY19edP5rFzXcDxs3_bvd6rAbKq0BqhoPk7exiwoF-z98H5LJH5jJbe4dDOjffY9Bj9w3g5kWvPrs5PpMeAdY4Rap08W1RrijQW_Ta"
"Lake Lily - NW Shore","Orange",2023-02-02,"CEROC","No","mixed algae; no dominant species in sample","No","No",,,,,,,,,,,"Anatoxin-a: not detected; Cylindrospermopsin: not detected; Nodularin-R: not detected; Saxitoxins: not detected","Sunny, clear. Very high density of aquatic plant, Lemna sp., growing on surface of majority of lake. ",2023-02-02 19:55:00,28.62226,-81.366242,0.3,"https://services1.arcgis.com/nRHtyn3uE1kyzoYc/ArcGIS/rest/services/service_c1026ff3b55f468d9f2edd834cb807f8/FeatureServer/0/6526/attachments/3150?token=esFGg2N_4QUkCtU1tiMztDW4hm2M0GdusSqnOkviQULZsKWy6cHlYSpBrHqloDkjMDORyL7vHp8tCloK_rT_6I4OA4EY19edP5rFzXcDxs3_bvd6rAbKq0BqhoPk7exiwoF-z98H5LJH5jJbe4dDOjffY9Bj9w3g5kWvPrs5PpMeAdY4Rap08W1RrijQW_Ta"
"Trout Lake - Nature Center Dock","Lake",2023-02-02,"CEROC","Yes","Dominant taxon: Dolichospermum sp.","Yes","No",,,,,,,,,,,"Anatoxin-a: not detected; Cylindrospermopsin: not detected; Nodularin-R: not detected; Saxitoxins: not detected","Sunny, partly cloudy",2023-02-02 18:27:00,28.868691,-81.68185,0.3,"https://services1.arcgis.com/nRHtyn3uE1kyzoYc/ArcGIS/rest/services/service_c1026ff3b55f468d9f2edd834cb807f8/FeatureServer/0/6525/attachments/3148?token=esFGg2N_4QUkCtU1tiMztDW4hm2M0GdusSqnOkviQULZsKWy6cHlYSpBrHqloDkjMDORyL7vHp8tCloK_rT_6I4OA4EY19edP5rFzXcDxs3_bvd6rAbKq0BqhoPk7exiwoF-z98H5LJH5jJbe4dDOjffY9Bj9w3g5kWvPrs5PpMeAdY4Rap08W1RrijQW_Ta"
"Lake Ola - NE Shore","Orange",2023-02-02,"CEROC","Yes","Dominant taxon: Microcystis aeruginosa","Yes","Yes",0.21,"I (I qualifier indicates that the reported value is between the laboratory method detection limit and the laboratory practical quantitation limit.)",,,,,,,,,"Anatoxin-a: not detected; Cylindrospermopsin: not detected; Nodularin-R: not detected; Saxitoxins: not detected","Sunny, partly cloudy",2023-02-02 17:04:00,28.755174,-81.62585,0.3,"https://services1.arcgis.com/nRHtyn3uE1kyzoYc/ArcGIS/rest/services/service_c1026ff3b55f468d9f2edd834cb807f8/FeatureServer/0/6524/attachments/3146?token=esFGg2N_4QUkCtU1tiMztDW4hm2M0GdusSqnOkviQULZsKWy6cHlYSpBrHqloDkjMDORyL7vHp8tCloK_rT_6I4OA4EY19edP5rFzXcDxs3_bvd6rAbKq0BqhoPk7exiwoF-z98H5LJH5jJbe4dDOjffY9Bj9w3g5kWvPrs5PpMeAdY4Rap08W1RrijQW_Ta"
"Doctors Lake - at Camp Echockotee","Clay",2023-01-31,"NEROC","Yes","mixed algae; no dominant species in sample","No","No",,,,,,,,,,,"Anatoxin-a: not detected; Cylindrospermopsin: not detected; Nodularin-R: not detected; Saxitoxins: not detected",,2023-01-31 17:45:00,30.1502676469773,-81.7246111612958,0.3,"https://services1.arcgis.com/nRHtyn3uE1kyzoYc/ArcGIS/rest/services/service_c1026ff3b55f468d9f2edd834cb807f8/FeatureServer/0/6522/attachments/3140?token=esFGg2N_4QUkCtU1tiMztDW4hm2M0GdusSqnOkviQULZsKWy6cHlYSpBrHqloDkjMDORyL7vHp8tCloK_rT_6I4OA4EY19edP5rFzXcDxs3_bvd6rAbKq0BqhoPk7exiwoF-z98H5LJH5jJbe4dDOjffY9Bj9w3g5kWvPrs5PpMeAdY4Rap08W1RrijQW_Ta"
"Black Creek - at SR-17","Clay",2023-01-31,"NEROC","No","mixed algae; no dominant species in sample","No","No",,,,,,,,,,,"Anatoxin-a: not detected; Cylindrospermopsin: not detected; Nodularin-R: not detected; Saxitoxins: not detected",,2023-01-31 17:00:00,30.0420394018559,-81.711972971449,0.31761,"https://services1.arcgis.com/nRHtyn3uE1kyzoYc/ArcGIS/rest/services/service_c1026ff3b55f468d9f2edd834cb807f8/FeatureServer/0/6521/attachments/3137?token=esFGg2N_4QUkCtU1tiMztDW4hm2M0GdusSqnOkviQULZsKWy6cHlYSpBrHqloDkjMDORyL7vHp8tCloK_rT_6I4OA4EY19edP5rFzXcDxs3_bvd6rAbKq0BqhoPk7exiwoF-z98H5LJH5jJbe4dDOjffY9Bj9w3g5kWvPrs5PpMeAdY4Rap08W1RrijQW_Ta"
"Swimming Pen Creek - Whitey's Fish Camp","Clay",2023-01-31,"NEROC","Yes","mixed algae; no dominant species in sample","No","No",,,,,,,,,,,"Anatoxin-a: not detected; Cylindrospermopsin: not detected; Nodularin-R: not detected; Saxitoxins: not detected",,2023-01-31 16:00:00,30.1010067385337,-81.7466770569925,0.3,"https://services1.arcgis.com/nRHtyn3uE1kyzoYc/ArcGIS/rest/services/service_c1026ff3b55f468d9f2edd834cb807f8/FeatureServer/0/6516/attachments/3127?token=esFGg2N_4QUkCtU1tiMztDW4hm2M0GdusSqnOkviQULZsKWy6cHlYSpBrHqloDkjMDORyL7vHp8tCloK_rT_6I4OA4EY19edP5rFzXcDxs3_bvd6rAbKq0BqhoPk7exiwoF-z98H5LJH5jJbe4dDOjffY9Bj9w3g5kWvPrs5PpMeAdY4Rap08W1RrijQW_Ta"
"Doctors Lake - Mill Cove","Clay",2023-01-31,"NEROC","Yes","mixed algae; no dominant species in sample","No","No",,,,,,,,,,,"Anatoxin-a: not detected; Cylindrospermopsin: not detected; Nodularin-R: not detected; Saxitoxins: not detected",,2023-01-31 15:20:00,30.1240247619781,-81.7275096510862,0.3,"https://services1.arcgis.com/nRHtyn3uE1kyzoYc/ArcGIS/rest/services/service_c1026ff3b55f468d9f2edd834cb807f8/FeatureServer/0/6515/attachments/3124?token=esFGg2N_4QUkCtU1tiMztDW4hm2M0GdusSqnOkviQULZsKWy6cHlYSpBrHqloDkjMDORyL7vHp8tCloK_rT_6I4OA4EY19edP5rFzXcDxs3_bvd6rAbKq0BqhoPk7exiwoF-z98H5LJH5jJbe4dDOjffY9Bj9w3g5kWvPrs5PpMeAdY4Rap08W1RrijQW_Ta"
"Lake Pineloch - E Shore","Orange",2023-01-31,"CEROC","Yes","Dominant taxon: Microcystis aeruginosa","Yes","Yes",0.36,"I (I qualifier indicates that the reported value is between the laboratory method detection limit and the laboratory practical quantitation limit.)",,,,,,,,,"Anatoxin-a: not detected; Cylindrospermopsin: not detected; Nodularin-R: not detected; Saxitoxins: not detected",,2023-01-31 15:15:00,28.5085137141625,-81.3647846610354,0.3,"https://services1.arcgis.com/nRHtyn3uE1kyzoYc/ArcGIS/rest/services/service_c1026ff3b55f468d9f2edd834cb807f8/FeatureServer/0/6519/attachments/3135?token=esFGg2N_4QUkCtU1tiMztDW4hm2M0GdusSqnOkviQULZsKWy6cHlYSpBrHqloDkjMDORyL7vHp8tCloK_rT_6I4OA4EY19edP5rFzXcDxs3_bvd6rAbKq0BqhoPk7exiwoF-z98H5LJH5jJbe4dDOjffY9Bj9w3g5kWvPrs5PpMeAdY4Rap08W1RrijQW_Ta"
"Lake Mann - McQueen Park","Orange",2023-01-31,"CEROC","No","mixed algae; no dominant species in sample","No","Yes",,,0.21,"I (I qualifier indicates that the reported value is between the laboratory method detection limit and the laboratory practical quantitation limit.)",,,,,,,"Anatoxin-a: not detected; Cylindrospermopsin: 0.21 I (I qualifier indicates that the reported value is between the laboratory method detection limit and the laboratory practical quantitation limit.); Nodularin-R: not detected; Saxitoxins: not detected",,2023-01-31 14:35:00,28.5346479412055,-81.423527894767,0.3,"https://services1.arcgis.com/nRHtyn3uE1kyzoYc/ArcGIS/rest/services/service_c1026ff3b55f468d9f2edd834cb807f8/FeatureServer/0/6518/attachments/3133?token=esFGg2N_4QUkCtU1tiMztDW4hm2M0GdusSqnOkviQULZsKWy6cHlYSpBrHqloDkjMDORyL7vHp8tCloK_rT_6I4OA4EY19edP5rFzXcDxs3_bvd6rAbKq0BqhoPk7exiwoF-z98H5LJH5jJbe4dDOjffY9Bj9w3g5kWvPrs5PpMeAdY4Rap08W1RrijQW_Ta"
"Sunset Lake - W Shore","Orange",2023-01-31,"CEROC","Yes","Co-dominant taxa were: Microcystis aeruginosa and Dolichospermum planctonicum","Yes","Yes",2.6,,,,,,0.55,"I (I qualifier indicates that the reported value is between the laboratory method detection limit and the laboratory practical quantitation limit.)",,,"Anatoxin-a: not detected; Cylindrospermopsin: not detected; Nodularin-R: not detected; Saxitoxins: 0.55 I (I qualifier indicates that the reported value is between the laboratory method detection limit and the laboratory practical quantitation limit.)","75 and sunny ",2023-01-31 14:11:00,28.536064,-81.413233,0.3,"https://services1.arcgis.com/nRHtyn3uE1kyzoYc/ArcGIS/rest/services/service_c1026ff3b55f468d9f2edd834cb807f8/FeatureServer/0/6517/attachments/3130?token=esFGg2N_4QUkCtU1tiMztDW4hm2M0GdusSqnOkviQULZsKWy6cHlYSpBrHqloDkjMDORyL7vHp8tCloK_rT_6I4OA4EY19edP5rFzXcDxs3_bvd6rAbKq0BqhoPk7exiwoF-z98H5LJH5jJbe4dDOjffY9Bj9w3g5kWvPrs5PpMeAdY4Rap08W1RrijQW_Ta"
"Lake Marian - Boat Ramp","Osceola",2023-01-30,"SEROC","No","mixed algae; no dominant species in sample","No","Yes",2.5,"I (I qualifier indicates that the reported value is between the laboratory method detection limit and the laboratory practical quantitation limit.)",,,,,,,,,"Anatoxin-a: not detected; Cylindrospermopsin: not detected; Nodularin-R: not detected; Saxitoxins: not detected",,2023-01-30 16:30:00,27.8727958258241,-81.051980573684,0.3,"https://services1.arcgis.com/nRHtyn3uE1kyzoYc/ArcGIS/rest/services/service_c1026ff3b55f468d9f2edd834cb807f8/FeatureServer/0/6513/attachments/3118?token=esFGg2N_4QUkCtU1tiMztDW4hm2M0GdusSqnOkviQULZsKWy6cHlYSpBrHqloDkjMDORyL7vHp8tCloK_rT_6I4OA4EY19edP5rFzXcDxs3_bvd6rAbKq0BqhoPk7exiwoF-z98H5LJH5jJbe4dDOjffY9Bj9w3g5kWvPrs5PpMeAdY4Rap08W1RrijQW_Ta"
"Georges Lake - Center","Putnam",2023-01-30,"NEROC","Yes","Dominant taxon: Microcystis aeruginosa","Yes","Yes",2.1,"I (I qualifier indicates that the reported value is between the laboratory method detection limit and the laboratory practical quantitation limit.)",,,,,,,,,"Anatoxin-a: not detected; Cylindrospermopsin: not detected; Nodularin-R: not detected; Saxitoxins: not detected",,2023-01-30 16:20:00,29.7941261134824,-81.8481383122584,0.3,"https://services1.arcgis.com/nRHtyn3uE1kyzoYc/ArcGIS/rest/services/service_c1026ff3b55f468d9f2edd834cb807f8/FeatureServer/0/6512/attachments/3115?token=esFGg2N_4QUkCtU1tiMztDW4hm2M0GdusSqnOkviQULZsKWy6cHlYSpBrHqloDkjMDORyL7vHp8tCloK_rT_6I4OA4EY19edP5rFzXcDxs3_bvd6rAbKq0BqhoPk7exiwoF-z98H5LJH5jJbe4dDOjffY9Bj9w3g5kWvPrs5PpMeAdY4Rap08W1RrijQW_Ta"
"Lake Jesup - Center (OW-CTR)","Seminole",2023-01-26,"SJRWMD","No","mixed algae; no dominant species in sample","No","Yes",,,,,0.52,"I (I qualifier indicates that the reported value is between the laboratory method detection limit and the laboratory practical quantitation limit.)",,,,,"Anatoxin-a: 0.52 I (I qualifier indicates that the reported value is between the laboratory method detection limit and the laboratory practical quantitation limit.); Cylindrospermopsin: not detected; Nodularin-R: not detected; Saxitoxins: not detected","Mostly sunny with moderate winds",2023-01-26 15:59:00,28.7268,-81.2111,0.311,
"Wood Lake - E Shore","Seminole",2023-01-26,"CEROC","Yes","Co-dominant taxa were: Microcystis aeruginosa and Woronichinia sp.","Yes","Yes",0.63,"I (I qualifier indicates that the reported value is between the laboratory method detection limit and the laboratory practical quantitation limit.)",,,,,,,,,"Anatoxin-a: not detected; Cylindrospermopsin: not detected; Nodularin-R: not detected; Saxitoxins: not detected","Sunny with cool temps. Bloom still very visible. ",2023-01-26 15:18:00,28.6417807,-81.3837928,0.3,"https://services1.arcgis.com/nRHtyn3uE1kyzoYc/ArcGIS/rest/services/service_c1026ff3b55f468d9f2edd834cb807f8/FeatureServer/0/6506/attachments/3112?token=esFGg2N_4QUkCtU1tiMztDW4hm2M0GdusSqnOkviQULZsKWy6cHlYSpBrHqloDkjMDORyL7vHp8tCloK_rT_6I4OA4EY19edP5rFzXcDxs3_bvd6rAbKq0BqhoPk7exiwoF-z98H5LJH5jJbe4dDOjffY9Bj9w3g5kWvPrs5PpMeAdY4Rap08W1RrijQW_Ta"
"Lake Monroe - Center (LMAC)","Volusia",2023-01-26,"SJRWMD","No","mixed algae; no dominant species in sample","No","No",,,,,,,,,,,"Anatoxin-a: not detected; Cylindrospermopsin: not detected; Nodularin-R: not detected; Saxitoxins: not detected","Partly cloudy with high winds",2023-01-26 14:33:00,28.83496,-81.27091,0.314,
"Starke Lake - Boat Ramp","Orange",2023-01-26,"CEROC","Yes","mixed algae; no dominant species in sample","No","No",,,,,,,,,,,"Anatoxin-a: not detected; Cylindrospermopsin: not detected; Nodularin-R: not detected; Saxitoxins: not detected","65 and slightly cloudy ",2023-01-26 14:31:00,28.571909564266,-81.5421098494962,0.3,"https://services1.arcgis.com/nRHtyn3uE1kyzoYc/ArcGIS/rest/services/service_c1026ff3b55f468d9f2edd834cb807f8/FeatureServer/0/6503/attachments/3109?token=esFGg2N_4QUkCtU1tiMztDW4hm2M0GdusSqnOkviQULZsKWy6cHlYSpBrHqloDkjMDORyL7vHp8tCloK_rT_6I4OA4EY19edP5rFzXcDxs3_bvd6rAbKq0BqhoPk7exiwoF-z98H5LJH5jJbe4dDOjffY9Bj9w3g5kWvPrs5PpMeAdY4Rap08W1RrijQW_Ta"
"Big Sand Lake - from Dock","Orange",2023-01-24,"CEROC","Yes","Dominant taxon: Microcystis aeruginosa","Yes","Yes",0.19,"I (I qualifier indicates that the reported value is between the laboratory method detection limit and the laboratory practical quantitation limit.)",,,,,,,,,"Anatoxin-a: not detected; Cylindrospermopsin: not detected; Nodularin-R: not detected; Saxitoxins: not detected","75 and slightly cloudy ",2023-01-24 18:02:00,28.42622237945,-81.4931079890799,0.3,"https://services1.arcgis.com/nRHtyn3uE1kyzoYc/ArcGIS/rest/services/service_c1026ff3b55f468d9f2edd834cb807f8/FeatureServer/0/6498/attachments/3098?token=esFGg2N_4QUkCtU1tiMztDW4hm2M0GdusSqnOkviQULZsKWy6cHlYSpBrHqloDkjMDORyL7vHp8tCloK_rT_6I4OA4EY19edP5rFzXcDxs3_bvd6rAbKq0BqhoPk7exiwoF-z98H5LJH5jJbe4dDOjffY9Bj9w3g5kWvPrs5PpMeAdY4Rap08W1RrijQW_Ta"
"Lake Killarney -N Lobe ","Orange",2023-01-24,"CEROC","Yes","Dominant taxon: Dolichospermum circinale","Yes","No",,,,,,,,,,,"Anatoxin-a: not detected; Cylindrospermopsin: not detected; Nodularin-R: not detected; Saxitoxins: not detected","75 and slightly cloudy ",2023-01-24 16:43:00,28.6044786463899,-81.3719281676682,0.3,"https://services1.arcgis.com/nRHtyn3uE1kyzoYc/ArcGIS/rest/services/service_c1026ff3b55f468d9f2edd834cb807f8/FeatureServer/0/6499/attachments/3101?token=esFGg2N_4QUkCtU1tiMztDW4hm2M0GdusSqnOkviQULZsKWy6cHlYSpBrHqloDkjMDORyL7vHp8tCloK_rT_6I4OA4EY19edP5rFzXcDxs3_bvd6rAbKq0BqhoPk7exiwoF-z98H5LJH5jJbe4dDOjffY9Bj9w3g5kWvPrs5PpMeAdY4Rap08W1RrijQW_Ta"
"Lake Sue - NW Shore","Orange",2023-01-24,"CEROC","Yes","mixed algae; no dominant species in sample","No","Yes",0.19,"I (I qualifier indicates that the reported value is between the laboratory method detection limit and the laboratory practical quantitation limit.)",,,,,,,,,"Anatoxin-a: not detected; Cylindrospermopsin: not detected; Nodularin-R: not detected; Saxitoxins: not detected","70 and slightly cloudy ",2023-01-24 15:18:00,28.5790142810406,-81.3582872634798,0.3,"https://services1.arcgis.com/nRHtyn3uE1kyzoYc/ArcGIS/rest/services/service_c1026ff3b55f468d9f2edd834cb807f8/FeatureServer/0/6500/attachments/3104?token=esFGg2N_4QUkCtU1tiMztDW4hm2M0GdusSqnOkviQULZsKWy6cHlYSpBrHqloDkjMDORyL7vHp8tCloK_rT_6I4OA4EY19edP5rFzXcDxs3_bvd6rAbKq0BqhoPk7exiwoF-z98H5LJH5jJbe4dDOjffY9Bj9w3g5kWvPrs5PpMeAdY4Rap08W1RrijQW_Ta"
"Stick Marsh - North (STKM)","IndianRiver",2023-01-24,"SJRWMD","No","mixed algae; no dominant species in sample","No","No",,,,,,,,,,,"Anatoxin-a: not detected; Cylindrospermopsin: not detected; Nodularin-R: not detected; Saxitoxins: not detected","HAB routine sample no bloom observed",2023-01-24 14:13:00,27.81065,-80.724854,0.3,"https://services1.arcgis.com/nRHtyn3uE1kyzoYc/ArcGIS/rest/services/service_c1026ff3b55f468d9f2edd834cb807f8/FeatureServer/0/6497/attachments/3097?token=esFGg2N_4QUkCtU1tiMztDW4hm2M0GdusSqnOkviQULZsKWy6cHlYSpBrHqloDkjMDORyL7vHp8tCloK_rT_6I4OA4EY19edP5rFzXcDxs3_bvd6rAbKq0BqhoPk7exiwoF-z98H5LJH5jJbe4dDOjffY9Bj9w3g5kWvPrs5PpMeAdY4Rap08W1RrijQW_Ta"
"Blue Cypress Lake - Center (BCL)","IndianRiver",2023-01-23,"SJRWMD","No","mixed algae; no dominant species in sample","No","No",,,,,,,,,,,"Anatoxin-a: not detected; Cylindrospermopsin: not detected; Nodularin-R: not detected; Saxitoxins: not detected","No Rain",2023-01-23 15:11:00,27.7266,-80.7536,0.316,"https://services1.arcgis.com/nRHtyn3uE1kyzoYc/ArcGIS/rest/services/service_c1026ff3b55f468d9f2edd834cb807f8/FeatureServer/0/6496/attachments/3096?token=esFGg2N_4QUkCtU1tiMztDW4hm2M0GdusSqnOkviQULZsKWy6cHlYSpBrHqloDkjMDORyL7vHp8tCloK_rT_6I4OA4EY19edP5rFzXcDxs3_bvd6rAbKq0BqhoPk7exiwoF-z98H5LJH5jJbe4dDOjffY9Bj9w3g5kWvPrs5PpMeAdY4Rap08W1RrijQW_Ta"
"Lake Martha - NE Shore","Orange",2023-01-19,"County","Yes","Dominant taxon: Microcystis aeruginosa","Yes","Yes",0.18,"I (I qualifier indicates that the reported value is between the laboratory method detection limit and the laboratory practical quantitation limit.)",,,,,,,,,"Anatoxin-a: not detected; Cylindrospermopsin: not detected; Nodularin-R: not detected; Saxitoxins: not detected",,2023-01-19 14:05:00,28.609558,-81.272099,0.3,"https://services1.arcgis.com/nRHtyn3uE1kyzoYc/ArcGIS/rest/services/service_c1026ff3b55f468d9f2edd834cb807f8/FeatureServer/0/6495/attachments/3094?token=esFGg2N_4QUkCtU1tiMztDW4hm2M0GdusSqnOkviQULZsKWy6cHlYSpBrHqloDkjMDORyL7vHp8tCloK_rT_6I4OA4EY19edP5rFzXcDxs3_bvd6rAbKq0BqhoPk7exiwoF-z98H5LJH5jJbe4dDOjffY9Bj9w3g5kWvPrs5PpMeAdY4Rap08W1RrijQW_Ta"
"Lake Burkett - Center","Orange",2023-01-19,"County","Yes","Dominant taxon: Microcystis aeruginosa","Yes","No",,,,,,,,,,,"Anatoxin-a: not detected; Cylindrospermopsin: not detected; Nodularin-R: not detected; Saxitoxins: not detected",,2023-01-19 13:25:00,28.610256,-81.268014,0.3,"https://services1.arcgis.com/nRHtyn3uE1kyzoYc/ArcGIS/rest/services/service_c1026ff3b55f468d9f2edd834cb807f8/FeatureServer/0/6494/attachments/3092?token=esFGg2N_4QUkCtU1tiMztDW4hm2M0GdusSqnOkviQULZsKWy6cHlYSpBrHqloDkjMDORyL7vHp8tCloK_rT_6I4OA4EY19edP5rFzXcDxs3_bvd6rAbKq0BqhoPk7exiwoF-z98H5LJH5jJbe4dDOjffY9Bj9w3g5kWvPrs5PpMeAdY4Rap08W1RrijQW_Ta"
"Georges Lake - Center","Putnam",2023-01-18,"NEROC","Yes","Dominant taxon: Microcystis aeruginosa","Yes","Yes",2.7,,,,,,,,,,"Anatoxin-a: not detected; Cylindrospermopsin: not detected; Nodularin-R: not detected; Saxitoxins: not detected",,2023-01-18 15:50:00,29.79628,-81.85102,0.3,"https://services1.arcgis.com/nRHtyn3uE1kyzoYc/ArcGIS/rest/services/service_c1026ff3b55f468d9f2edd834cb807f8/FeatureServer/0/6491/attachments/3086?token=esFGg2N_4QUkCtU1tiMztDW4hm2M0GdusSqnOkviQULZsKWy6cHlYSpBrHqloDkjMDORyL7vHp8tCloK_rT_6I4OA4EY19edP5rFzXcDxs3_bvd6rAbKq0BqhoPk7exiwoF-z98H5LJH5jJbe4dDOjffY9Bj9w3g5kWvPrs5PpMeAdY4Rap08W1RrijQW_Ta"
"Deep Lake - N Shore","Seminole",2023-01-17,"CEROC","Yes","Dominant taxon: Microcystis aeruginosa","Yes","Yes",0.64,"I (I qualifier indicates that the reported value is between the laboratory method detection limit and the laboratory practical quantitation limit.)",,,,,,,,,"Anatoxin-a: not detected; Cylindrospermopsin: not detected; Nodularin-R: not detected; Saxitoxins: not detected","Sunny with a breeze. ",2023-01-17 18:06:00,28.61442,-81.253094944,0.3,"https://services1.arcgis.com/nRHtyn3uE1kyzoYc/ArcGIS/rest/services/service_c1026ff3b55f468d9f2edd834cb807f8/FeatureServer/0/6490/attachments/3083?token=esFGg2N_4QUkCtU1tiMztDW4hm2M0GdusSqnOkviQULZsKWy6cHlYSpBrHqloDkjMDORyL7vHp8tCloK_rT_6I4OA4EY19edP5rFzXcDxs3_bvd6rAbKq0BqhoPk7exiwoF-z98H5LJH5jJbe4dDOjffY9Bj9w3g5kWvPrs5PpMeAdY4Rap08W1RrijQW_Ta"
"Sunset Lake - W Shore","Orange",2023-01-17,"CEROC","Yes","Dominant taxon: Microcystis aeruginosa","Yes","Yes",0.81,"I (I qualifier indicates that the reported value is between the laboratory method detection limit and the laboratory practical quantitation limit.)",,,,,1.1,"I (I qualifier indicates that the reported value is between the laboratory method detection limit and the laboratory practical quantitation limit.)",,,"Anatoxin-a: not detected; Cylindrospermopsin: not detected; Nodularin-R: not detected; Saxitoxins: 1.1 I (I qualifier indicates that the reported value is between the laboratory method detection limit and the laboratory practical quantitation limit.)","70 degrees F and Sunny ",2023-01-17 17:55:00,28.536064,-81.413233,0.3,"https://services1.arcgis.com/nRHtyn3uE1kyzoYc/ArcGIS/rest/services/service_c1026ff3b55f468d9f2edd834cb807f8/FeatureServer/0/6488/attachments/3077?token=esFGg2N_4QUkCtU1tiMztDW4hm2M0GdusSqnOkviQULZsKWy6cHlYSpBrHqloDkjMDORyL7vHp8tCloK_rT_6I4OA4EY19edP5rFzXcDxs3_bvd6rAbKq0BqhoPk7exiwoF-z98H5LJH5jJbe4dDOjffY9Bj9w3g5kWvPrs5PpMeAdY4Rap08W1RrijQW_Ta"
"Lake Howell - NW Shore","Seminole",2023-01-17,"CEROC","Yes","Dominant taxon: Microcystis aeruginosa","Yes","No",,,,,,,,,,,"Anatoxin-a: not detected; Cylindrospermopsin: not detected; Nodularin-R: not detected; Saxitoxins: not detected","Sunny with a breeze.",2023-01-17 17:28:00,28.6433,-81.317816,0.3,"https://services1.arcgis.com/nRHtyn3uE1kyzoYc/ArcGIS/rest/services/service_c1026ff3b55f468d9f2edd834cb807f8/FeatureServer/0/6489/attachments/3080?token=esFGg2N_4QUkCtU1tiMztDW4hm2M0GdusSqnOkviQULZsKWy6cHlYSpBrHqloDkjMDORyL7vHp8tCloK_rT_6I4OA4EY19edP5rFzXcDxs3_bvd6rAbKq0BqhoPk7exiwoF-z98H5LJH5jJbe4dDOjffY9Bj9w3g5kWvPrs5PpMeAdY4Rap08W1RrijQW_Ta"
"Sawgrass Lake - from CWC dock","Lake",2023-01-17,"CEROC","Yes","Dominant taxon: Microcystis aeruginosa","Yes","No",,,,,,,,,,,"Anatoxin-a: not detected; Cylindrospermopsin: not detected; Nodularin-R: not detected; Saxitoxins: not detected","70 degrees F and sunny ",2023-01-17 16:51:00,28.4336134546859,-81.6891541185937,0.3,"https://services1.arcgis.com/nRHtyn3uE1kyzoYc/ArcGIS/rest/services/service_c1026ff3b55f468d9f2edd834cb807f8/FeatureServer/0/6486/attachments/3072?token=esFGg2N_4QUkCtU1tiMztDW4hm2M0GdusSqnOkviQULZsKWy6cHlYSpBrHqloDkjMDORyL7vHp8tCloK_rT_6I4OA4EY19edP5rFzXcDxs3_bvd6rAbKq0BqhoPk7exiwoF-z98H5LJH5jJbe4dDOjffY9Bj9w3g5kWvPrs5PpMeAdY4Rap08W1RrijQW_Ta"
"Lake Washington - Center (LWC)","Brevard",2023-01-17,"SJRWMD","No","mixed algae; no dominant species in sample","No","No",,,,,,,,,,,"Anatoxin-a: not detected; Cylindrospermopsin: not detected; Nodularin-R: not detected; Saxitoxins: not detected","HAB routine sample no bloom observed",2023-01-17 13:59:00,28.142439,-80.746111,0.303,"https://services1.arcgis.com/nRHtyn3uE1kyzoYc/ArcGIS/rest/services/service_c1026ff3b55f468d9f2edd834cb807f8/FeatureServer/0/6487/attachments/3075?token=esFGg2N_4QUkCtU1tiMztDW4hm2M0GdusSqnOkviQULZsKWy6cHlYSpBrHqloDkjMDORyL7vHp8tCloK_rT_6I4OA4EY19edP5rFzXcDxs3_bvd6rAbKq0BqhoPk7exiwoF-z98H5LJH5jJbe4dDOjffY9Bj9w3g5kWvPrs5PpMeAdY4Rap08W1RrijQW_Ta"
"Lake Ola - NE Shore","Orange",2023-01-12,"CEROC","Yes","Dominant taxon: Microcystis aeruginosa","Yes","Yes",0.24,"I (I qualifier indicates that the reported value is between the laboratory method detection limit and the laboratory practical quantitation limit.)",,,,,,,,,"Anatoxin-a: not detected; Cylindrospermopsin: not detected; Nodularin-R: not detected; Saxitoxins: not detected","Sunny and windy. Green algae specks observed in water column throughout lake",2023-01-12 17:40:00,28.755174,-81.62585,0.3,"https://services1.arcgis.com/nRHtyn3uE1kyzoYc/ArcGIS/rest/services/service_c1026ff3b55f468d9f2edd834cb807f8/FeatureServer/0/6483/attachments/3063?token=esFGg2N_4QUkCtU1tiMztDW4hm2M0GdusSqnOkviQULZsKWy6cHlYSpBrHqloDkjMDORyL7vHp8tCloK_rT_6I4OA4EY19edP5rFzXcDxs3_bvd6rAbKq0BqhoPk7exiwoF-z98H5LJH5jJbe4dDOjffY9Bj9w3g5kWvPrs5PpMeAdY4Rap08W1RrijQW_Ta"
"Swimming Pen Creek - Whitey's Fish Camp","Clay",2023-01-12,"NEROC","No","Dominant taxon: Chlamydomonas","No","No",,,,,,,,,,,"Anatoxin-a: not detected; Cylindrospermopsin: not detected; Nodularin-R: not detected; Saxitoxins: not detected","Wimdy",2023-01-12 17:35:00,30.1010326706988,-81.7464192669227,0.3,"https://services1.arcgis.com/nRHtyn3uE1kyzoYc/ArcGIS/rest/services/service_c1026ff3b55f468d9f2edd834cb807f8/FeatureServer/0/6482/attachments/3060?token=esFGg2N_4QUkCtU1tiMztDW4hm2M0GdusSqnOkviQULZsKWy6cHlYSpBrHqloDkjMDORyL7vHp8tCloK_rT_6I4OA4EY19edP5rFzXcDxs3_bvd6rAbKq0BqhoPk7exiwoF-z98H5LJH5jJbe4dDOjffY9Bj9w3g5kWvPrs5PpMeAdY4Rap08W1RrijQW_Ta"
"Doctors Lake - Mill Cove","Clay",2023-01-12,"NEROC","No","mixed algae; no dominant species in sample","No","No",,,,,,,,,,,"Anatoxin-a: not detected; Cylindrospermopsin: not detected; Nodularin-R: not detected; Saxitoxins: not detected","Wimdy",2023-01-12 17:00:00,30.1249653313478,-81.727400504533,0.3,"https://services1.arcgis.com/nRHtyn3uE1kyzoYc/ArcGIS/rest/services/service_c1026ff3b55f468d9f2edd834cb807f8/FeatureServer/0/6481/attachments/3057?token=esFGg2N_4QUkCtU1tiMztDW4hm2M0GdusSqnOkviQULZsKWy6cHlYSpBrHqloDkjMDORyL7vHp8tCloK_rT_6I4OA4EY19edP5rFzXcDxs3_bvd6rAbKq0BqhoPk7exiwoF-z98H5LJH5jJbe4dDOjffY9Bj9w3g5kWvPrs5PpMeAdY4Rap08W1RrijQW_Ta"
"Doctors Lake - at Camp Echockotee","Clay",2023-01-12,"NEROC","No","mixed algae; no dominant species in sample","No","No",,,,,,,,,,,"Anatoxin-a: not detected; Cylindrospermopsin: not detected; Nodularin-R: not detected; Saxitoxins: not detected","Wimdy",2023-01-12 16:35:00,30.1503876126206,-81.7246310559176,0.3,"https://services1.arcgis.com/nRHtyn3uE1kyzoYc/ArcGIS/rest/services/service_c1026ff3b55f468d9f2edd834cb807f8/FeatureServer/0/6480/attachments/3054?token=esFGg2N_4QUkCtU1tiMztDW4hm2M0GdusSqnOkviQULZsKWy6cHlYSpBrHqloDkjMDORyL7vHp8tCloK_rT_6I4OA4EY19edP5rFzXcDxs3_bvd6rAbKq0BqhoPk7exiwoF-z98H5LJH5jJbe4dDOjffY9Bj9w3g5kWvPrs5PpMeAdY4Rap08W1RrijQW_Ta"
"Black Creek - at SR-17","Clay",2023-01-12,"NEROC","No","mixed algae; no dominant species in sample","No","No",,,,,,,,,,,"Anatoxin-a: not detected; Cylindrospermopsin: not detected; Nodularin-R: not detected; Saxitoxins: not detected","Wimdy",2023-01-12 15:50:00,30.0421785546287,-81.7116621993111,0.3,"https://services1.arcgis.com/nRHtyn3uE1kyzoYc/ArcGIS/rest/services/service_c1026ff3b55f468d9f2edd834cb807f8/FeatureServer/0/6479/attachments/3051?token=esFGg2N_4QUkCtU1tiMztDW4hm2M0GdusSqnOkviQULZsKWy6cHlYSpBrHqloDkjMDORyL7vHp8tCloK_rT_6I4OA4EY19edP5rFzXcDxs3_bvd6rAbKq0BqhoPk7exiwoF-z98H5LJH5jJbe4dDOjffY9Bj9w3g5kWvPrs5PpMeAdY4Rap08W1RrijQW_Ta"
"Lake Speer - NW Lobe","Orange",2023-01-11,"County","Yes","Dominant taxon: Microcystis aeruginosa","Yes","No",,,,,,,,,,,"Anatoxin-a: not detected; Cylindrospermopsin: not detected; Nodularin-R: not detected; Saxitoxins: not detected",,2023-01-11 18:20:00,28.483104,-81.602176,0.3,"https://services1.arcgis.com/nRHtyn3uE1kyzoYc/ArcGIS/rest/services/service_c1026ff3b55f468d9f2edd834cb807f8/FeatureServer/0/6472/attachments/3046?token=esFGg2N_4QUkCtU1tiMztDW4hm2M0GdusSqnOkviQULZsKWy6cHlYSpBrHqloDkjMDORyL7vHp8tCloK_rT_6I4OA4EY19edP5rFzXcDxs3_bvd6rAbKq0BqhoPk7exiwoF-z98H5LJH5jJbe4dDOjffY9Bj9w3g5kWvPrs5PpMeAdY4Rap08W1RrijQW_Ta"
"Lake Mann - McQueen Park","Orange",2023-01-11,"CEROC","Yes","mixed algae; no dominant species in sample","No","Yes",,,0.31,"I (I qualifier indicates that the reported value is between the laboratory method detection limit and the laboratory practical quantitation limit.)",,,,,,,"Anatoxin-a: not detected; Cylindrospermopsin: 0.31 I (I qualifier indicates that the reported value is between the laboratory method detection limit and the laboratory practical quantitation limit.); Nodularin-R: not detected; Saxitoxins: not detected","Sunny. Visible bloom with green algae specks in water column. ",2023-01-11 17:58:00,28.5344713,-81.4235901,0.3,"https://services1.arcgis.com/nRHtyn3uE1kyzoYc/ArcGIS/rest/services/service_c1026ff3b55f468d9f2edd834cb807f8/FeatureServer/0/6471/attachments/3043?token=esFGg2N_4QUkCtU1tiMztDW4hm2M0GdusSqnOkviQULZsKWy6cHlYSpBrHqloDkjMDORyL7vHp8tCloK_rT_6I4OA4EY19edP5rFzXcDxs3_bvd6rAbKq0BqhoPk7exiwoF-z98H5LJH5jJbe4dDOjffY9Bj9w3g5kWvPrs5PpMeAdY4Rap08W1RrijQW_Ta"
"Lake Pineloch - E Shore","Orange",2023-01-11,"County","Yes","Dominant taxon: Microcystis aeruginosa","Yes","No",,,,,,,,,,,"Anatoxin-a: not detected; Cylindrospermopsin: not detected; Nodularin-R: not detected; Saxitoxins: not detected",,2023-01-11 16:30:00,28.5081164,-81.365216,0.3,"https://services1.arcgis.com/nRHtyn3uE1kyzoYc/ArcGIS/rest/services/service_c1026ff3b55f468d9f2edd834cb807f8/FeatureServer/0/6473/attachments/3048?token=esFGg2N_4QUkCtU1tiMztDW4hm2M0GdusSqnOkviQULZsKWy6cHlYSpBrHqloDkjMDORyL7vHp8tCloK_rT_6I4OA4EY19edP5rFzXcDxs3_bvd6rAbKq0BqhoPk7exiwoF-z98H5LJH5jJbe4dDOjffY9Bj9w3g5kWvPrs5PpMeAdY4Rap08W1RrijQW_Ta"
"Crescent Lake - mouth of Dunns Creek (CRESLM)","Putnam",2023-01-11,"SJRWMD","No","mixed algae; no dominant species in sample","No","No",,,,,,,,,,,"Anatoxin-a: not detected; Cylindrospermopsin: not detected; Nodularin-R: not detected; Saxitoxins: not detected",,2023-01-11 14:52:00,29.52955556,-81.55372222,0.32,
"St. Johns River - Mandarin Point (MP72)","Duval",2023-01-10,"SJRWMD","No","Dominant taxon: Microcystis aeruginosa","Yes","No",,,,,,,,,,,"Anatoxin-a: not detected; Cylindrospermopsin: not detected; Nodularin-R: not detected; Saxitoxins: not detected",,2023-01-10 17:29:00,30.15666667,-81.68388889,0.307,
"Doctors Lake - Center (DTL)","Clay",2023-01-10,"SJRWMD","No","mixed algae; no dominant species in sample","No","No",,,,,,,,,,,"Anatoxin-a: not detected; Cylindrospermopsin: not detected; Nodularin-R: not detected; Saxitoxins: not detected",,2023-01-10 17:05:00,30.13805556,-81.72722222,0.305,
"St. Johns River - Shands Bridge (20030157)","StJohns",2023-01-10,"SJRWMD","No","Dominant taxon: Microcystis aeruginosa","Yes","No",,,,,,,,,,,"Anatoxin-a: not detected; Cylindrospermopsin: not detected; Nodularin-R: not detected; Saxitoxins: not detected",,2023-01-10 15:46:00,29.98163056,-81.62213889,0.302,
"Lake George - Center (LEO)","Volusia",2023-01-10,"SJRWMD","No","mixed algae; no dominant species in sample","No","No",,,,,,,,,,,"Anatoxin-a: not detected; Cylindrospermopsin: not detected; Nodularin-R: not detected; Saxitoxins: not detected","Cool, sunny",2023-01-10 14:08:00,29.30830556,-81.60638889,0.313,"https://services1.arcgis.com/nRHtyn3uE1kyzoYc/ArcGIS/rest/services/service_c1026ff3b55f468d9f2edd834cb807f8/FeatureServer/0/6461/attachments/3039?token=esFGg2N_4QUkCtU1tiMztDW4hm2M0GdusSqnOkviQULZsKWy6cHlYSpBrHqloDkjMDORyL7vHp8tCloK_rT_6I4OA4EY19edP5rFzXcDxs3_bvd6rAbKq0BqhoPk7exiwoF-z98H5LJH5jJbe4dDOjffY9Bj9w3g5kWvPrs5PpMeAdY4Rap08W1RrijQW_Ta"
"Wood Lake - S Shore","Seminole",2023-01-09,"CEROC","Yes","Dominant taxon: Woronichinia naegeliana","Yes","Yes",0.63,"I (I qualifier indicates that the reported value is between the laboratory method detection limit and the laboratory practical quantitation limit.)",,,,,,,,,"Anatoxin-a: not detected; Cylindrospermopsin: not detected; Nodularin-R: not detected; Saxitoxins: not detected","Sunny. Entire lake green. Algae observed throughout water column with surface accumulation near shoreline. ",2023-01-09 17:02:00,28.641171,-81.384524,0.3,"https://services1.arcgis.com/nRHtyn3uE1kyzoYc/ArcGIS/rest/services/service_c1026ff3b55f468d9f2edd834cb807f8/FeatureServer/0/6458/attachments/3033?token=esFGg2N_4QUkCtU1tiMztDW4hm2M0GdusSqnOkviQULZsKWy6cHlYSpBrHqloDkjMDORyL7vHp8tCloK_rT_6I4OA4EY19edP5rFzXcDxs3_bvd6rAbKq0BqhoPk7exiwoF-z98H5LJH5jJbe4dDOjffY9Bj9w3g5kWvPrs5PpMeAdY4Rap08W1RrijQW_Ta"
"Starke Lake - Boat Ramp","Orange",2023-01-09,"CEROC","Yes","Dominant taxon: Microcystis aeruginosa","Yes","No",,,,,,,,,,,"Anatoxin-a: not detected; Cylindrospermopsin: not detected; Nodularin-R: not detected; Saxitoxins: not detected","Sunny. Water still very green.",2023-01-09 16:09:00,28.57188,-81.542096,0.3,"https://services1.arcgis.com/nRHtyn3uE1kyzoYc/ArcGIS/rest/services/service_c1026ff3b55f468d9f2edd834cb807f8/FeatureServer/0/6459/attachments/3036?token=esFGg2N_4QUkCtU1tiMztDW4hm2M0GdusSqnOkviQULZsKWy6cHlYSpBrHqloDkjMDORyL7vHp8tCloK_rT_6I4OA4EY19edP5rFzXcDxs3_bvd6rAbKq0BqhoPk7exiwoF-z98H5LJH5jJbe4dDOjffY9Bj9w3g5kWvPrs5PpMeAdY4Rap08W1RrijQW_Ta"
"Lake Weir - Big Lake Village","Marion",2023-01-05,"CEROC","Yes","Co-dominant taxa were: Planktolyngbya limnetica and Botryococcus braunii","Yes","No",,,,,,,,,,,"Anatoxin-a: not detected; Cylindrospermopsin: not detected; Nodularin-R: not detected; Saxitoxins: not detected","Sunny, breezy",2023-01-05 17:42:00,28.99337,-81.9431554,0.3,"https://services1.arcgis.com/nRHtyn3uE1kyzoYc/ArcGIS/rest/services/service_c1026ff3b55f468d9f2edd834cb807f8/FeatureServer/0/6453/attachments/3027?token=esFGg2N_4QUkCtU1tiMztDW4hm2M0GdusSqnOkviQULZsKWy6cHlYSpBrHqloDkjMDORyL7vHp8tCloK_rT_6I4OA4EY19edP5rFzXcDxs3_bvd6rAbKq0BqhoPk7exiwoF-z98H5LJH5jJbe4dDOjffY9Bj9w3g5kWvPrs5PpMeAdY4Rap08W1RrijQW_Ta"
"Lake Marian - Boat Ramp","Osceola",2023-01-04,"SEROC","No","mixed algae; no dominant species in sample","No","Yes",5,,,,,,,,,,"Anatoxin-a: not detected; Cylindrospermopsin: not detected; Nodularin-R: not detected; Saxitoxins: not detected",,2023-01-04 15:10:00,27.8728243662044,-81.0520324576646,0.3,"https://services1.arcgis.com/nRHtyn3uE1kyzoYc/ArcGIS/rest/services/service_c1026ff3b55f468d9f2edd834cb807f8/FeatureServer/0/6450/attachments/3021?token=esFGg2N_4QUkCtU1tiMztDW4hm2M0GdusSqnOkviQULZsKWy6cHlYSpBrHqloDkjMDORyL7vHp8tCloK_rT_6I4OA4EY19edP5rFzXcDxs3_bvd6rAbKq0BqhoPk7exiwoF-z98H5LJH5jJbe4dDOjffY9Bj9w3g5kWvPrs5PpMeAdY4Rap08W1RrijQW_Ta"
"Big Sand Lake - from Dock","Orange",2023-01-03,"CEROC","Yes","algal mat - Dominant taxon was: Oedogonium sp.; water - mixed algae; no dominant species in sample","No","Yes",0.13,"I (I qualifier indicates that the reported value is between the laboratory method detection limit and the laboratory practical quantitation limit.)",,,,,,,,,"Anatoxin-a: not detected; Cylindrospermopsin: not detected; Nodularin-R: not detected; Saxitoxins: not detected","Cloudy and windy. Green algae observed in water column and surface ",2023-01-03 17:56:00,28.4262,-81.4931,0.3,"https://services1.arcgis.com/nRHtyn3uE1kyzoYc/ArcGIS/rest/services/service_c1026ff3b55f468d9f2edd834cb807f8/FeatureServer/0/6448/attachments/3015?token=esFGg2N_4QUkCtU1tiMztDW4hm2M0GdusSqnOkviQULZsKWy6cHlYSpBrHqloDkjMDORyL7vHp8tCloK_rT_6I4OA4EY19edP5rFzXcDxs3_bvd6rAbKq0BqhoPk7exiwoF-z98H5LJH5jJbe4dDOjffY9Bj9w3g5kWvPrs5PpMeAdY4Rap08W1RrijQW_Ta"
"Lake Martha - NE Shore","Orange",2023-01-03,"CEROC","Yes","Dominant taxon: Microcystis aeruginosa","Yes","Yes",0.35,"I (I qualifier indicates that the reported value is between the laboratory method detection limit and the laboratory practical quantitation limit.)",,,,,,,,,"Anatoxin-a: not detected; Cylindrospermopsin: not detected; Nodularin-R: not detected; Saxitoxins: not detected","Cloudy and windy. Algae specks observed in water column throughout entire lake.",2023-01-03 16:36:00,28.609558,-81.272099,0.3,"https://services1.arcgis.com/nRHtyn3uE1kyzoYc/ArcGIS/rest/services/service_c1026ff3b55f468d9f2edd834cb807f8/FeatureServer/0/6447/attachments/3012?token=esFGg2N_4QUkCtU1tiMztDW4hm2M0GdusSqnOkviQULZsKWy6cHlYSpBrHqloDkjMDORyL7vHp8tCloK_rT_6I4OA4EY19edP5rFzXcDxs3_bvd6rAbKq0BqhoPk7exiwoF-z98H5LJH5jJbe4dDOjffY9Bj9w3g5kWvPrs5PpMeAdY4Rap08W1RrijQW_Ta"
"Lake Burkett - Center","Orange",2023-01-03,"CEROC","Yes","Dominant taxon: Microcystis aeruginosa","Yes","Yes",0.16,"I (I qualifier indicates that the reported value is between the laboratory method detection limit and the laboratory practical quantitation limit.)",,,,,,,,,"Anatoxin-a: not detected; Cylindrospermopsin: not detected; Nodularin-R: not detected; Saxitoxins: not detected","Cloudy and windy. Algae specks observed in water column throughout entire lake. ",2023-01-03 16:20:00,28.610256,-81.268014,0.3,"https://services1.arcgis.com/nRHtyn3uE1kyzoYc/ArcGIS/rest/services/service_c1026ff3b55f468d9f2edd834cb807f8/FeatureServer/0/6446/attachments/3009?token=esFGg2N_4QUkCtU1tiMztDW4hm2M0GdusSqnOkviQULZsKWy6cHlYSpBrHqloDkjMDORyL7vHp8tCloK_rT_6I4OA4EY19edP5rFzXcDxs3_bvd6rAbKq0BqhoPk7exiwoF-z98H5LJH5jJbe4dDOjffY9Bj9w3g5kWvPrs5PpMeAdY4Rap08W1RrijQW_Ta"
"Blue Cypress Lake - Center (BCL)","IndianRiver",2022-12-28,"SJRWMD","No","mixed algae; no dominant species in sample","No","No",,,,,,,,,,,"Anatoxin-a: not detected; Cylindrospermopsin: not detected; Nodularin-R: not detected; Saxitoxins: not detected","HAB routine sample no bloom observed Weather clear",2022-12-28 13:51:00,27.7266,-80.7536,0.307,"https://services1.arcgis.com/nRHtyn3uE1kyzoYc/ArcGIS/rest/services/service_c1026ff3b55f468d9f2edd834cb807f8/FeatureServer/0/6445/attachments/3007?token=esFGg2N_4QUkCtU1tiMztDW4hm2M0GdusSqnOkviQULZsKWy6cHlYSpBrHqloDkjMDORyL7vHp8tCloK_rT_6I4OA4EY19edP5rFzXcDxs3_bvd6rAbKq0BqhoPk7exiwoF-z98H5LJH5jJbe4dDOjffY9Bj9w3g5kWvPrs5PpMeAdY4Rap08W1RrijQW_Ta"
"Raccoon Lake - near boat ramp","Orange",2022-12-27,"CEROC","Yes","Dominant taxon: Microcystis aeruginosa","Yes","No",,,,,,,,,,,"Anatoxin-a: not detected; Cylindrospermopsin: not detected; Nodularin-R: not detected; Saxitoxins: not detected","Clear and windy",2022-12-27 16:33:00,28.35557,-81.629981,0.3,"https://services1.arcgis.com/nRHtyn3uE1kyzoYc/ArcGIS/rest/services/service_c1026ff3b55f468d9f2edd834cb807f8/FeatureServer/0/6443/attachments/3002?token=esFGg2N_4QUkCtU1tiMztDW4hm2M0GdusSqnOkviQULZsKWy6cHlYSpBrHqloDkjMDORyL7vHp8tCloK_rT_6I4OA4EY19edP5rFzXcDxs3_bvd6rAbKq0BqhoPk7exiwoF-z98H5LJH5jJbe4dDOjffY9Bj9w3g5kWvPrs5PpMeAdY4Rap08W1RrijQW_Ta"
"Stick Marsh - North (STKM)","IndianRiver",2022-12-27,"SJRWMD","No","mixed algae; no dominant species in sample","No","No",,,,,,,,,,,"Anatoxin-a: not detected; Cylindrospermopsin: not detected; Nodularin-R: not detected; Saxitoxins: not detected","HAB routine sample no bloom observed ",2022-12-27 14:16:00,27.81065,-80.724854,0.3,"https://services1.arcgis.com/nRHtyn3uE1kyzoYc/ArcGIS/rest/services/service_c1026ff3b55f468d9f2edd834cb807f8/FeatureServer/0/6442/attachments/3001?token=esFGg2N_4QUkCtU1tiMztDW4hm2M0GdusSqnOkviQULZsKWy6cHlYSpBrHqloDkjMDORyL7vHp8tCloK_rT_6I4OA4EY19edP5rFzXcDxs3_bvd6rAbKq0BqhoPk7exiwoF-z98H5LJH5jJbe4dDOjffY9Bj9w3g5kWvPrs5PpMeAdY4Rap08W1RrijQW_Ta"
"Orange Lake - McIntosh Bay","Alachua",2022-12-21,"NEROC","Yes","Dominant taxon: Microcystis aeruginosa","Yes","No",,,,,,,,,,,"Anatoxin-a: not detected; Cylindrospermopsin: not detected; Nodularin-R: not detected; Saxitoxins: not detected","7-10 mph Winds and overcast",2022-12-21 18:05:00,29.44405,-82.19464,0.3,"https://services1.arcgis.com/nRHtyn3uE1kyzoYc/ArcGIS/rest/services/service_c1026ff3b55f468d9f2edd834cb807f8/FeatureServer/0/6439/attachments/2995?token=esFGg2N_4QUkCtU1tiMztDW4hm2M0GdusSqnOkviQULZsKWy6cHlYSpBrHqloDkjMDORyL7vHp8tCloK_rT_6I4OA4EY19edP5rFzXcDxs3_bvd6rAbKq0BqhoPk7exiwoF-z98H5LJH5jJbe4dDOjffY9Bj9w3g5kWvPrs5PpMeAdY4Rap08W1RrijQW_Ta"
"Lake Jesup - Center (OW-CTR)","Seminole",2022-12-21,"SJRWMD","No","Dominant taxon: Microcystis aeruginosa","Yes","No",,,,,,,,,,,"Anatoxin-a: not detected; Cylindrospermopsin: not detected; Nodularin-R: not detected; Saxitoxins: not detected",,2022-12-21 16:12:00,28.7262722,-81.2114158,0.3,
"Georges Lake - Center","Putnam",2022-12-21,"NEROC","Yes","Dominant taxon: Microcystis aeruginosa","Yes","Yes",1.2,"I (I qualifier indicates that the reported value is between the laboratory method detection limit and the laboratory practical quantitation limit.)",,,,,,,,,"Anatoxin-a: not detected; Cylindrospermopsin: not detected; Nodularin-R: not detected; Saxitoxins: not detected","7-10 mph winds and overcast.",2022-12-21 15:35:00,29.79498,-81.85056,0.3,"https://services1.arcgis.com/nRHtyn3uE1kyzoYc/ArcGIS/rest/services/service_c1026ff3b55f468d9f2edd834cb807f8/FeatureServer/0/6438/attachments/2992?token=esFGg2N_4QUkCtU1tiMztDW4hm2M0GdusSqnOkviQULZsKWy6cHlYSpBrHqloDkjMDORyL7vHp8tCloK_rT_6I4OA4EY19edP5rFzXcDxs3_bvd6rAbKq0BqhoPk7exiwoF-z98H5LJH5jJbe4dDOjffY9Bj9w3g5kWvPrs5PpMeAdY4Rap08W1RrijQW_Ta"
"Lake Monroe - Center (LMAC)","Volusia",2022-12-21,"SJRWMD","No","mixed algae; no dominant species in sample","No","No",,,,,,,,,,,"Anatoxin-a: not detected; Cylindrospermopsin: not detected; Nodularin-R: not detected; Saxitoxins: not detected",,2022-12-21 14:49:00,28.8349479,-81.2703377,0.3,
"Lake Pineloch - E Shore","Orange",2022-12-20,"CEROC","Yes","Dominant taxon: Microcystis aeruginosa","Yes","Yes",0.28,"I (I qualifier indicates that the reported value is between the laboratory method detection limit and the laboratory practical quantitation limit.)",,,,,,,,,"Anatoxin-a: not detected; Cylindrospermopsin: not detected; Nodularin-R: not detected; Saxitoxins: not detected","Overcast. Entire lake green with algae specks throughout water column",2022-12-20 15:34:00,28.5081164,-81.3652155,0.3,"https://services1.arcgis.com/nRHtyn3uE1kyzoYc/ArcGIS/rest/services/service_c1026ff3b55f468d9f2edd834cb807f8/FeatureServer/0/6434/attachments/2988?token=esFGg2N_4QUkCtU1tiMztDW4hm2M0GdusSqnOkviQULZsKWy6cHlYSpBrHqloDkjMDORyL7vHp8tCloK_rT_6I4OA4EY19edP5rFzXcDxs3_bvd6rAbKq0BqhoPk7exiwoF-z98H5LJH5jJbe4dDOjffY9Bj9w3g5kWvPrs5PpMeAdY4Rap08W1RrijQW_Ta"
"Lake Marian - Boat Ramp","Osceola",2022-12-20,"SEROC","Yes","mixed algae; no dominant species in sample","No","Yes",3.6,,,,,,,,,,"Anatoxin-a: not detected; Cylindrospermopsin: not detected; Nodularin-R: not detected; Saxitoxins: not detected",,2022-12-20 15:00:00,27.8728204913612,-81.0519969319328,0.3,"https://services1.arcgis.com/nRHtyn3uE1kyzoYc/ArcGIS/rest/services/service_c1026ff3b55f468d9f2edd834cb807f8/FeatureServer/0/6433/attachments/2987?token=esFGg2N_4QUkCtU1tiMztDW4hm2M0GdusSqnOkviQULZsKWy6cHlYSpBrHqloDkjMDORyL7vHp8tCloK_rT_6I4OA4EY19edP5rFzXcDxs3_bvd6rAbKq0BqhoPk7exiwoF-z98H5LJH5jJbe4dDOjffY9Bj9w3g5kWvPrs5PpMeAdY4Rap08W1RrijQW_Ta"
"Little Lake Conway - Near SE Shore","Orange",2022-12-19,"CEROC","Yes","Dominant taxon: Microcystis aeruginosa","Yes","No",,,,,,,,,,,"Anatoxin-a: not detected; Cylindrospermopsin: not detected; Nodularin-R: not detected; Saxitoxins: not detected",,2022-12-19 19:23:00,28.4842455110621,-81.3409947115654,0.3,"https://services1.arcgis.com/nRHtyn3uE1kyzoYc/ArcGIS/rest/services/service_c1026ff3b55f468d9f2edd834cb807f8/FeatureServer/0/6431/attachments/2985?token=esFGg2N_4QUkCtU1tiMztDW4hm2M0GdusSqnOkviQULZsKWy6cHlYSpBrHqloDkjMDORyL7vHp8tCloK_rT_6I4OA4EY19edP5rFzXcDxs3_bvd6rAbKq0BqhoPk7exiwoF-z98H5LJH5jJbe4dDOjffY9Bj9w3g5kWvPrs5PpMeAdY4Rap08W1RrijQW_Ta"
"Lake Mann - McQueen Park","Orange",2022-12-19,"CEROC","No","Dominant taxon: Cyanodictyon imperfectum","Yes","Yes",,,0.36,"I (I qualifier indicates that the reported value is between the laboratory method detection limit and the laboratory practical quantitation limit.)",,,,,,,"Anatoxin-a: not detected; Cylindrospermopsin: 0.36 I (I qualifier indicates that the reported value is between the laboratory method detection limit and the laboratory practical quantitation limit.); Nodularin-R: not detected; Saxitoxins: not detected",,2022-12-19 17:50:00,28.5344713,-81.4235901,0.3,"https://services1.arcgis.com/nRHtyn3uE1kyzoYc/ArcGIS/rest/services/service_c1026ff3b55f468d9f2edd834cb807f8/FeatureServer/0/6424/attachments/2974?token=esFGg2N_4QUkCtU1tiMztDW4hm2M0GdusSqnOkviQULZsKWy6cHlYSpBrHqloDkjMDORyL7vHp8tCloK_rT_6I4OA4EY19edP5rFzXcDxs3_bvd6rAbKq0BqhoPk7exiwoF-z98H5LJH5jJbe4dDOjffY9Bj9w3g5kWvPrs5PpMeAdY4Rap08W1RrijQW_Ta"
"Deep Lake - N Shore","Seminole",2022-12-19,"CEROC","Yes","Dominant taxon: Microcystis aeruginosa","Yes","Yes",0.31,"I (I qualifier indicates that the reported value is between the laboratory method detection limit and the laboratory practical quantitation limit.)",,,,,,,,,"Anatoxin-a: not detected; Cylindrospermopsin: not detected; Nodularin-R: not detected; Saxitoxins: not detected",,2022-12-19 16:35:00,28.61442,-81.253129,0.3,"https://services1.arcgis.com/nRHtyn3uE1kyzoYc/ArcGIS/rest/services/service_c1026ff3b55f468d9f2edd834cb807f8/FeatureServer/0/6426/attachments/2979?token=esFGg2N_4QUkCtU1tiMztDW4hm2M0GdusSqnOkviQULZsKWy6cHlYSpBrHqloDkjMDORyL7vHp8tCloK_rT_6I4OA4EY19edP5rFzXcDxs3_bvd6rAbKq0BqhoPk7exiwoF-z98H5LJH5jJbe4dDOjffY9Bj9w3g5kWvPrs5PpMeAdY4Rap08W1RrijQW_Ta"
"Lake Minneola - Waterfront park boat ramp","Lake",2022-12-19,"CEROC","No","mixed algae; no dominant species in sample","No","No",,,,,,,,,,,"Anatoxin-a: not detected; Cylindrospermopsin: not detected; Nodularin-R: not detected; Saxitoxins: not detected",,2022-12-19 16:26:00,28.5639567056065,-81.7575055660217,0.3,"https://services1.arcgis.com/nRHtyn3uE1kyzoYc/ArcGIS/rest/services/service_c1026ff3b55f468d9f2edd834cb807f8/FeatureServer/0/6430/attachments/2983?token=esFGg2N_4QUkCtU1tiMztDW4hm2M0GdusSqnOkviQULZsKWy6cHlYSpBrHqloDkjMDORyL7vHp8tCloK_rT_6I4OA4EY19edP5rFzXcDxs3_bvd6rAbKq0BqhoPk7exiwoF-z98H5LJH5jJbe4dDOjffY9Bj9w3g5kWvPrs5PpMeAdY4Rap08W1RrijQW_Ta"
"Lake Howell - NW Shore","Seminole",2022-12-19,"CEROC","No","Dominant taxon: Microcystis aeruginosa","Yes","No",,"detectedg",,,,,,,,,"Anatoxin-a: not detected; Cylindrospermopsin: not detected; Nodularin-R: not detected; Saxitoxins: not detected",,2022-12-19 16:01:00,28.6433,-81.317816,0.3,"https://services1.arcgis.com/nRHtyn3uE1kyzoYc/ArcGIS/rest/services/service_c1026ff3b55f468d9f2edd834cb807f8/FeatureServer/0/6425/attachments/2976?token=esFGg2N_4QUkCtU1tiMztDW4hm2M0GdusSqnOkviQULZsKWy6cHlYSpBrHqloDkjMDORyL7vHp8tCloK_rT_6I4OA4EY19edP5rFzXcDxs3_bvd6rAbKq0BqhoPk7exiwoF-z98H5LJH5jJbe4dDOjffY9Bj9w3g5kWvPrs5PpMeAdY4Rap08W1RrijQW_Ta"
"Lake Estelle - Dorchester and Mills","Orange",2022-12-19,"CEROC","Yes","Co-dominant taxa were: Dolichospermum circinale and Woronichinia sp.","Yes","No",,,,,,,,,,,"Anatoxin-a: not detected; Cylindrospermopsin: not detected; Nodularin-R: not detected; Saxitoxins: not detected",,2022-12-19 15:21:00,28.57692,-81.36356,0.3,"https://services1.arcgis.com/nRHtyn3uE1kyzoYc/ArcGIS/rest/services/service_c1026ff3b55f468d9f2edd834cb807f8/FeatureServer/0/6423/attachments/2971?token=esFGg2N_4QUkCtU1tiMztDW4hm2M0GdusSqnOkviQULZsKWy6cHlYSpBrHqloDkjMDORyL7vHp8tCloK_rT_6I4OA4EY19edP5rFzXcDxs3_bvd6rAbKq0BqhoPk7exiwoF-z98H5LJH5jJbe4dDOjffY9Bj9w3g5kWvPrs5PpMeAdY4Rap08W1RrijQW_Ta"
"Lake Washington - Center (LWC)","Brevard",2022-12-19,"SJRWMD","No","mixed algae; no dominant species in sample","No","No",,,,,,,,,,,"Anatoxin-a: not detected; Cylindrospermopsin: not detected; Nodularin-R: not detected; Saxitoxins: not detected","HAB routine sample no bloom observed ",2022-12-19 14:28:00,28.142439,-80.746111,0.3,"https://services1.arcgis.com/nRHtyn3uE1kyzoYc/ArcGIS/rest/services/service_c1026ff3b55f468d9f2edd834cb807f8/FeatureServer/0/6429/attachments/2982?token=esFGg2N_4QUkCtU1tiMztDW4hm2M0GdusSqnOkviQULZsKWy6cHlYSpBrHqloDkjMDORyL7vHp8tCloK_rT_6I4OA4EY19edP5rFzXcDxs3_bvd6rAbKq0BqhoPk7exiwoF-z98H5LJH5jJbe4dDOjffY9Bj9w3g5kWvPrs5PpMeAdY4Rap08W1RrijQW_Ta"
"Crescent Lake - mouth of Dunns Creek (CRESLM)","Putnam",2022-12-14,"SJRWMD","No","mixed algae; no dominant species in sample","No","No",,,,,,,,,,,"Anatoxin-a: not detected; Cylindrospermopsin: not detected; Nodularin-R: not detected; Saxitoxins: not detected","Partly cloudy",2022-12-14 13:27:00,29.52955556,-81.55372222,0.294,"https://services1.arcgis.com/nRHtyn3uE1kyzoYc/ArcGIS/rest/services/service_c1026ff3b55f468d9f2edd834cb807f8/FeatureServer/0/6420/attachments/2967?token=esFGg2N_4QUkCtU1tiMztDW4hm2M0GdusSqnOkviQULZsKWy6cHlYSpBrHqloDkjMDORyL7vHp8tCloK_rT_6I4OA4EY19edP5rFzXcDxs3_bvd6rAbKq0BqhoPk7exiwoF-z98H5LJH5jJbe4dDOjffY9Bj9w3g5kWvPrs5PpMeAdY4Rap08W1RrijQW_Ta"
"Lake Roper - NE Shore ","Orange",2022-12-13,"County","Yes","Dominant taxon: Microcystis aeruginosa","Yes","No",,,,,,,,,,,"Anatoxin-a: not detected; Cylindrospermopsin: not detected; Nodularin-R: not detected; Saxitoxins: not detected",,2022-12-13 15:15:00,28.504132,-81.578331,0.3,"https://services1.arcgis.com/nRHtyn3uE1kyzoYc/ArcGIS/rest/services/service_c1026ff3b55f468d9f2edd834cb807f8/FeatureServer/0/6417/attachments/2958?token=esFGg2N_4QUkCtU1tiMztDW4hm2M0GdusSqnOkviQULZsKWy6cHlYSpBrHqloDkjMDORyL7vHp8tCloK_rT_6I4OA4EY19edP5rFzXcDxs3_bvd6rAbKq0BqhoPk7exiwoF-z98H5LJH5jJbe4dDOjffY9Bj9w3g5kWvPrs5PpMeAdY4Rap08W1RrijQW_Ta"
"Lake George - Center (LEO)","Volusia",2022-12-13,"SJRWMD","No","mixed algae; no dominant species in sample","No","No",,,,,,,,,,,"Anatoxin-a: not detected; Cylindrospermopsin: not detected; Nodularin-R: not detected; Saxitoxins: not detected","Cool, cloudy, windy",2022-12-13 14:13:00,29.30830556,-81.60638889,0.333,"https://services1.arcgis.com/nRHtyn3uE1kyzoYc/ArcGIS/rest/services/service_c1026ff3b55f468d9f2edd834cb807f8/FeatureServer/0/6415/attachments/2955?token=esFGg2N_4QUkCtU1tiMztDW4hm2M0GdusSqnOkviQULZsKWy6cHlYSpBrHqloDkjMDORyL7vHp8tCloK_rT_6I4OA4EY19edP5rFzXcDxs3_bvd6rAbKq0BqhoPk7exiwoF-z98H5LJH5jJbe4dDOjffY9Bj9w3g5kWvPrs5PpMeAdY4Rap08W1RrijQW_Ta"
"St. Johns River - Mandarin Point (MP72)","Duval",2022-12-12,"SJRWMD","No","mixed algae; no dominant species in sample","No","No",,,,,,,,,,,"Anatoxin-a: not detected; Cylindrospermopsin: not detected; Nodularin-R: not detected; Saxitoxins: not detected","Overcast, cool",2022-12-12 17:57:00,30.15666667,-81.68388889,0.303,"https://services1.arcgis.com/nRHtyn3uE1kyzoYc/ArcGIS/rest/services/service_c1026ff3b55f468d9f2edd834cb807f8/FeatureServer/0/6411/attachments/2951?token=esFGg2N_4QUkCtU1tiMztDW4hm2M0GdusSqnOkviQULZsKWy6cHlYSpBrHqloDkjMDORyL7vHp8tCloK_rT_6I4OA4EY19edP5rFzXcDxs3_bvd6rAbKq0BqhoPk7exiwoF-z98H5LJH5jJbe4dDOjffY9Bj9w3g5kWvPrs5PpMeAdY4Rap08W1RrijQW_Ta"
"Doctors Lake - Center (DTL)","Clay",2022-12-12,"SJRWMD","No","mixed algae; no dominant species in sample","No","No",,,,,,,,,,,"Anatoxin-a: not detected; Cylindrospermopsin: not detected; Nodularin-R: not detected; Saxitoxins: not detected","Overcast, cool",2022-12-12 16:58:00,30.13805556,-81.72722222,0.307,"https://services1.arcgis.com/nRHtyn3uE1kyzoYc/ArcGIS/rest/services/service_c1026ff3b55f468d9f2edd834cb807f8/FeatureServer/0/6410/attachments/2950?token=esFGg2N_4QUkCtU1tiMztDW4hm2M0GdusSqnOkviQULZsKWy6cHlYSpBrHqloDkjMDORyL7vHp8tCloK_rT_6I4OA4EY19edP5rFzXcDxs3_bvd6rAbKq0BqhoPk7exiwoF-z98H5LJH5jJbe4dDOjffY9Bj9w3g5kWvPrs5PpMeAdY4Rap08W1RrijQW_Ta"
"St. Johns River - Shands Bridge (20030157)","StJohns",2022-12-12,"SJRWMD","No","mixed algae; no dominant species in sample","No","No",,,,,,,,,,,"Anatoxin-a: not detected; Cylindrospermopsin: not detected; Nodularin-R: not detected; Saxitoxins: not detected","Partly cloudy, cool",2022-12-12 16:01:00,29.98163056,-81.62213889,0.306,"https://services1.arcgis.com/nRHtyn3uE1kyzoYc/ArcGIS/rest/services/service_c1026ff3b55f468d9f2edd834cb807f8/FeatureServer/0/6409/attachments/2949?token=esFGg2N_4QUkCtU1tiMztDW4hm2M0GdusSqnOkviQULZsKWy6cHlYSpBrHqloDkjMDORyL7vHp8tCloK_rT_6I4OA4EY19edP5rFzXcDxs3_bvd6rAbKq0BqhoPk7exiwoF-z98H5LJH5jJbe4dDOjffY9Bj9w3g5kWvPrs5PpMeAdY4Rap08W1RrijQW_Ta"
"Lake Speer - NW Lobe","Orange",2022-12-12,"County","Yes","Dominant taxon: Aphanizomenon flos-aquae","Yes","No",,,,,,,,,,,"Anatoxin-a: not detected; Cylindrospermopsin: not detected; Nodularin-R: not detected; Saxitoxins: not detected",,2022-12-12 15:35:00,28.483104,-81.602176,0.3,"https://services1.arcgis.com/nRHtyn3uE1kyzoYc/ArcGIS/rest/services/service_c1026ff3b55f468d9f2edd834cb807f8/FeatureServer/0/6416/attachments/2956?token=esFGg2N_4QUkCtU1tiMztDW4hm2M0GdusSqnOkviQULZsKWy6cHlYSpBrHqloDkjMDORyL7vHp8tCloK_rT_6I4OA4EY19edP5rFzXcDxs3_bvd6rAbKq0BqhoPk7exiwoF-z98H5LJH5jJbe4dDOjffY9Bj9w3g5kWvPrs5PpMeAdY4Rap08W1RrijQW_Ta"
"Lake Marian - Boat Ramp","Osceola",2022-12-12,"SEROC","No","mixed algae; no dominant species in sample","No","Yes",3.6,,,,,,,,,,"Anatoxin-a: not detected; Cylindrospermopsin: not detected; Nodularin-R: not detected; Saxitoxins: not detected",,2022-12-12 15:05:00,27.8728102007881,-81.0520047973841,0.3,"https://services1.arcgis.com/nRHtyn3uE1kyzoYc/ArcGIS/rest/services/service_c1026ff3b55f468d9f2edd834cb807f8/FeatureServer/0/6407/attachments/2943?token=esFGg2N_4QUkCtU1tiMztDW4hm2M0GdusSqnOkviQULZsKWy6cHlYSpBrHqloDkjMDORyL7vHp8tCloK_rT_6I4OA4EY19edP5rFzXcDxs3_bvd6rAbKq0BqhoPk7exiwoF-z98H5LJH5jJbe4dDOjffY9Bj9w3g5kWvPrs5PpMeAdY4Rap08W1RrijQW_Ta"
"Big Sand Lake - from Dock","Orange",2022-12-08,"CEROC","Yes","Co-dominant taxa were: Microcystis aeruginosa and Aphanocapsa delicatissima","Yes","Yes",0.61,"Y (Y qualifier indicates improper preservation.)",,,,,,,,,"Anatoxin-a: not detected; Cylindrospermopsin: not detected; Nodularin-R: not detected; Saxitoxins: not detected","80s clear",2022-12-08 18:00:00,28.4262021398172,-81.4931426011026,0.3,"https://services1.arcgis.com/nRHtyn3uE1kyzoYc/ArcGIS/rest/services/service_c1026ff3b55f468d9f2edd834cb807f8/FeatureServer/0/6406/attachments/2940?token=esFGg2N_4QUkCtU1tiMztDW4hm2M0GdusSqnOkviQULZsKWy6cHlYSpBrHqloDkjMDORyL7vHp8tCloK_rT_6I4OA4EY19edP5rFzXcDxs3_bvd6rAbKq0BqhoPk7exiwoF-z98H5LJH5jJbe4dDOjffY9Bj9w3g5kWvPrs5PpMeAdY4Rap08W1RrijQW_Ta"
"Swimming Pen Creek - Whitey's Fish Camp","Clay",2022-12-08,"NEROC","No","mixed algae; no dominant species in sample","No","No",,,,,,,,,,,"Anatoxin-a: not detected; Cylindrospermopsin: not detected; Nodularin-R: not detected; Saxitoxins: not detected",,2022-12-08 17:55:00,30.1010065810476,-81.7464298134461,0.3,"https://services1.arcgis.com/nRHtyn3uE1kyzoYc/ArcGIS/rest/services/service_c1026ff3b55f468d9f2edd834cb807f8/FeatureServer/0/6405/attachments/2937?token=esFGg2N_4QUkCtU1tiMztDW4hm2M0GdusSqnOkviQULZsKWy6cHlYSpBrHqloDkjMDORyL7vHp8tCloK_rT_6I4OA4EY19edP5rFzXcDxs3_bvd6rAbKq0BqhoPk7exiwoF-z98H5LJH5jJbe4dDOjffY9Bj9w3g5kWvPrs5PpMeAdY4Rap08W1RrijQW_Ta"
"Doctors Lake - Mill Cove","Clay",2022-12-08,"NEROC","No","mixed algae; no dominant species in sample","No","No",,,,,,,,,,,"Anatoxin-a: not detected; Cylindrospermopsin: not detected; Nodularin-R: not detected; Saxitoxins: not detected",,2022-12-08 17:10:00,30.1241972738115,-81.7267847463723,0.3,"https://services1.arcgis.com/nRHtyn3uE1kyzoYc/ArcGIS/rest/services/service_c1026ff3b55f468d9f2edd834cb807f8/FeatureServer/0/6404/attachments/2934?token=esFGg2N_4QUkCtU1tiMztDW4hm2M0GdusSqnOkviQULZsKWy6cHlYSpBrHqloDkjMDORyL7vHp8tCloK_rT_6I4OA4EY19edP5rFzXcDxs3_bvd6rAbKq0BqhoPk7exiwoF-z98H5LJH5jJbe4dDOjffY9Bj9w3g5kWvPrs5PpMeAdY4Rap08W1RrijQW_Ta"
"Doctors Lake - at Camp Echockotee","Clay",2022-12-08,"NEROC","No","mixed algae; no dominant species in sample","No","No",,,,,,,,,,,"Anatoxin-a: not detected; Cylindrospermopsin: not detected; Nodularin-R: not detected; Saxitoxins: not detected",,2022-12-08 16:45:00,30.150358726881,-81.7248343041531,0.3,"https://services1.arcgis.com/nRHtyn3uE1kyzoYc/ArcGIS/rest/services/service_c1026ff3b55f468d9f2edd834cb807f8/FeatureServer/0/6402/attachments/2929?token=esFGg2N_4QUkCtU1tiMztDW4hm2M0GdusSqnOkviQULZsKWy6cHlYSpBrHqloDkjMDORyL7vHp8tCloK_rT_6I4OA4EY19edP5rFzXcDxs3_bvd6rAbKq0BqhoPk7exiwoF-z98H5LJH5jJbe4dDOjffY9Bj9w3g5kWvPrs5PpMeAdY4Rap08W1RrijQW_Ta"
"Sawgrass Lake - from CWC dock","Lake",2022-12-08,"CEROC","Yes","Dominant taxon: Microcystis aeruginosa","Yes","No",,,,,,,,,,,"Anatoxin-a: not detected; Cylindrospermopsin: not detected; Nodularin-R: not detected; Saxitoxins: not detected","80s clear",2022-12-08 16:10:00,28.433626703918,-81.6891583520919,0.3,"https://services1.arcgis.com/nRHtyn3uE1kyzoYc/ArcGIS/rest/services/service_c1026ff3b55f468d9f2edd834cb807f8/FeatureServer/0/6403/attachments/2932?token=esFGg2N_4QUkCtU1tiMztDW4hm2M0GdusSqnOkviQULZsKWy6cHlYSpBrHqloDkjMDORyL7vHp8tCloK_rT_6I4OA4EY19edP5rFzXcDxs3_bvd6rAbKq0BqhoPk7exiwoF-z98H5LJH5jJbe4dDOjffY9Bj9w3g5kWvPrs5PpMeAdY4Rap08W1RrijQW_Ta"
"Black Creek - at SR-17","Clay",2022-12-08,"NEROC","No","mixed algae; no dominant species in sample","No","No",,,,,,,,,,,"Anatoxin-a: not detected; Cylindrospermopsin: not detected; Nodularin-R: not detected; Saxitoxins: not detected",,2022-12-08 15:55:00,30.0420456751337,-81.7118607379552,0.3,"https://services1.arcgis.com/nRHtyn3uE1kyzoYc/ArcGIS/rest/services/service_c1026ff3b55f468d9f2edd834cb807f8/FeatureServer/0/6401/attachments/2926?token=esFGg2N_4QUkCtU1tiMztDW4hm2M0GdusSqnOkviQULZsKWy6cHlYSpBrHqloDkjMDORyL7vHp8tCloK_rT_6I4OA4EY19edP5rFzXcDxs3_bvd6rAbKq0BqhoPk7exiwoF-z98H5LJH5jJbe4dDOjffY9Bj9w3g5kWvPrs5PpMeAdY4Rap08W1RrijQW_Ta"
"Starke Lake - Boat Ramp","Orange",2022-12-07,"CEROC","Yes","Dominant taxon: Microcystis aeruginosa","Yes","No",,,,,,,,,,,"Anatoxin-a: not detected; Cylindrospermopsin: not detected; Nodularin-R: not detected; Saxitoxins: not detected","Sunny, breezy, partly cloudy",2022-12-07 19:23:00,28.57188,-81.542096,0.3,"https://services1.arcgis.com/nRHtyn3uE1kyzoYc/ArcGIS/rest/services/service_c1026ff3b55f468d9f2edd834cb807f8/FeatureServer/0/6392/attachments/2923?token=esFGg2N_4QUkCtU1tiMztDW4hm2M0GdusSqnOkviQULZsKWy6cHlYSpBrHqloDkjMDORyL7vHp8tCloK_rT_6I4OA4EY19edP5rFzXcDxs3_bvd6rAbKq0BqhoPk7exiwoF-z98H5LJH5jJbe4dDOjffY9Bj9w3g5kWvPrs5PpMeAdY4Rap08W1RrijQW_Ta"
"Lake Prima Vista - South Shore","Orange",2022-12-07,"CEROC","Yes","Dominant taxon: Microcystis aeruginosa","Yes","No",,,,,,,,,,,"Anatoxin-a: not detected; Cylindrospermopsin: not detected; Nodularin-R: not detected; Saxitoxins: not detected","Sunny, partly cloudy ",2022-12-07 18:47:00,28.563665,-81.536992,0.3,"https://services1.arcgis.com/nRHtyn3uE1kyzoYc/ArcGIS/rest/services/service_c1026ff3b55f468d9f2edd834cb807f8/FeatureServer/0/6391/attachments/2920?token=esFGg2N_4QUkCtU1tiMztDW4hm2M0GdusSqnOkviQULZsKWy6cHlYSpBrHqloDkjMDORyL7vHp8tCloK_rT_6I4OA4EY19edP5rFzXcDxs3_bvd6rAbKq0BqhoPk7exiwoF-z98H5LJH5jJbe4dDOjffY9Bj9w3g5kWvPrs5PpMeAdY4Rap08W1RrijQW_Ta"
"Lake Pickett - W Shore","Orange",2022-12-07,"CEROC","Yes","Dominant taxon: Microcystis aeruginosa","Yes","No",,,,,,,,,,,"Anatoxin-a: not detected; Cylindrospermopsin: not detected; Nodularin-R: not detected",,2022-12-07 18:17:00,28.6072796497974,-81.123829458586,0.3,"https://services1.arcgis.com/nRHtyn3uE1kyzoYc/ArcGIS/rest/services/service_c1026ff3b55f468d9f2edd834cb807f8/FeatureServer/0/6387/attachments/2913?token=esFGg2N_4QUkCtU1tiMztDW4hm2M0GdusSqnOkviQULZsKWy6cHlYSpBrHqloDkjMDORyL7vHp8tCloK_rT_6I4OA4EY19edP5rFzXcDxs3_bvd6rAbKq0BqhoPk7exiwoF-z98H5LJH5jJbe4dDOjffY9Bj9w3g5kWvPrs5PpMeAdY4Rap08W1RrijQW_Ta"
"Lake Beauclair - Near boat ramp ","Lake",2022-12-07,"CEROC","Yes","mixed algae; no dominant species in sample","No","No",,,,,,,,,,,"Anatoxin-a: not detected; Cylindrospermopsin: not detected; Nodularin-R: not detected","Sunny, clear, breezy",2022-12-07 17:15:00,28.766667,-81.651389,0.3,"https://services1.arcgis.com/nRHtyn3uE1kyzoYc/ArcGIS/rest/services/service_c1026ff3b55f468d9f2edd834cb807f8/FeatureServer/0/6389/attachments/2915?token=esFGg2N_4QUkCtU1tiMztDW4hm2M0GdusSqnOkviQULZsKWy6cHlYSpBrHqloDkjMDORyL7vHp8tCloK_rT_6I4OA4EY19edP5rFzXcDxs3_bvd6rAbKq0BqhoPk7exiwoF-z98H5LJH5jJbe4dDOjffY9Bj9w3g5kWvPrs5PpMeAdY4Rap08W1RrijQW_Ta"
"Lake Carlton - Center","Orange",2022-12-07,"CEROC","No","mixed algae; no dominant species in sample","No","No",,,,,,,,,,,"Anatoxin-a: not detected; Cylindrospermopsin: not detected; Nodularin-R: not detected; Saxitoxins: not detected","Sunny, clear, breezy",2022-12-07 16:41:00,28.759943,-81.657806,0.3,"https://services1.arcgis.com/nRHtyn3uE1kyzoYc/ArcGIS/rest/services/service_c1026ff3b55f468d9f2edd834cb807f8/FeatureServer/0/6390/attachments/2917?token=esFGg2N_4QUkCtU1tiMztDW4hm2M0GdusSqnOkviQULZsKWy6cHlYSpBrHqloDkjMDORyL7vHp8tCloK_rT_6I4OA4EY19edP5rFzXcDxs3_bvd6rAbKq0BqhoPk7exiwoF-z98H5LJH5jJbe4dDOjffY9Bj9w3g5kWvPrs5PpMeAdY4Rap08W1RrijQW_Ta"
"Lake Weir - Hope Boat Ramp","Marion",2022-12-07,"SJRWMD","Yes","mixed algae; no dominant species in sample","No","No",,,,,,,,,,,"Anatoxin-a: not detected; Cylindrospermopsin: not detected; Nodularin-R: not detected; Saxitoxins: not detected",,2022-12-07 15:23:00,28.9898184,-81.9626439,0.3,
"Lake Marian - Boat Ramp","Osceola",2022-12-05,"SEROC","No","mixed algae; no dominant species in sample","No","Yes",3.7,,,,,,,,,,"Anatoxin-a: not detected; Cylindrospermopsin: not detected; Nodularin-R: not detected; Saxitoxins: not detected",,2022-12-05 17:30:00,27.8727993462235,-81.0520206391811,0.3,"https://services1.arcgis.com/nRHtyn3uE1kyzoYc/ArcGIS/rest/services/service_c1026ff3b55f468d9f2edd834cb807f8/FeatureServer/0/6377/attachments/2907?token=esFGg2N_4QUkCtU1tiMztDW4hm2M0GdusSqnOkviQULZsKWy6cHlYSpBrHqloDkjMDORyL7vHp8tCloK_rT_6I4OA4EY19edP5rFzXcDxs3_bvd6rAbKq0BqhoPk7exiwoF-z98H5LJH5jJbe4dDOjffY9Bj9w3g5kWvPrs5PpMeAdY4Rap08W1RrijQW_Ta"
"Lake Mann - McQueen Park","Orange",2022-12-01,"CEROC","Yes","Dominant taxon: Aphanocapsa delicatissima","Yes","Yes",,,0.16,"I (I qualifier indicates that the reported value is between the laboratory method detection limit and the laboratory practical quantitation limit.)",,,,,,,"Anatoxin-a: not detected; Cylindrospermopsin: 0.16 I (I qualifier indicates that the reported value is between the laboratory method detection limit and the laboratory practical quantitation limit.); Nodularin-R: not detected","No specks or globs, water just looks slightly turbid and green",2022-12-01 19:11:00,28.53447,-81.42351,0.3,"https://services1.arcgis.com/nRHtyn3uE1kyzoYc/ArcGIS/rest/services/service_c1026ff3b55f468d9f2edd834cb807f8/FeatureServer/0/6375/attachments/2901?token=esFGg2N_4QUkCtU1tiMztDW4hm2M0GdusSqnOkviQULZsKWy6cHlYSpBrHqloDkjMDORyL7vHp8tCloK_rT_6I4OA4EY19edP5rFzXcDxs3_bvd6rAbKq0BqhoPk7exiwoF-z98H5LJH5jJbe4dDOjffY9Bj9w3g5kWvPrs5PpMeAdY4Rap08W1RrijQW_Ta"
"Deep Lake - N Shore","Seminole",2022-12-01,"CEROC","Yes","Dominant taxon: Microcystis aeruginosa","Yes","Yes",0.32,"I (I qualifier indicates that the reported value is between the laboratory method detection limit and the laboratory practical quantitation limit.)",,,,,,,,,"Anatoxin-a: not detected; Cylindrospermopsin: not detected; Nodularin-R: not detected",,2022-12-01 18:09:00,28.61442,-81.253,0.3,"https://services1.arcgis.com/nRHtyn3uE1kyzoYc/ArcGIS/rest/services/service_c1026ff3b55f468d9f2edd834cb807f8/FeatureServer/0/6376/attachments/2904?token=esFGg2N_4QUkCtU1tiMztDW4hm2M0GdusSqnOkviQULZsKWy6cHlYSpBrHqloDkjMDORyL7vHp8tCloK_rT_6I4OA4EY19edP5rFzXcDxs3_bvd6rAbKq0BqhoPk7exiwoF-z98H5LJH5jJbe4dDOjffY9Bj9w3g5kWvPrs5PpMeAdY4Rap08W1RrijQW_Ta"
"Lake Howell - NW Shore","Seminole",2022-12-01,"CEROC","No","mixed algae; no dominant species in sample","No","Yes",,,0.12,"I (I qualifier indicates that the reported value is between the laboratory method detection limit and the laboratory practical quantitation limit.)",,,,,,,"Anatoxin-a: not detected; Cylindrospermopsin: 0.12 I (I qualifier indicates that the reported value is between the laboratory method detection limit and the laboratory practical quantitation limit.); Nodularin-R: not detected","Secchi may be VOB but Vallisneria too thick on bottom to see",2022-12-01 17:03:00,28.6433,-81.317816,0.3,"https://services1.arcgis.com/nRHtyn3uE1kyzoYc/ArcGIS/rest/services/service_c1026ff3b55f468d9f2edd834cb807f8/FeatureServer/0/6373/attachments/2897?token=esFGg2N_4QUkCtU1tiMztDW4hm2M0GdusSqnOkviQULZsKWy6cHlYSpBrHqloDkjMDORyL7vHp8tCloK_rT_6I4OA4EY19edP5rFzXcDxs3_bvd6rAbKq0BqhoPk7exiwoF-z98H5LJH5jJbe4dDOjffY9Bj9w3g5kWvPrs5PpMeAdY4Rap08W1RrijQW_Ta"
"Lake Estelle - Dorchester and Mills","Orange",2022-12-01,"CEROC","No","mixed algae; no dominant species in sample","No","Yes",0.68,"I (I qualifier indicates that the reported value is between the laboratory method detection limit and the laboratory practical quantitation limit.)",,,,,,,,,"Anatoxin-a: not detected; Cylindrospermopsin: not detected; Nodularin-R: not detected",,2022-12-01 16:04:00,28.57692,-81.36356,0.3,"https://services1.arcgis.com/nRHtyn3uE1kyzoYc/ArcGIS/rest/services/service_c1026ff3b55f468d9f2edd834cb807f8/FeatureServer/0/6374/attachments/2899?token=esFGg2N_4QUkCtU1tiMztDW4hm2M0GdusSqnOkviQULZsKWy6cHlYSpBrHqloDkjMDORyL7vHp8tCloK_rT_6I4OA4EY19edP5rFzXcDxs3_bvd6rAbKq0BqhoPk7exiwoF-z98H5LJH5jJbe4dDOjffY9Bj9w3g5kWvPrs5PpMeAdY4Rap08W1RrijQW_Ta"
"Lake Jesup - Center (OW-CTR)","Seminole",2022-12-01,"SJRWMD","No","mixed algae; no dominant species in sample","No","Yes",0.27,"I (I qualifier indicates that the reported value is between the laboratory method detection limit and the laboratory practical quantitation limit.)",,,,,,,,,"Anatoxin-a: not detected; Cylindrospermopsin: not detected; Nodularin-R: not detected; Saxitoxins: not detected","Very windy",2022-12-01 15:30:00,28.7268,-81.2111,0.3,
"Georges Lake - Center","Putnam",2022-11-30,"NEROC","Yes","Dominant taxon: Microcystis aeruginosa","Yes","Yes",1.9,"I (I qualifier indicates that the reported value is between the laboratory method detection limit and the laboratory practical quantitation limit.)",,,,,,,,,"Anatoxin-a: not detected; Cylindrospermopsin: not detected; Nodularin-R: not detected; Saxitoxins: not detected",,2022-11-30 15:50:00,29.793902933166,-81.8490796645221,0.3,"https://services1.arcgis.com/nRHtyn3uE1kyzoYc/ArcGIS/rest/services/service_c1026ff3b55f468d9f2edd834cb807f8/FeatureServer/0/6370/attachments/2891?token=esFGg2N_4QUkCtU1tiMztDW4hm2M0GdusSqnOkviQULZsKWy6cHlYSpBrHqloDkjMDORyL7vHp8tCloK_rT_6I4OA4EY19edP5rFzXcDxs3_bvd6rAbKq0BqhoPk7exiwoF-z98H5LJH5jJbe4dDOjffY9Bj9w3g5kWvPrs5PpMeAdY4Rap08W1RrijQW_Ta"
"Sawgrass Lake - from CWC dock","Lake",2022-11-29,"CEROC","Yes","Dominant taxon: Microcystis aeruginosa","Yes","Yes",0.59,"I (I qualifier indicates that the reported value is between the laboratory method detection limit and the laboratory practical quantitation limit.)",,,,,,,,,"Anatoxin-a: not detected; Cylindrospermopsin: not detected; Nodularin-R: not detected; Saxitoxins: not detected","Sunny. Green algae specks observed throughout water column with some accumulation at shoreline ",2022-11-29 17:30:00,28.4336228,-81.6891351,0.3,"https://services1.arcgis.com/nRHtyn3uE1kyzoYc/ArcGIS/rest/services/service_c1026ff3b55f468d9f2edd834cb807f8/FeatureServer/0/6368/attachments/2888?token=esFGg2N_4QUkCtU1tiMztDW4hm2M0GdusSqnOkviQULZsKWy6cHlYSpBrHqloDkjMDORyL7vHp8tCloK_rT_6I4OA4EY19edP5rFzXcDxs3_bvd6rAbKq0BqhoPk7exiwoF-z98H5LJH5jJbe4dDOjffY9Bj9w3g5kWvPrs5PpMeAdY4Rap08W1RrijQW_Ta"
"Lake Monroe - Center (LMAC)","Volusia",2022-11-29,"SJRWMD","No","mixed algae; no dominant species in sample","No","No",,,,,,,,,,,"Anatoxin-a: not detected; Cylindrospermopsin: not detected; Nodularin-R: not detected; Saxitoxins: not detected",,2022-11-29 16:55:00,28.83496,-81.27091,0.3,
"Lake Marian - Boat Ramp","Osceola",2022-11-28,"SEROC","No","mixed algae; no dominant species in sample","No","Yes",3.2,"I (I qualifier indicates that the reported value is between the laboratory method detection limit and the laboratory practical quantitation limit.)",,,,,,,,,"Anatoxin-a: not detected; Cylindrospermopsin: not detected; Nodularin-R: not detected; Saxitoxins: not detected",,2022-11-28 15:00:00,27.8728102007881,-81.0520047973841,0.3,"https://services1.arcgis.com/nRHtyn3uE1kyzoYc/ArcGIS/rest/services/service_c1026ff3b55f468d9f2edd834cb807f8/FeatureServer/0/6365/attachments/2881?token=esFGg2N_4QUkCtU1tiMztDW4hm2M0GdusSqnOkviQULZsKWy6cHlYSpBrHqloDkjMDORyL7vHp8tCloK_rT_6I4OA4EY19edP5rFzXcDxs3_bvd6rAbKq0BqhoPk7exiwoF-z98H5LJH5jJbe4dDOjffY9Bj9w3g5kWvPrs5PpMeAdY4Rap08W1RrijQW_Ta"
"Lake Pickett - SE Corner","Orange",2022-11-21,"CEROC","No","mixed algae; no dominant species in sample","No","No",,,,,,,,,,,"Anatoxin-a: not detected; Cylindrospermopsin: not detected; Nodularin-R: not detected; Saxitoxins: not detected",,2022-11-21 16:02:00,28.5971628328324,-81.1069820976871,0.3,"https://services1.arcgis.com/nRHtyn3uE1kyzoYc/ArcGIS/rest/services/service_c1026ff3b55f468d9f2edd834cb807f8/FeatureServer/0/6364/attachments/2879?token=esFGg2N_4QUkCtU1tiMztDW4hm2M0GdusSqnOkviQULZsKWy6cHlYSpBrHqloDkjMDORyL7vHp8tCloK_rT_6I4OA4EY19edP5rFzXcDxs3_bvd6rAbKq0BqhoPk7exiwoF-z98H5LJH5jJbe4dDOjffY9Bj9w3g5kWvPrs5PpMeAdY4Rap08W1RrijQW_Ta"
"Lochloosa Lake - Lochloosa Park and Boat Ramp","Alachua",2022-11-17,"NEROC","Yes","mixed algae; no dominant species in sample","No","Yes",0.1,"I (I qualifier indicates that the reported value is between the laboratory method detection limit and the laboratory practical quantitation limit.)",,,,,,,,,"Anatoxin-a: not detected; Cylindrospermopsin: not detected; Nodularin-R: not detected; Saxitoxins: not detected",,2022-11-17 19:50:00,29.5054540734763,-82.1032562279558,0.3,"https://services1.arcgis.com/nRHtyn3uE1kyzoYc/ArcGIS/rest/services/service_c1026ff3b55f468d9f2edd834cb807f8/FeatureServer/0/6362/attachments/2874?token=esFGg2N_4QUkCtU1tiMztDW4hm2M0GdusSqnOkviQULZsKWy6cHlYSpBrHqloDkjMDORyL7vHp8tCloK_rT_6I4OA4EY19edP5rFzXcDxs3_bvd6rAbKq0BqhoPk7exiwoF-z98H5LJH5jJbe4dDOjffY9Bj9w3g5kWvPrs5PpMeAdY4Rap08W1RrijQW_Ta"
"183rd Ave Canal - off Cross Creek","Alachua",2022-11-17,"NEROC","No","Dominant taxon: Microcystis aeruginosa","Yes","No",,,,,,,,,,,"Anatoxin-a: not detected; Cylindrospermopsin: not detected; Nodularin-R: not detected; Saxitoxins: not detected",,2022-11-17 19:10:00,29.4850296788986,-82.1633929282578,0.25,"https://services1.arcgis.com/nRHtyn3uE1kyzoYc/ArcGIS/rest/services/service_c1026ff3b55f468d9f2edd834cb807f8/FeatureServer/0/6361/attachments/2871?token=esFGg2N_4QUkCtU1tiMztDW4hm2M0GdusSqnOkviQULZsKWy6cHlYSpBrHqloDkjMDORyL7vHp8tCloK_rT_6I4OA4EY19edP5rFzXcDxs3_bvd6rAbKq0BqhoPk7exiwoF-z98H5LJH5jJbe4dDOjffY9Bj9w3g5kWvPrs5PpMeAdY4Rap08W1RrijQW_Ta"
"Lochloosa Lake - entrance to Cross Creek","Alachua",2022-11-17,"NEROC","Yes","mixed algae; no dominant species in sample","No","No",,,,,,,,,,,"Anatoxin-a: not detected; Cylindrospermopsin: not detected; Nodularin-R: not detected; Saxitoxins: not detected",,2022-11-17 18:40:30.149,29.5073929603374,-82.1498381048404,0.3,"https://services1.arcgis.com/nRHtyn3uE1kyzoYc/ArcGIS/rest/services/service_c1026ff3b55f468d9f2edd834cb807f8/FeatureServer/0/6360/attachments/2868?token=esFGg2N_4QUkCtU1tiMztDW4hm2M0GdusSqnOkviQULZsKWy6cHlYSpBrHqloDkjMDORyL7vHp8tCloK_rT_6I4OA4EY19edP5rFzXcDxs3_bvd6rAbKq0BqhoPk7exiwoF-z98H5LJH5jJbe4dDOjffY9Bj9w3g5kWvPrs5PpMeAdY4Rap08W1RrijQW_Ta"
"Lochloosa Lake - NE in Veg","Alachua",2022-11-17,"NEROC","Yes","mixed algae; no dominant species in sample","No","No",,,,,,,,,,,"Anatoxin-a: not detected; Cylindrospermopsin: not detected; Nodularin-R: not detected; Saxitoxins: not detected",,2022-11-17 17:50:00,29.5446338046747,-82.122570408743,0.3,"https://services1.arcgis.com/nRHtyn3uE1kyzoYc/ArcGIS/rest/services/service_c1026ff3b55f468d9f2edd834cb807f8/FeatureServer/0/6359/attachments/2865?token=esFGg2N_4QUkCtU1tiMztDW4hm2M0GdusSqnOkviQULZsKWy6cHlYSpBrHqloDkjMDORyL7vHp8tCloK_rT_6I4OA4EY19edP5rFzXcDxs3_bvd6rAbKq0BqhoPk7exiwoF-z98H5LJH5jJbe4dDOjffY9Bj9w3g5kWvPrs5PpMeAdY4Rap08W1RrijQW_Ta"
"Starke Lake - Boat Ramp","Orange",2022-11-17,"CEROC","No","mixed algae; no dominant species in sample","No","No",,,,,,,,,,,"Anatoxin-a: not detected; Cylindrospermopsin: not detected; Nodularin-R: not detected","Sunny, cool and breezy",2022-11-17 16:38:00,28.57188,-81.542096,0.3,"https://services1.arcgis.com/nRHtyn3uE1kyzoYc/ArcGIS/rest/services/service_c1026ff3b55f468d9f2edd834cb807f8/FeatureServer/0/6363/attachments/2877?token=esFGg2N_4QUkCtU1tiMztDW4hm2M0GdusSqnOkviQULZsKWy6cHlYSpBrHqloDkjMDORyL7vHp8tCloK_rT_6I4OA4EY19edP5rFzXcDxs3_bvd6rAbKq0BqhoPk7exiwoF-z98H5LJH5jJbe4dDOjffY9Bj9w3g5kWvPrs5PpMeAdY4Rap08W1RrijQW_Ta"
"Lake Speer - NW Lobe","Orange",2022-11-16,"County","Yes","Dominant taxon: Microcystis aeruginosa","Yes","Yes",0.53,"I (I qualifier indicates that the reported value is between the laboratory method detection limit and the laboratory practical quantitation limit.)",,,,,,,,,"Anatoxin-a: not detected; Cylindrospermopsin: not detected; Nodularin-R: not detected",,2022-11-16 18:50:00,28.483104,-81.602176,0.3,"https://services1.arcgis.com/nRHtyn3uE1kyzoYc/ArcGIS/rest/services/service_c1026ff3b55f468d9f2edd834cb807f8/FeatureServer/0/6356/attachments/2858?token=esFGg2N_4QUkCtU1tiMztDW4hm2M0GdusSqnOkviQULZsKWy6cHlYSpBrHqloDkjMDORyL7vHp8tCloK_rT_6I4OA4EY19edP5rFzXcDxs3_bvd6rAbKq0BqhoPk7exiwoF-z98H5LJH5jJbe4dDOjffY9Bj9w3g5kWvPrs5PpMeAdY4Rap08W1RrijQW_Ta"
"Blue Cypress Lake - Center (BCL)","IndianRiver",2022-11-16,"SJRWMD","No","mixed algae; no dominant species in sample","No","No",,,,,,,,,,,"Anatoxin-a: not detected; Cylindrospermopsin: not detected; Nodularin-R: not detected; Saxitoxins: not detected","No rain",2022-11-16 15:33:00,27.7266,-80.7536,0.301,"https://services1.arcgis.com/nRHtyn3uE1kyzoYc/ArcGIS/rest/services/service_c1026ff3b55f468d9f2edd834cb807f8/FeatureServer/0/6355/attachments/2853?token=esFGg2N_4QUkCtU1tiMztDW4hm2M0GdusSqnOkviQULZsKWy6cHlYSpBrHqloDkjMDORyL7vHp8tCloK_rT_6I4OA4EY19edP5rFzXcDxs3_bvd6rAbKq0BqhoPk7exiwoF-z98H5LJH5jJbe4dDOjffY9Bj9w3g5kWvPrs5PpMeAdY4Rap08W1RrijQW_Ta"
"Stick Marsh - North (STKM)","IndianRiver",2022-11-16,"SJRWMD","No","mixed algae; no dominant species in sample","No","No",,,,,,,,,,,"Anatoxin-a: not detected; Cylindrospermopsin: not detected; Nodularin-R: not detected; Saxitoxins: not detected","HAB routine sample no bloom observed ",2022-11-16 14:29:00,27.81065,-80.724854,0.3,"https://services1.arcgis.com/nRHtyn3uE1kyzoYc/ArcGIS/rest/services/service_c1026ff3b55f468d9f2edd834cb807f8/FeatureServer/0/6354/attachments/2852?token=esFGg2N_4QUkCtU1tiMztDW4hm2M0GdusSqnOkviQULZsKWy6cHlYSpBrHqloDkjMDORyL7vHp8tCloK_rT_6I4OA4EY19edP5rFzXcDxs3_bvd6rAbKq0BqhoPk7exiwoF-z98H5LJH5jJbe4dDOjffY9Bj9w3g5kWvPrs5PpMeAdY4Rap08W1RrijQW_Ta"
"Lake Marian - Boat Ramp","Osceola",2022-11-16,"SEROC","Yes","Dominant taxon: Microcystis aeruginosa","Yes","Yes",3.9,,,,,,,,,,"Anatoxin-a: not detected; Cylindrospermopsin: not detected; Nodularin-R: not detected",,2022-11-16 14:00:00,27.8728102007881,-81.0520047973841,0.3,"https://services1.arcgis.com/nRHtyn3uE1kyzoYc/ArcGIS/rest/services/service_c1026ff3b55f468d9f2edd834cb807f8/FeatureServer/0/6353/attachments/2855?token=esFGg2N_4QUkCtU1tiMztDW4hm2M0GdusSqnOkviQULZsKWy6cHlYSpBrHqloDkjMDORyL7vHp8tCloK_rT_6I4OA4EY19edP5rFzXcDxs3_bvd6rAbKq0BqhoPk7exiwoF-z98H5LJH5jJbe4dDOjffY9Bj9w3g5kWvPrs5PpMeAdY4Rap08W1RrijQW_Ta"
"Deep Lake - N Shore","Seminole",2022-11-15,"CEROC","Yes","Dominant taxon: Microcystis aeruginosa","Yes","Yes",1.7,"I (I qualifier indicates that the reported value is between the laboratory method detection limit and the laboratory practical quantitation limit.)",,,,,,,,,"Anatoxin-a: not detected; Cylindrospermopsin: not detected; Nodularin-R: not detected","Overcast. Bright green algae observed on water surface and in water column",2022-11-15 16:32:00,28.61442,-81.253,0.3,"https://services1.arcgis.com/nRHtyn3uE1kyzoYc/ArcGIS/rest/services/service_c1026ff3b55f468d9f2edd834cb807f8/FeatureServer/0/6338/attachments/2839?token=esFGg2N_4QUkCtU1tiMztDW4hm2M0GdusSqnOkviQULZsKWy6cHlYSpBrHqloDkjMDORyL7vHp8tCloK_rT_6I4OA4EY19edP5rFzXcDxs3_bvd6rAbKq0BqhoPk7exiwoF-z98H5LJH5jJbe4dDOjffY9Bj9w3g5kWvPrs5PpMeAdY4Rap08W1RrijQW_Ta"
"Lake Washington - Center (LWC)","Brevard",2022-11-15,"SJRWMD","No","mixed algae; no dominant species in sample","No","No",,,,,,,,,,,"Anatoxin-a: not detected; Cylindrospermopsin: not detected; Nodularin-R: not detected; Saxitoxins: not detected","No Rain",2022-11-15 13:48:00,28.142439,-80.746111,0.314,"https://services1.arcgis.com/nRHtyn3uE1kyzoYc/ArcGIS/rest/services/service_c1026ff3b55f468d9f2edd834cb807f8/FeatureServer/0/6342/attachments/2851?token=esFGg2N_4QUkCtU1tiMztDW4hm2M0GdusSqnOkviQULZsKWy6cHlYSpBrHqloDkjMDORyL7vHp8tCloK_rT_6I4OA4EY19edP5rFzXcDxs3_bvd6rAbKq0BqhoPk7exiwoF-z98H5LJH5jJbe4dDOjffY9Bj9w3g5kWvPrs5PpMeAdY4Rap08W1RrijQW_Ta"
"Lake Howell - NW Shore","Seminole",2022-11-14,"CEROC","Yes","mixed algae; no dominant species in sample","No","Yes",,,0.13,"I (I qualifier indicates that the reported value is between the laboratory method detection limit and the laboratory practical quantitation limit.)",,,,,,,"Anatoxin-a: not detected; Cylindrospermopsin: 0.13 I (I qualifier indicates that the reported value is between the laboratory method detection limit and the laboratory practical quantitation limit.); Nodularin-R: not detected","Sunny. Possible bloom with algae specks observed in water column",2022-11-14 18:42:00,28.6433,-81.317816,0.3,"https://services1.arcgis.com/nRHtyn3uE1kyzoYc/ArcGIS/rest/services/service_c1026ff3b55f468d9f2edd834cb807f8/FeatureServer/0/6337/attachments/2837?token=esFGg2N_4QUkCtU1tiMztDW4hm2M0GdusSqnOkviQULZsKWy6cHlYSpBrHqloDkjMDORyL7vHp8tCloK_rT_6I4OA4EY19edP5rFzXcDxs3_bvd6rAbKq0BqhoPk7exiwoF-z98H5LJH5jJbe4dDOjffY9Bj9w3g5kWvPrs5PpMeAdY4Rap08W1RrijQW_Ta"
"Sawgrass Lake - from CWC dock","Lake",2022-11-14,"CEROC","Yes","Dominant taxon: Microcystis aeruginosa","Yes","Yes",0.39,"I (I qualifier indicates that the reported value is between the laboratory method detection limit and the laboratory practical quantitation limit.)",,,,,,,,,"Anatoxin-a: not detected; Cylindrospermopsin: not detected; Nodularin-R: not detected","High 70s, partly cloudy, slight breeze",2022-11-14 16:06:00,28.4336218424141,-81.6891852580011,0.3,"https://services1.arcgis.com/nRHtyn3uE1kyzoYc/ArcGIS/rest/services/service_c1026ff3b55f468d9f2edd834cb807f8/FeatureServer/0/6336/attachments/2835?token=esFGg2N_4QUkCtU1tiMztDW4hm2M0GdusSqnOkviQULZsKWy6cHlYSpBrHqloDkjMDORyL7vHp8tCloK_rT_6I4OA4EY19edP5rFzXcDxs3_bvd6rAbKq0BqhoPk7exiwoF-z98H5LJH5jJbe4dDOjffY9Bj9w3g5kWvPrs5PpMeAdY4Rap08W1RrijQW_Ta"
"Lake Ivanhoe - near I-4","Orange",2022-11-08,"CEROC","No","mixed algae; no dominant species in sample","No","No",,,,,,,,,,,"Anatoxin-a: not detected; Cylindrospermopsin: not detected; Nodularin-R: not detected","Shoreline has numerous species of floating aquatic macrophytes present. ",2022-11-08 17:35:00,28.56406,-81.377837,0.3,"https://services1.arcgis.com/nRHtyn3uE1kyzoYc/ArcGIS/rest/services/service_c1026ff3b55f468d9f2edd834cb807f8/FeatureServer/0/6333/attachments/2828?token=esFGg2N_4QUkCtU1tiMztDW4hm2M0GdusSqnOkviQULZsKWy6cHlYSpBrHqloDkjMDORyL7vHp8tCloK_rT_6I4OA4EY19edP5rFzXcDxs3_bvd6rAbKq0BqhoPk7exiwoF-z98H5LJH5jJbe4dDOjffY9Bj9w3g5kWvPrs5PpMeAdY4Rap08W1RrijQW_Ta"
"Crescent Lake - mouth of Dunns Creek (CRESLM)","Putnam",2022-11-08,"SJRWMD","No","mixed algae; no dominant species in sample","No","No",,,,,,,,,,,"Anatoxin-a: not detected; Cylindrospermopsin: not detected; Nodularin-R: not detected; Saxitoxins: not detected",,2022-11-08 13:08:00,29.52955556,-81.55372222,0.306,"https://services1.arcgis.com/nRHtyn3uE1kyzoYc/ArcGIS/rest/services/service_c1026ff3b55f468d9f2edd834cb807f8/FeatureServer/0/6332/attachments/2827?token=esFGg2N_4QUkCtU1tiMztDW4hm2M0GdusSqnOkviQULZsKWy6cHlYSpBrHqloDkjMDORyL7vHp8tCloK_rT_6I4OA4EY19edP5rFzXcDxs3_bvd6rAbKq0BqhoPk7exiwoF-z98H5LJH5jJbe4dDOjffY9Bj9w3g5kWvPrs5PpMeAdY4Rap08W1RrijQW_Ta"
"St. Johns River - Mandarin Point (MP72)","Duval",2022-11-07,"SJRWMD","No","mixed algae; no dominant species in sample","No","No",,,,,,,,,,,"Anatoxin-a: not detected; Cylindrospermopsin: not detected; Nodularin-R: not detected; Saxitoxins: not detected",,2022-11-07 16:47:00,30.15666667,-81.68388889,0.309,"https://services1.arcgis.com/nRHtyn3uE1kyzoYc/ArcGIS/rest/services/service_c1026ff3b55f468d9f2edd834cb807f8/FeatureServer/0/6331/attachments/2826?token=esFGg2N_4QUkCtU1tiMztDW4hm2M0GdusSqnOkviQULZsKWy6cHlYSpBrHqloDkjMDORyL7vHp8tCloK_rT_6I4OA4EY19edP5rFzXcDxs3_bvd6rAbKq0BqhoPk7exiwoF-z98H5LJH5jJbe4dDOjffY9Bj9w3g5kWvPrs5PpMeAdY4Rap08W1RrijQW_Ta"
"Doctors Lake - Center (DTL)","Clay",2022-11-07,"SJRWMD","No","mixed algae; no dominant species in sample","No","No",,,,,,,,,,,"Anatoxin-a: not detected; Cylindrospermopsin: not detected; Nodularin-R: not detected; Saxitoxins: not detected","Partly cloudy, windy",2022-11-07 16:18:00,30.13805556,-81.72722222,0.315,"https://services1.arcgis.com/nRHtyn3uE1kyzoYc/ArcGIS/rest/services/service_c1026ff3b55f468d9f2edd834cb807f8/FeatureServer/0/6330/attachments/2825?token=esFGg2N_4QUkCtU1tiMztDW4hm2M0GdusSqnOkviQULZsKWy6cHlYSpBrHqloDkjMDORyL7vHp8tCloK_rT_6I4OA4EY19edP5rFzXcDxs3_bvd6rAbKq0BqhoPk7exiwoF-z98H5LJH5jJbe4dDOjffY9Bj9w3g5kWvPrs5PpMeAdY4Rap08W1RrijQW_Ta"
"St. Johns River - Shands Bridge (20030157)","StJohns",2022-11-07,"SJRWMD","No","mixed algae; no dominant species in sample","No","No",,,,,,,,,,,"Anatoxin-a: not detected; Cylindrospermopsin: not detected; Nodularin-R: not detected; Saxitoxins: not detected","Partly cloudy, windy",2022-11-07 15:00:00,29.98163056,-81.62213889,0.304,"https://services1.arcgis.com/nRHtyn3uE1kyzoYc/ArcGIS/rest/services/service_c1026ff3b55f468d9f2edd834cb807f8/FeatureServer/0/6329/attachments/2824?token=esFGg2N_4QUkCtU1tiMztDW4hm2M0GdusSqnOkviQULZsKWy6cHlYSpBrHqloDkjMDORyL7vHp8tCloK_rT_6I4OA4EY19edP5rFzXcDxs3_bvd6rAbKq0BqhoPk7exiwoF-z98H5LJH5jJbe4dDOjffY9Bj9w3g5kWvPrs5PpMeAdY4Rap08W1RrijQW_Ta"
"Lake George - Center (LEO)","Volusia",2022-11-07,"SJRWMD","No","mixed algae; no dominant species in sample","No","No",,,,,,,,,,,"Anatoxin-a: not detected; Cylindrospermopsin: not detected; Nodularin-R: not detected; Saxitoxins: not detected","Cloudy, windy",2022-11-07 14:55:00,29.30830556,-81.60638889,0.301,
"Black Creek - at SR-17","Clay",2022-11-03,"NEROC","Yes","mixed algae; no dominant species in sample","No","No",,,,,,,,,,,"Anatoxin-a: not detected; Cylindrospermopsin: not detected; Nodularin-R: not detected; Saxitoxins: not detected",,2022-11-03 16:40:00,30.0419863,-81.7121455,0.3,"https://services1.arcgis.com/nRHtyn3uE1kyzoYc/ArcGIS/rest/services/service_c1026ff3b55f468d9f2edd834cb807f8/FeatureServer/0/6326/attachments/2821?token=esFGg2N_4QUkCtU1tiMztDW4hm2M0GdusSqnOkviQULZsKWy6cHlYSpBrHqloDkjMDORyL7vHp8tCloK_rT_6I4OA4EY19edP5rFzXcDxs3_bvd6rAbKq0BqhoPk7exiwoF-z98H5LJH5jJbe4dDOjffY9Bj9w3g5kWvPrs5PpMeAdY4Rap08W1RrijQW_Ta"
"Swimming Pen Creek - Whitey's Fish Camp","Clay",2022-11-03,"NEROC","No","mixed algae; no dominant species in sample","No","No",,,,,,,,,,,"Anatoxin-a: not detected; Cylindrospermopsin: not detected; Nodularin-R: not detected; Saxitoxins: not detected",,2022-11-03 15:25:00,30.1010446,-81.7464098,0.3,"https://services1.arcgis.com/nRHtyn3uE1kyzoYc/ArcGIS/rest/services/service_c1026ff3b55f468d9f2edd834cb807f8/FeatureServer/0/6325/attachments/2818?token=esFGg2N_4QUkCtU1tiMztDW4hm2M0GdusSqnOkviQULZsKWy6cHlYSpBrHqloDkjMDORyL7vHp8tCloK_rT_6I4OA4EY19edP5rFzXcDxs3_bvd6rAbKq0BqhoPk7exiwoF-z98H5LJH5jJbe4dDOjffY9Bj9w3g5kWvPrs5PpMeAdY4Rap08W1RrijQW_Ta"
"Doctors Lake - Mill Cove","Clay",2022-11-03,"NEROC","No","mixed algae; no dominant species in sample","No","No",,,,,,,,,,,"Anatoxin-a: not detected; Cylindrospermopsin: not detected; Nodularin-R: not detected; Saxitoxins: not detected","Waters were choppy with high winds.",2022-11-03 14:45:00,30.1248369,-81.7277657,0.3,"https://services1.arcgis.com/nRHtyn3uE1kyzoYc/ArcGIS/rest/services/service_c1026ff3b55f468d9f2edd834cb807f8/FeatureServer/0/6324/attachments/2815?token=esFGg2N_4QUkCtU1tiMztDW4hm2M0GdusSqnOkviQULZsKWy6cHlYSpBrHqloDkjMDORyL7vHp8tCloK_rT_6I4OA4EY19edP5rFzXcDxs3_bvd6rAbKq0BqhoPk7exiwoF-z98H5LJH5jJbe4dDOjffY9Bj9w3g5kWvPrs5PpMeAdY4Rap08W1RrijQW_Ta"
"Doctors Lake - at Camp Echockotee","Clay",2022-11-03,"NEROC","No","mixed algae; no dominant species in sample","No","No",,,,,,,,,,,"Anatoxin-a: not detected; Cylindrospermopsin: not detected; Nodularin-R: not detected; Saxitoxins: not detected","Waters were choppy with high winds.",2022-11-03 14:15:00,30.1502272,-81.7248404,0.3,"https://services1.arcgis.com/nRHtyn3uE1kyzoYc/ArcGIS/rest/services/service_c1026ff3b55f468d9f2edd834cb807f8/FeatureServer/0/6323/attachments/2812?token=esFGg2N_4QUkCtU1tiMztDW4hm2M0GdusSqnOkviQULZsKWy6cHlYSpBrHqloDkjMDORyL7vHp8tCloK_rT_6I4OA4EY19edP5rFzXcDxs3_bvd6rAbKq0BqhoPk7exiwoF-z98H5LJH5jJbe4dDOjffY9Bj9w3g5kWvPrs5PpMeAdY4Rap08W1RrijQW_Ta"
"Starke Lake - Boat Ramp","Orange",2022-11-02,"CEROC","Yes","Dominant taxon: Microcystis aeruginosa","Yes","Yes",0.18,"I (I qualifier indicates that the reported value is between the laboratory method detection limit and the laboratory practical quantitation limit.)",,,,,,,,,"Anatoxin-a: not detected; Cylindrospermopsin: not detected; Nodularin-R: not detected","Cloudy. Water very green with scattered algae streaks on surface and suspended algae in water column",2022-11-02 15:52:00,28.57188,-81.542,0.3,"https://services1.arcgis.com/nRHtyn3uE1kyzoYc/ArcGIS/rest/services/service_c1026ff3b55f468d9f2edd834cb807f8/FeatureServer/0/6319/attachments/2800?token=esFGg2N_4QUkCtU1tiMztDW4hm2M0GdusSqnOkviQULZsKWy6cHlYSpBrHqloDkjMDORyL7vHp8tCloK_rT_6I4OA4EY19edP5rFzXcDxs3_bvd6rAbKq0BqhoPk7exiwoF-z98H5LJH5jJbe4dDOjffY9Bj9w3g5kWvPrs5PpMeAdY4Rap08W1RrijQW_Ta"
"Lake Pearl - Southern Shore ","Orange",2022-11-02,"County","Yes","mixed algae; no dominant species in sample","No","No",,,,,,,,,,,"Anatoxin-a: not detected; Cylindrospermopsin: not detected; Nodularin-R: not detected","Water odors: Sulfur ",2022-11-02 15:32:00,28.54127,-81.53233,0.3,"https://services1.arcgis.com/nRHtyn3uE1kyzoYc/ArcGIS/rest/services/service_c1026ff3b55f468d9f2edd834cb807f8/FeatureServer/0/6321/attachments/2806?token=esFGg2N_4QUkCtU1tiMztDW4hm2M0GdusSqnOkviQULZsKWy6cHlYSpBrHqloDkjMDORyL7vHp8tCloK_rT_6I4OA4EY19edP5rFzXcDxs3_bvd6rAbKq0BqhoPk7exiwoF-z98H5LJH5jJbe4dDOjffY9Bj9w3g5kWvPrs5PpMeAdY4Rap08W1RrijQW_Ta"
"Lake Copeland - SE Corner","Orange",2022-11-02,"CEROC","Yes","mixed algae; no dominant species in sample","No","No",,,,,,,,,,,"Anatoxin-a: not detected; Cylindrospermopsin: not detected; Nodularin-R: not detected","Cloudy. Slight film of possible decaying algae on surface which has decreased since time of report.",2022-11-02 14:54:00,28.526,-81.3738,0.3,"https://services1.arcgis.com/nRHtyn3uE1kyzoYc/ArcGIS/rest/services/service_c1026ff3b55f468d9f2edd834cb807f8/FeatureServer/0/6318/attachments/2797?token=esFGg2N_4QUkCtU1tiMztDW4hm2M0GdusSqnOkviQULZsKWy6cHlYSpBrHqloDkjMDORyL7vHp8tCloK_rT_6I4OA4EY19edP5rFzXcDxs3_bvd6rAbKq0BqhoPk7exiwoF-z98H5LJH5jJbe4dDOjffY9Bj9w3g5kWvPrs5PpMeAdY4Rap08W1RrijQW_Ta"
"Lake Washington - Center (LWC)","Brevard",2022-10-31,"SJRWMD","No","mixed algae; no dominant species in sample","No","No",,,,,,,,,,,"Anatoxin-a: not detected; Cylindrospermopsin: not detected; Nodularin-R: not detected; Saxitoxins: not detected","Clear no rain",2022-10-31 14:34:00,28.142439,-80.746111,0.3,"https://services1.arcgis.com/nRHtyn3uE1kyzoYc/ArcGIS/rest/services/service_c1026ff3b55f468d9f2edd834cb807f8/FeatureServer/0/6314/attachments/2787?token=esFGg2N_4QUkCtU1tiMztDW4hm2M0GdusSqnOkviQULZsKWy6cHlYSpBrHqloDkjMDORyL7vHp8tCloK_rT_6I4OA4EY19edP5rFzXcDxs3_bvd6rAbKq0BqhoPk7exiwoF-z98H5LJH5jJbe4dDOjffY9Bj9w3g5kWvPrs5PpMeAdY4Rap08W1RrijQW_Ta"
"Lake Marian - Pavilion","Osceola",2022-10-31,"SEROC","No","Dominant taxon: Microcystis aeruginosa","Yes","Yes",3.8,,,,,,,,,,"Anatoxin-a: not detected; Cylindrospermopsin: not detected; Nodularin-R: not detected",,2022-10-31 14:15:00,27.8718209685758,-81.0518230777234,0.3,"https://services1.arcgis.com/nRHtyn3uE1kyzoYc/ArcGIS/rest/services/service_c1026ff3b55f468d9f2edd834cb807f8/FeatureServer/0/6313/attachments/2784?token=esFGg2N_4QUkCtU1tiMztDW4hm2M0GdusSqnOkviQULZsKWy6cHlYSpBrHqloDkjMDORyL7vHp8tCloK_rT_6I4OA4EY19edP5rFzXcDxs3_bvd6rAbKq0BqhoPk7exiwoF-z98H5LJH5jJbe4dDOjffY9Bj9w3g5kWvPrs5PpMeAdY4Rap08W1RrijQW_Ta"
"Lake Jesup - Center (OW-CTR)","Seminole",2022-10-27,"SJRWMD","Yes","Co-dominant taxa were: Microcystis aeruginosa and Cylindrospermopsis raciborskii","Yes","No",,,,,,,,,,,"Anatoxin-a: not detected; Cylindrospermopsin: not detected; Nodularin-R: not detected; Saxitoxins: not detected","High water from hurricane",2022-10-27 16:00:00,28.7268,-81.2111,0.3,
"Lake Monroe - Center (LMAC)","Volusia",2022-10-27,"SJRWMD","No","mixed algae; no dominant species in sample","No","No",,,,,,,,,,,"Anatoxin-a: not detected; Cylindrospermopsin: not detected; Nodularin-R: not detected; Saxitoxins: not detected","High water from hurricane",2022-10-27 14:23:00,28.83496,-81.27091,0.3,"https://services1.arcgis.com/nRHtyn3uE1kyzoYc/ArcGIS/rest/services/service_c1026ff3b55f468d9f2edd834cb807f8/FeatureServer/0/6310/attachments/2782?token=esFGg2N_4QUkCtU1tiMztDW4hm2M0GdusSqnOkviQULZsKWy6cHlYSpBrHqloDkjMDORyL7vHp8tCloK_rT_6I4OA4EY19edP5rFzXcDxs3_bvd6rAbKq0BqhoPk7exiwoF-z98H5LJH5jJbe4dDOjffY9Bj9w3g5kWvPrs5PpMeAdY4Rap08W1RrijQW_Ta"
"Violet Lake - 130 Violet Cir","Alachua",2022-10-26,"NEROC","No","mixed algae; no dominant species in sample","No","Yes",,,0.27,"I (I qualifier indicates that the reported value is between the laboratory method detection limit and the laboratory practical quantitation limit.)",,,,,,,"Anatoxin-a: not detected; Cylindrospermopsin: 0.27 I (I qualifier indicates that the reported value is between the laboratory method detection limit and the laboratory practical quantitation limit.); Nodularin-R: not detected; Saxitoxins: not detected",,2022-10-26 16:45:00,29.6525994,-81.8612755,0.3,"https://services1.arcgis.com/nRHtyn3uE1kyzoYc/ArcGIS/rest/services/service_c1026ff3b55f468d9f2edd834cb807f8/FeatureServer/0/6306/attachments/2781?token=esFGg2N_4QUkCtU1tiMztDW4hm2M0GdusSqnOkviQULZsKWy6cHlYSpBrHqloDkjMDORyL7vHp8tCloK_rT_6I4OA4EY19edP5rFzXcDxs3_bvd6rAbKq0BqhoPk7exiwoF-z98H5LJH5jJbe4dDOjffY9Bj9w3g5kWvPrs5PpMeAdY4Rap08W1RrijQW_Ta"
"Lochloosa Lake - Lochloosa Park and Boat Ramp","Alachua",2022-10-26,"NEROC","No","mixed algae; no dominant species in sample","No","Yes",0.25,"I (I qualifier indicates that the reported value is between the laboratory method detection limit and the laboratory practical quantitation limit.)",,,,,,,,,"Anatoxin-a: not detected; Cylindrospermopsin: not detected; Nodularin-R: not detected; Saxitoxins: not detected",,2022-10-26 15:50:00,29.5053464,-82.1035266,0.3,"https://services1.arcgis.com/nRHtyn3uE1kyzoYc/ArcGIS/rest/services/service_c1026ff3b55f468d9f2edd834cb807f8/FeatureServer/0/6305/attachments/2780?token=esFGg2N_4QUkCtU1tiMztDW4hm2M0GdusSqnOkviQULZsKWy6cHlYSpBrHqloDkjMDORyL7vHp8tCloK_rT_6I4OA4EY19edP5rFzXcDxs3_bvd6rAbKq0BqhoPk7exiwoF-z98H5LJH5jJbe4dDOjffY9Bj9w3g5kWvPrs5PpMeAdY4Rap08W1RrijQW_Ta"
"183rd Ave Canal - off Cross Creek","Alachua",2022-10-26,"NEROC","No","mixed algae; no dominant species in sample","No","No",,,,,,,,,,,"Anatoxin-a: not detected; Cylindrospermopsin: not detected; Nodularin-R: not detected; Saxitoxins: not detected","Vegetation",2022-10-26 15:15:00,29.4850456,-82.163571,0.3,"https://services1.arcgis.com/nRHtyn3uE1kyzoYc/ArcGIS/rest/services/service_c1026ff3b55f468d9f2edd834cb807f8/FeatureServer/0/6304/attachments/2779?token=esFGg2N_4QUkCtU1tiMztDW4hm2M0GdusSqnOkviQULZsKWy6cHlYSpBrHqloDkjMDORyL7vHp8tCloK_rT_6I4OA4EY19edP5rFzXcDxs3_bvd6rAbKq0BqhoPk7exiwoF-z98H5LJH5jJbe4dDOjffY9Bj9w3g5kWvPrs5PpMeAdY4Rap08W1RrijQW_Ta"
"Lochloosa Lake - entrance to Cross Creek","Alachua",2022-10-26,"NEROC","No","Dominant taxon: Microcystis aeruginosa","Yes","No",,,,,,,,,,,"Anatoxin-a: not detected; Cylindrospermopsin: not detected; Nodularin-R: not detected; Saxitoxins: not detected",,2022-10-26 14:40:00,29.5074658,-82.1495485,0.3,"https://services1.arcgis.com/nRHtyn3uE1kyzoYc/ArcGIS/rest/services/service_c1026ff3b55f468d9f2edd834cb807f8/FeatureServer/0/6303/attachments/2778?token=esFGg2N_4QUkCtU1tiMztDW4hm2M0GdusSqnOkviQULZsKWy6cHlYSpBrHqloDkjMDORyL7vHp8tCloK_rT_6I4OA4EY19edP5rFzXcDxs3_bvd6rAbKq0BqhoPk7exiwoF-z98H5LJH5jJbe4dDOjffY9Bj9w3g5kWvPrs5PpMeAdY4Rap08W1RrijQW_Ta"
"Lochloosa Lake - NE in Veg","Alachua",2022-10-26,"NEROC","No","Dominant taxon: Microcystis aeruginosa","Yes","Yes",0.25,"I (I qualifier indicates that the reported value is between the laboratory method detection limit and the laboratory practical quantitation limit.)",,,,,,,,,"Anatoxin-a: not detected; Cylindrospermopsin: not detected; Nodularin-R: not detected; Saxitoxins: not detected",,2022-10-26 14:10:00,29.5448977,-82.122293,0.3,"https://services1.arcgis.com/nRHtyn3uE1kyzoYc/ArcGIS/rest/services/service_c1026ff3b55f468d9f2edd834cb807f8/FeatureServer/0/6308/attachments/2790?token=esFGg2N_4QUkCtU1tiMztDW4hm2M0GdusSqnOkviQULZsKWy6cHlYSpBrHqloDkjMDORyL7vHp8tCloK_rT_6I4OA4EY19edP5rFzXcDxs3_bvd6rAbKq0BqhoPk7exiwoF-z98H5LJH5jJbe4dDOjffY9Bj9w3g5kWvPrs5PpMeAdY4Rap08W1RrijQW_Ta"
"St. Johns River - Mandarin Point (MP72)","Duval",2022-10-25,"SJRWMD","Yes","mixed algae; no dominant species in sample","No","No",,,,,,,,,,,"Anatoxin-a: not detected; Cylindrospermopsin: not detected; Nodularin-R: not detected; Saxitoxins: not detected",,2022-10-25 16:11:00,30.15666667,-81.68388889,0.292,
"Doctors Lake - Center (DTL)","Clay",2022-10-25,"SJRWMD","No","mixed algae; no dominant species in sample","No","No",,,,,,,,,,,"Anatoxin-a: not detected; Cylindrospermopsin: not detected; Nodularin-R: not detected; Saxitoxins: not detected",,2022-10-25 15:38:00,30.13805556,-81.72722222,0.313,
"St. Johns River - Shands Bridge (20030157)","StJohns",2022-10-25,"SJRWMD","Yes","Dominant taxon: Microcystis aeruginosa","Yes","No",,,,,,,,,,,"Anatoxin-a: not detected; Cylindrospermopsin: not detected; Nodularin-R: not detected; Saxitoxins: not detected",,2022-10-25 14:25:00,29.98163056,-81.62213889,0.294,
"Blue Cypress Lake - Center (BCL)","IndianRiver",2022-10-25,"SJRWMD","No","mixed algae; no dominant species in sample","No","No",,,,,,,,,,,"Anatoxin-a: not detected; Cylindrospermopsin: not detected; Nodularin-R: not detected; Saxitoxins: not detected",,2022-10-25 14:01:00,27.72644555,-80.75351512,0.301,"https://services1.arcgis.com/nRHtyn3uE1kyzoYc/ArcGIS/rest/services/service_c1026ff3b55f468d9f2edd834cb807f8/FeatureServer/0/6298/attachments/2775?token=esFGg2N_4QUkCtU1tiMztDW4hm2M0GdusSqnOkviQULZsKWy6cHlYSpBrHqloDkjMDORyL7vHp8tCloK_rT_6I4OA4EY19edP5rFzXcDxs3_bvd6rAbKq0BqhoPk7exiwoF-z98H5LJH5jJbe4dDOjffY9Bj9w3g5kWvPrs5PpMeAdY4Rap08W1RrijQW_Ta"
"Crescent Lake - mouth of Dunns Creek (CRESLM)","Putnam",2022-10-24,"SJRWMD","No","mixed algae; no dominant species in sample","No","No",,,,,,,,,,,"Anatoxin-a: not detected; Cylindrospermopsin: not detected; Nodularin-R: not detected; Saxitoxins: not detected","Partly cloudy, cool",2022-10-24 14:03:00,29.52955556,-81.55372222,0.312,"https://services1.arcgis.com/nRHtyn3uE1kyzoYc/ArcGIS/rest/services/service_c1026ff3b55f468d9f2edd834cb807f8/FeatureServer/0/6294/attachments/2772?token=esFGg2N_4QUkCtU1tiMztDW4hm2M0GdusSqnOkviQULZsKWy6cHlYSpBrHqloDkjMDORyL7vHp8tCloK_rT_6I4OA4EY19edP5rFzXcDxs3_bvd6rAbKq0BqhoPk7exiwoF-z98H5LJH5jJbe4dDOjffY9Bj9w3g5kWvPrs5PpMeAdY4Rap08W1RrijQW_Ta"
"Stick Marsh - North (STKM)","IndianRiver",2022-10-24,"SJRWMD","No","mixed algae; no dominant species in sample","No","No",,,,,,,,,,,"Anatoxin-a: not detected; Cylindrospermopsin: not detected; Nodularin-R: not detected; Saxitoxins: not detected",,2022-10-24 13:42:00,27.81065,-80.724854,0.6,"https://services1.arcgis.com/nRHtyn3uE1kyzoYc/ArcGIS/rest/services/service_c1026ff3b55f468d9f2edd834cb807f8/FeatureServer/0/6295/attachments/2773?token=esFGg2N_4QUkCtU1tiMztDW4hm2M0GdusSqnOkviQULZsKWy6cHlYSpBrHqloDkjMDORyL7vHp8tCloK_rT_6I4OA4EY19edP5rFzXcDxs3_bvd6rAbKq0BqhoPk7exiwoF-z98H5LJH5jJbe4dDOjffY9Bj9w3g5kWvPrs5PpMeAdY4Rap08W1RrijQW_Ta"
"Lake George - Center (LEO)","Volusia",2022-10-24,"SJRWMD","No","mixed algae; no dominant species in sample","No","No",,,,,,,,,,,"Anatoxin-a: not detected; Cylindrospermopsin: not detected; Nodularin-R: not detected; Saxitoxins: not detected","Overcast cool",2022-10-24 13:41:00,29.30830556,-81.60638889,0.294,"https://services1.arcgis.com/nRHtyn3uE1kyzoYc/ArcGIS/rest/services/service_c1026ff3b55f468d9f2edd834cb807f8/FeatureServer/0/6292/attachments/2768?token=esFGg2N_4QUkCtU1tiMztDW4hm2M0GdusSqnOkviQULZsKWy6cHlYSpBrHqloDkjMDORyL7vHp8tCloK_rT_6I4OA4EY19edP5rFzXcDxs3_bvd6rAbKq0BqhoPk7exiwoF-z98H5LJH5jJbe4dDOjffY9Bj9w3g5kWvPrs5PpMeAdY4Rap08W1RrijQW_Ta"
"Lake Speer - NW Lobe","Orange",2022-10-19,"County","Yes","Dominant taxon: Microcystis aeruginosa","Yes","Yes",1.2,,,,,,,,,,"Anatoxin-a: not detected; Cylindrospermopsin: not detected; Nodularin-R: not detected",,2022-10-19 15:27:00,28.483104,-81.602176,0.3,"https://services1.arcgis.com/nRHtyn3uE1kyzoYc/ArcGIS/rest/services/service_c1026ff3b55f468d9f2edd834cb807f8/FeatureServer/0/6290/attachments/2762?token=esFGg2N_4QUkCtU1tiMztDW4hm2M0GdusSqnOkviQULZsKWy6cHlYSpBrHqloDkjMDORyL7vHp8tCloK_rT_6I4OA4EY19edP5rFzXcDxs3_bvd6rAbKq0BqhoPk7exiwoF-z98H5LJH5jJbe4dDOjffY9Bj9w3g5kWvPrs5PpMeAdY4Rap08W1RrijQW_Ta"
"Lake Marian - Pavilion","Osceola",2022-10-19,"SEROC","No","Dominant taxon: Microcystis aeruginosa","Yes","Yes",4.2,,,,,,,,,,"Anatoxin-a: not detected; Cylindrospermopsin: not detected; Nodularin-R: not detected",,2022-10-19 15:00:00,27.8718154784292,-81.051829867065,0.3,"https://services1.arcgis.com/nRHtyn3uE1kyzoYc/ArcGIS/rest/services/service_c1026ff3b55f468d9f2edd834cb807f8/FeatureServer/0/6276/attachments/2759?token=esFGg2N_4QUkCtU1tiMztDW4hm2M0GdusSqnOkviQULZsKWy6cHlYSpBrHqloDkjMDORyL7vHp8tCloK_rT_6I4OA4EY19edP5rFzXcDxs3_bvd6rAbKq0BqhoPk7exiwoF-z98H5LJH5jJbe4dDOjffY9Bj9w3g5kWvPrs5PpMeAdY4Rap08W1RrijQW_Ta"
"Lake Washington - Center (LWC)","Brevard",2022-10-17,"SJRWMD","No","mixed algae; no dominant species in sample","No","No",,,,,,,,,,,"Anatoxin-a: not detected; Cylindrospermopsin: not detected; Nodularin-R: not detected; Saxitoxins: not detected","No rain",2022-10-17 12:37:00,28.142439,-80.746111,0.303,"https://services1.arcgis.com/nRHtyn3uE1kyzoYc/ArcGIS/rest/services/service_c1026ff3b55f468d9f2edd834cb807f8/FeatureServer/0/6260/attachments/2757?token=esFGg2N_4QUkCtU1tiMztDW4hm2M0GdusSqnOkviQULZsKWy6cHlYSpBrHqloDkjMDORyL7vHp8tCloK_rT_6I4OA4EY19edP5rFzXcDxs3_bvd6rAbKq0BqhoPk7exiwoF-z98H5LJH5jJbe4dDOjffY9Bj9w3g5kWvPrs5PpMeAdY4Rap08W1RrijQW_Ta"
"Sawgrass Lake - from CWC dock","Lake",2022-10-13,"CEROC","Yes","Dominant taxon: Microcystis aeruginosa","Yes","Yes",0.25,"I (I qualifier indicates that the reported value is between the laboratory method detection limit and the laboratory practical quantitation limit.)",,,,,,,,,"Anatoxin-a: not detected; Cylindrospermopsin: not detected; Nodularin-R: not detected","Mid 80s overcast",2022-10-13 17:32:00,28.4336539451033,-81.6891637165099,0.3,"https://services1.arcgis.com/nRHtyn3uE1kyzoYc/ArcGIS/rest/services/service_c1026ff3b55f468d9f2edd834cb807f8/FeatureServer/0/6254/attachments/2752?token=esFGg2N_4QUkCtU1tiMztDW4hm2M0GdusSqnOkviQULZsKWy6cHlYSpBrHqloDkjMDORyL7vHp8tCloK_rT_6I4OA4EY19edP5rFzXcDxs3_bvd6rAbKq0BqhoPk7exiwoF-z98H5LJH5jJbe4dDOjffY9Bj9w3g5kWvPrs5PpMeAdY4Rap08W1RrijQW_Ta"
"St. Johns River - Shands Bridge (20030157)","StJohns",2022-10-13,"SJRWMD","No","Dominant taxon: Microcystis aeruginosa","Yes","No",,,,,,,,,,,"Anatoxin-a: not detected; Cylindrospermopsin: not detected; Nodularin-R: not detected; Saxitoxins: not detected","Cloudy, cool",2022-10-13 16:33:00,29.98163056,-81.62213889,0.305,"https://services1.arcgis.com/nRHtyn3uE1kyzoYc/ArcGIS/rest/services/service_c1026ff3b55f468d9f2edd834cb807f8/FeatureServer/0/6251/attachments/2748?token=esFGg2N_4QUkCtU1tiMztDW4hm2M0GdusSqnOkviQULZsKWy6cHlYSpBrHqloDkjMDORyL7vHp8tCloK_rT_6I4OA4EY19edP5rFzXcDxs3_bvd6rAbKq0BqhoPk7exiwoF-z98H5LJH5jJbe4dDOjffY9Bj9w3g5kWvPrs5PpMeAdY4Rap08W1RrijQW_Ta"
"Fish Lake - Sexton Park","Osceola",2022-10-13,"CEROC","Yes","mixed algae; no dominant species in sample","No","No",,,,,,,,,,,"Anatoxin-a: not detected; Cylindrospermopsin: not detected; Nodularin-R: not detected","80s overcast",2022-10-13 15:16:00,28.272286131978,-81.3396929204464,0.2,"https://services1.arcgis.com/nRHtyn3uE1kyzoYc/ArcGIS/rest/services/service_c1026ff3b55f468d9f2edd834cb807f8/FeatureServer/0/6255/attachments/2754?token=esFGg2N_4QUkCtU1tiMztDW4hm2M0GdusSqnOkviQULZsKWy6cHlYSpBrHqloDkjMDORyL7vHp8tCloK_rT_6I4OA4EY19edP5rFzXcDxs3_bvd6rAbKq0BqhoPk7exiwoF-z98H5LJH5jJbe4dDOjffY9Bj9w3g5kWvPrs5PpMeAdY4Rap08W1RrijQW_Ta"
"Doctors Lake - Center (DTL)","Clay",2022-10-13,"SJRWMD","Yes","mixed algae; no dominant species in sample","No","No",,,,,,,,,,,"Anatoxin-a: not detected; Cylindrospermopsin: not detected; Nodularin-R: not detected; Saxitoxins: not detected","Partly cloudy",2022-10-13 14:12:00,30.13805556,-81.72722222,0.303,"https://services1.arcgis.com/nRHtyn3uE1kyzoYc/ArcGIS/rest/services/service_c1026ff3b55f468d9f2edd834cb807f8/FeatureServer/0/6252/attachments/2749?token=esFGg2N_4QUkCtU1tiMztDW4hm2M0GdusSqnOkviQULZsKWy6cHlYSpBrHqloDkjMDORyL7vHp8tCloK_rT_6I4OA4EY19edP5rFzXcDxs3_bvd6rAbKq0BqhoPk7exiwoF-z98H5LJH5jJbe4dDOjffY9Bj9w3g5kWvPrs5PpMeAdY4Rap08W1RrijQW_Ta"
"St. Johns River - Mandarin Point (MP72)","Duval",2022-10-13,"SJRWMD","No","Dominant taxon: Microcystis aeruginosa","Yes","No",,,,,,,,,,,"Anatoxin-a: not detected; Cylindrospermopsin: not detected; Nodularin-R: not detected; Saxitoxins: not detected","Overcast, cool",2022-10-13 13:42:00,30.15666667,-81.68388889,0.31,"https://services1.arcgis.com/nRHtyn3uE1kyzoYc/ArcGIS/rest/services/service_c1026ff3b55f468d9f2edd834cb807f8/FeatureServer/0/6253/attachments/2750?token=esFGg2N_4QUkCtU1tiMztDW4hm2M0GdusSqnOkviQULZsKWy6cHlYSpBrHqloDkjMDORyL7vHp8tCloK_rT_6I4OA4EY19edP5rFzXcDxs3_bvd6rAbKq0BqhoPk7exiwoF-z98H5LJH5jJbe4dDOjffY9Bj9w3g5kWvPrs5PpMeAdY4Rap08W1RrijQW_Ta"
"Stick Marsh - North (STKM)","IndianRiver",2022-10-12,"SJRWMD","No","mixed algae; no dominant species in sample","No","No",,,,,,,,,,,"Anatoxin-a: not detected; Cylindrospermopsin: not detected; Nodularin-R: not detected; Saxitoxins: not detected","No rain",2022-10-12 15:04:00,27.81065,-80.724854,0.309,"https://services1.arcgis.com/nRHtyn3uE1kyzoYc/ArcGIS/rest/services/service_c1026ff3b55f468d9f2edd834cb807f8/FeatureServer/0/6246/attachments/2734?token=esFGg2N_4QUkCtU1tiMztDW4hm2M0GdusSqnOkviQULZsKWy6cHlYSpBrHqloDkjMDORyL7vHp8tCloK_rT_6I4OA4EY19edP5rFzXcDxs3_bvd6rAbKq0BqhoPk7exiwoF-z98H5LJH5jJbe4dDOjffY9Bj9w3g5kWvPrs5PpMeAdY4Rap08W1RrijQW_Ta"
"Blue Cypress Lake - Center (BCL)","IndianRiver",2022-10-12,"SJRWMD","No","mixed algae; no dominant species in sample","No","No",,,,,,,,,,,"Anatoxin-a: not detected; Cylindrospermopsin: not detected; Nodularin-R: not detected; Saxitoxins: not detected","No rain",2022-10-12 13:21:00,27.7266,-80.7536,0.308,"https://services1.arcgis.com/nRHtyn3uE1kyzoYc/ArcGIS/rest/services/service_c1026ff3b55f468d9f2edd834cb807f8/FeatureServer/0/6245/attachments/2732?token=esFGg2N_4QUkCtU1tiMztDW4hm2M0GdusSqnOkviQULZsKWy6cHlYSpBrHqloDkjMDORyL7vHp8tCloK_rT_6I4OA4EY19edP5rFzXcDxs3_bvd6rAbKq0BqhoPk7exiwoF-z98H5LJH5jJbe4dDOjffY9Bj9w3g5kWvPrs5PpMeAdY4Rap08W1RrijQW_Ta"
"Blackwater Creek - S of Lake Norris","Lake",2022-10-11,"CEROC","No","mixed algae; no dominant species in sample","No","No",,,,,,,,,,,"Anatoxin-a: not detected; Cylindrospermopsin: not detected; Nodularin-R: not detected","Sunny. No bloom observed. Kayakers confirmed no bloom visible today along stream to Lake Norris.",2022-10-11 16:52:00,28.914397,-81.544392,0.25,"https://services1.arcgis.com/nRHtyn3uE1kyzoYc/ArcGIS/rest/services/service_c1026ff3b55f468d9f2edd834cb807f8/FeatureServer/0/6243/attachments/2729?token=esFGg2N_4QUkCtU1tiMztDW4hm2M0GdusSqnOkviQULZsKWy6cHlYSpBrHqloDkjMDORyL7vHp8tCloK_rT_6I4OA4EY19edP5rFzXcDxs3_bvd6rAbKq0BqhoPk7exiwoF-z98H5LJH5jJbe4dDOjffY9Bj9w3g5kWvPrs5PpMeAdY4Rap08W1RrijQW_Ta"
"Lake Crescent - NE shoreline dock","Orange",2022-10-11,"CEROC","No","Dominant taxon: Microcystis aeruginosa","Yes","No",,,,,,,,,,,"Anatoxin-a: not detected; Cylindrospermopsin: not detected; Nodularin-R: not detected","A few tiny specks of blue-green algae, localized in one spot. Overall lake was very clear.",2022-10-11 16:29:00,28.512498,-81.559512,0.3,
"Lake Apopka - .25 miles N of Newton Park","Orange",2022-10-11,"CEROC","Yes","Co-dominant taxa were: Microcystis aeruginosa and Planktolyngbya microspira","Yes","No",,,,,,,,,,,"Anatoxin-a: not detected; Cylindrospermopsin: not detected; Nodularin-R: not detected",,2022-10-11 15:40:00,28.57946,-81.591147,0.3,
"Lake George - Center (LEO)","Volusia",2022-10-10,"SJRWMD","No","mixed algae; no dominant species in sample","No","No",,,,,,,,,,,"Anatoxin-a: not detected; Cylindrospermopsin: not detected; Nodularin-R: not detected; Saxitoxins: not detected",,2022-10-10 15:09:00,29.30830556,-81.60638889,0.298,"https://services1.arcgis.com/nRHtyn3uE1kyzoYc/ArcGIS/rest/services/service_c1026ff3b55f468d9f2edd834cb807f8/FeatureServer/0/6237/attachments/2725?token=esFGg2N_4QUkCtU1tiMztDW4hm2M0GdusSqnOkviQULZsKWy6cHlYSpBrHqloDkjMDORyL7vHp8tCloK_rT_6I4OA4EY19edP5rFzXcDxs3_bvd6rAbKq0BqhoPk7exiwoF-z98H5LJH5jJbe4dDOjffY9Bj9w3g5kWvPrs5PpMeAdY4Rap08W1RrijQW_Ta"
"Crescent Lake - mouth of Dunns Creek (CRESLM)","Putnam",2022-10-10,"SJRWMD","Yes","Dominant taxon: Microcystis aeruginosa","Yes","Yes",,,0.13,"I (I qualifier indicates that the reported value is between the laboratory method detection limit and the laboratory practical quantitation limit.)",,,,,,,"Anatoxin-a: not detected; Cylindrospermopsin: 0.13 I (I qualifier indicates that the reported value is between the laboratory method detection limit and the laboratory practical quantitation limit.); Nodularin-R: not detected; Saxitoxins: not detected","Sunny, cloudy",2022-10-10 13:58:00,29.52955556,-81.55372222,0.304,
"Swimming Pen Creek - Whitey's Fish Camp","Clay",2022-10-06,"NEROC","No","mixed algae; no dominant species in sample","No","No",,,,,,,,,,,"Anatoxin-a: not detected; Cylindrospermopsin: not detected; Nodularin-R: not detected; Saxitoxins: not detected",,2022-10-06 17:10:00,30.1010941,-81.746445,0.3,"https://services1.arcgis.com/nRHtyn3uE1kyzoYc/ArcGIS/rest/services/service_c1026ff3b55f468d9f2edd834cb807f8/FeatureServer/0/6234/attachments/2722?token=esFGg2N_4QUkCtU1tiMztDW4hm2M0GdusSqnOkviQULZsKWy6cHlYSpBrHqloDkjMDORyL7vHp8tCloK_rT_6I4OA4EY19edP5rFzXcDxs3_bvd6rAbKq0BqhoPk7exiwoF-z98H5LJH5jJbe4dDOjffY9Bj9w3g5kWvPrs5PpMeAdY4Rap08W1RrijQW_Ta"
"Doctors Lake - Mill Cove","Clay",2022-10-06,"NEROC","No","Dominant taxon: Microcystis aeruginosa","Yes","No",,,,,,,,,,,"Anatoxin-a: not detected; Cylindrospermopsin: not detected; Nodularin-R: not detected; Saxitoxins: not detected",,2022-10-06 16:30:00,30.124389,-81.7277438,0.3,"https://services1.arcgis.com/nRHtyn3uE1kyzoYc/ArcGIS/rest/services/service_c1026ff3b55f468d9f2edd834cb807f8/FeatureServer/0/6233/attachments/2719?token=esFGg2N_4QUkCtU1tiMztDW4hm2M0GdusSqnOkviQULZsKWy6cHlYSpBrHqloDkjMDORyL7vHp8tCloK_rT_6I4OA4EY19edP5rFzXcDxs3_bvd6rAbKq0BqhoPk7exiwoF-z98H5LJH5jJbe4dDOjffY9Bj9w3g5kWvPrs5PpMeAdY4Rap08W1RrijQW_Ta"
"Doctors Lake - end of Lawrence Rd","Clay",2022-10-06,"NEROC","No","mixed algae; no dominant species in sample","No","No",,,,,,,,,,,"Anatoxin-a: not detected; Cylindrospermopsin: not detected; Nodularin-R: not detected; Saxitoxins: not detected",,2022-10-06 16:15:00,30.1294067,-81.7513462,0.3,"https://services1.arcgis.com/nRHtyn3uE1kyzoYc/ArcGIS/rest/services/service_c1026ff3b55f468d9f2edd834cb807f8/FeatureServer/0/6232/attachments/2716?token=esFGg2N_4QUkCtU1tiMztDW4hm2M0GdusSqnOkviQULZsKWy6cHlYSpBrHqloDkjMDORyL7vHp8tCloK_rT_6I4OA4EY19edP5rFzXcDxs3_bvd6rAbKq0BqhoPk7exiwoF-z98H5LJH5jJbe4dDOjffY9Bj9w3g5kWvPrs5PpMeAdY4Rap08W1RrijQW_Ta"
"Doctors Lake - at Camp Echockotee","Clay",2022-10-06,"NEROC","No","mixed algae; no dominant species in sample","No","No",,,,,,,,,,,"Anatoxin-a: not detected; Cylindrospermopsin: not detected; Nodularin-R: not detected; Saxitoxins: not detected",,2022-10-06 15:50:00,30.1505292,-81.7247066,0.3,"https://services1.arcgis.com/nRHtyn3uE1kyzoYc/ArcGIS/rest/services/service_c1026ff3b55f468d9f2edd834cb807f8/FeatureServer/0/6231/attachments/2713?token=esFGg2N_4QUkCtU1tiMztDW4hm2M0GdusSqnOkviQULZsKWy6cHlYSpBrHqloDkjMDORyL7vHp8tCloK_rT_6I4OA4EY19edP5rFzXcDxs3_bvd6rAbKq0BqhoPk7exiwoF-z98H5LJH5jJbe4dDOjffY9Bj9w3g5kWvPrs5PpMeAdY4Rap08W1RrijQW_Ta"
"Black Creek - Black Creek Park and Trail","Clay",2022-10-06,"NEROC","Yes","Dominant taxon: Microcystis aeruginosa","Yes","Yes",,,0.1,"I (I qualifier indicates that the reported value is between the laboratory method detection limit and the laboratory practical quantitation limit.)",,,,,,,"Anatoxin-a: not detected; Cylindrospermopsin: 0.10 I (I qualifier indicates that the reported value is between the laboratory method detection limit and the laboratory practical quantitation limit.); Nodularin-R: not detected; Saxitoxins: not detected","Clear, sunny sky conditions.",2022-10-06 14:55:00,30.0454553,-81.7123137,0.3,"https://services1.arcgis.com/nRHtyn3uE1kyzoYc/ArcGIS/rest/services/service_c1026ff3b55f468d9f2edd834cb807f8/FeatureServer/0/6230/attachments/2710?token=esFGg2N_4QUkCtU1tiMztDW4hm2M0GdusSqnOkviQULZsKWy6cHlYSpBrHqloDkjMDORyL7vHp8tCloK_rT_6I4OA4EY19edP5rFzXcDxs3_bvd6rAbKq0BqhoPk7exiwoF-z98H5LJH5jJbe4dDOjffY9Bj9w3g5kWvPrs5PpMeAdY4Rap08W1RrijQW_Ta"
"St. Johns River - 2930 SR 13","StJohns",2022-10-06,"NEROC","Yes","Dominant taxon: Microcystis aeruginosa","Yes","No",,,,,,,,,,,"Anatoxin-a: not detected; Cylindrospermopsin: not detected; Nodularin-R: not detected; Saxitoxins: not detected","Clear sky, sunny conitions.",2022-10-06 13:48:00,30.0502779,-81.6695605,0.3,"https://services1.arcgis.com/nRHtyn3uE1kyzoYc/ArcGIS/rest/services/service_c1026ff3b55f468d9f2edd834cb807f8/FeatureServer/0/6229/attachments/2707?token=esFGg2N_4QUkCtU1tiMztDW4hm2M0GdusSqnOkviQULZsKWy6cHlYSpBrHqloDkjMDORyL7vHp8tCloK_rT_6I4OA4EY19edP5rFzXcDxs3_bvd6rAbKq0BqhoPk7exiwoF-z98H5LJH5jJbe4dDOjffY9Bj9w3g5kWvPrs5PpMeAdY4Rap08W1RrijQW_Ta"
"Lake Marian - Pavilion","Osceola",2022-10-04,"SEROC","No","mixed algae; no dominant species in sample","No","Yes",2.2,,,,,,,,,,"Anatoxin-a: not detected; Cylindrospermopsin: not detected; Nodularin-R: not detected",,2022-10-04 18:30:00,27.8717971,-81.0518223,0.3,"https://services1.arcgis.com/nRHtyn3uE1kyzoYc/ArcGIS/rest/services/service_c1026ff3b55f468d9f2edd834cb807f8/FeatureServer/0/6207/attachments/2698?token=esFGg2N_4QUkCtU1tiMztDW4hm2M0GdusSqnOkviQULZsKWy6cHlYSpBrHqloDkjMDORyL7vHp8tCloK_rT_6I4OA4EY19edP5rFzXcDxs3_bvd6rAbKq0BqhoPk7exiwoF-z98H5LJH5jJbe4dDOjffY9Bj9w3g5kWvPrs5PpMeAdY4Rap08W1RrijQW_Ta"
"St. Johns River - Shands Bridge (20030157)","StJohns",2022-10-03,"SJRWMD","No","Dominant taxon: Microcystis aeruginosa","Yes","Yes",,,0.11,"I (I qualifier indicates that the reported value is between the laboratory method detection limit and the laboratory practical quantitation limit.)",,,,,,,"Anatoxin-a: not detected; Cylindrospermopsin: 0.11 I (I qualifier indicates that the reported value is between the laboratory method detection limit and the laboratory practical quantitation limit.); Nodularin-R: not detected; Saxitoxins: not detected","Partly cloudy, windy, cool",2022-10-03 16:37:00,29.98163056,-81.62213889,0.322,"https://services1.arcgis.com/nRHtyn3uE1kyzoYc/ArcGIS/rest/services/service_c1026ff3b55f468d9f2edd834cb807f8/FeatureServer/0/6189/attachments/2696?token=esFGg2N_4QUkCtU1tiMztDW4hm2M0GdusSqnOkviQULZsKWy6cHlYSpBrHqloDkjMDORyL7vHp8tCloK_rT_6I4OA4EY19edP5rFzXcDxs3_bvd6rAbKq0BqhoPk7exiwoF-z98H5LJH5jJbe4dDOjffY9Bj9w3g5kWvPrs5PpMeAdY4Rap08W1RrijQW_Ta"
"Doctors Lake - Center (DTL)","Clay",2022-10-03,"SJRWMD","No","Dominant taxon: Microcystis aeruginosa","Yes","No",,,,,,,,,,,"Anatoxin-a: not detected; Cylindrospermopsin: not detected; Nodularin-R: not detected; Saxitoxins: not detected",,2022-10-03 14:28:00,30.13805556,-81.72722222,0.305,"https://services1.arcgis.com/nRHtyn3uE1kyzoYc/ArcGIS/rest/services/service_c1026ff3b55f468d9f2edd834cb807f8/FeatureServer/0/6188/attachments/2695?token=esFGg2N_4QUkCtU1tiMztDW4hm2M0GdusSqnOkviQULZsKWy6cHlYSpBrHqloDkjMDORyL7vHp8tCloK_rT_6I4OA4EY19edP5rFzXcDxs3_bvd6rAbKq0BqhoPk7exiwoF-z98H5LJH5jJbe4dDOjffY9Bj9w3g5kWvPrs5PpMeAdY4Rap08W1RrijQW_Ta"
"St. Johns River - Mandarin Point (MP72)","Duval",2022-10-03,"SJRWMD","No","mixed algae; no dominant species in sample","No","Yes",,,0.11,"I (I qualifier indicates that the reported value is between the laboratory method detection limit and the laboratory practical quantitation limit.)",,,,,,,"Anatoxin-a: not detected; Cylindrospermopsin: 0.11 I (I qualifier indicates that the reported value is between the laboratory method detection limit and the laboratory practical quantitation limit.); Nodularin-R: not detected; Saxitoxins: not detected",,2022-10-03 14:05:00,30.15666667,-81.68388889,0.307,"https://services1.arcgis.com/nRHtyn3uE1kyzoYc/ArcGIS/rest/services/service_c1026ff3b55f468d9f2edd834cb807f8/FeatureServer/0/6187/attachments/2694?token=esFGg2N_4QUkCtU1tiMztDW4hm2M0GdusSqnOkviQULZsKWy6cHlYSpBrHqloDkjMDORyL7vHp8tCloK_rT_6I4OA4EY19edP5rFzXcDxs3_bvd6rAbKq0BqhoPk7exiwoF-z98H5LJH5jJbe4dDOjffY9Bj9w3g5kWvPrs5PpMeAdY4Rap08W1RrijQW_Ta"
"Lake Washington - Center (LWC)","Brevard",2022-10-03,"SJRWMD","No","mixed algae; no dominant species in sample","No","No",,,,,,,,,,,"Anatoxin-a: not detected; Cylindrospermopsin: not detected; Nodularin-R: not detected; Saxitoxins: not detected","Clear weather HAB routine sample no bloom observed",2022-10-03 13:28:00,28.142439,-80.746111,0.304,"https://services1.arcgis.com/nRHtyn3uE1kyzoYc/ArcGIS/rest/services/service_c1026ff3b55f468d9f2edd834cb807f8/FeatureServer/0/6194/attachments/2697?token=esFGg2N_4QUkCtU1tiMztDW4hm2M0GdusSqnOkviQULZsKWy6cHlYSpBrHqloDkjMDORyL7vHp8tCloK_rT_6I4OA4EY19edP5rFzXcDxs3_bvd6rAbKq0BqhoPk7exiwoF-z98H5LJH5jJbe4dDOjffY9Bj9w3g5kWvPrs5PpMeAdY4Rap08W1RrijQW_Ta"
"Lake Monroe - Center (LMAC)","Volusia",2022-09-27,"SJRWMD","No","mixed algae; no dominant species in sample","No","No",,,,,,,,,,,"Anatoxin-a: not detected; Cylindrospermopsin: not detected; Nodularin-R: not detected; Saxitoxins: not detected","Overcast",2022-09-27 13:21:00,28.83496,-81.27091,0.3,
"Crescent Lake - mouth of Dunns Creek (CRESLM)","Putnam",2022-09-27,"SJRWMD","No","Dominant taxon: Microcystis aeruginosa","Yes","Yes",,,0.11,"I (I qualifier indicates that the reported value is between the laboratory method detection limit and the laboratory practical quantitation limit.)",,,,,,,"Anatoxin-a: not detected; Cylindrospermopsin: 0.11 I (I qualifier indicates that the reported value is between the laboratory method detection limit and the laboratory practical quantitation limit.); Nodularin-R: not detected; Saxitoxins: not detected",,2022-09-27 12:37:00,29.52955556,-81.55372222,0.305,"https://services1.arcgis.com/nRHtyn3uE1kyzoYc/ArcGIS/rest/services/service_c1026ff3b55f468d9f2edd834cb807f8/FeatureServer/0/6183/attachments/2693?token=esFGg2N_4QUkCtU1tiMztDW4hm2M0GdusSqnOkviQULZsKWy6cHlYSpBrHqloDkjMDORyL7vHp8tCloK_rT_6I4OA4EY19edP5rFzXcDxs3_bvd6rAbKq0BqhoPk7exiwoF-z98H5LJH5jJbe4dDOjffY9Bj9w3g5kWvPrs5PpMeAdY4Rap08W1RrijQW_Ta"
"Violet Lake - 130 Violet Cir","Putnam",2022-09-26,"NEROC","Yes","mixed algae; no dominant species in sample","No","Yes",,,0.32,"I (I qualifier indicates that the reported value is between the laboratory method detection limit and the laboratory practical quantitation limit.)",,,,,,,"Anatoxin-a: not detected; Cylindrospermopsin: 0.32 I (I qualifier indicates that the reported value is between the laboratory method detection limit and the laboratory practical quantitation limit.); Nodularin-R: not detected; Saxitoxins: not detected",,2022-09-26 18:20:00,29.6526336,-81.861275,0.3,"https://services1.arcgis.com/nRHtyn3uE1kyzoYc/ArcGIS/rest/services/service_c1026ff3b55f468d9f2edd834cb807f8/FeatureServer/0/6182/attachments/2689?token=esFGg2N_4QUkCtU1tiMztDW4hm2M0GdusSqnOkviQULZsKWy6cHlYSpBrHqloDkjMDORyL7vHp8tCloK_rT_6I4OA4EY19edP5rFzXcDxs3_bvd6rAbKq0BqhoPk7exiwoF-z98H5LJH5jJbe4dDOjffY9Bj9w3g5kWvPrs5PpMeAdY4Rap08W1RrijQW_Ta"
"Lochloosa Lake - Lochloosa Park and Boat Ramp","Alachua",2022-09-26,"NEROC","Yes","Dominant taxon: Microcystis aeruginosa","Yes","No",,,,,,,,,,,"Anatoxin-a: not detected; Cylindrospermopsin: not detected; Nodularin-R: not detected; Saxitoxins: not detected",,2022-09-26 16:45:00,29.5053404,-82.1032063,0.3,"https://services1.arcgis.com/nRHtyn3uE1kyzoYc/ArcGIS/rest/services/service_c1026ff3b55f468d9f2edd834cb807f8/FeatureServer/0/6178/attachments/2683?token=esFGg2N_4QUkCtU1tiMztDW4hm2M0GdusSqnOkviQULZsKWy6cHlYSpBrHqloDkjMDORyL7vHp8tCloK_rT_6I4OA4EY19edP5rFzXcDxs3_bvd6rAbKq0BqhoPk7exiwoF-z98H5LJH5jJbe4dDOjffY9Bj9w3g5kWvPrs5PpMeAdY4Rap08W1RrijQW_Ta"
"183rd Ave Canal - off Cross Creek","Alachua",2022-09-26,"NEROC","No","Dominant taxon: Microcystis aeruginosa","Yes","No",,,,,,,,,,,"Anatoxin-a: not detected; Cylindrospermopsin: not detected; Nodularin-R: not detected; Saxitoxins: not detected",,2022-09-26 16:10:00,29.4849776,-82.1633256,0.3,"https://services1.arcgis.com/nRHtyn3uE1kyzoYc/ArcGIS/rest/services/service_c1026ff3b55f468d9f2edd834cb807f8/FeatureServer/0/6176/attachments/2679?token=esFGg2N_4QUkCtU1tiMztDW4hm2M0GdusSqnOkviQULZsKWy6cHlYSpBrHqloDkjMDORyL7vHp8tCloK_rT_6I4OA4EY19edP5rFzXcDxs3_bvd6rAbKq0BqhoPk7exiwoF-z98H5LJH5jJbe4dDOjffY9Bj9w3g5kWvPrs5PpMeAdY4Rap08W1RrijQW_Ta"
"Lochloosa Lake - entrance to Cross Creek","Alachua",2022-09-26,"NEROC","No","Dominant taxon: Microcystis aeruginosa","Yes","No",,,,,,,,,,,"Anatoxin-a: not detected; Cylindrospermopsin: not detected; Nodularin-R: not detected; Saxitoxins: not detected",,2022-09-26 15:40:00,29.507803,-82.1496029,0.3,"https://services1.arcgis.com/nRHtyn3uE1kyzoYc/ArcGIS/rest/services/service_c1026ff3b55f468d9f2edd834cb807f8/FeatureServer/0/6175/attachments/2676?token=esFGg2N_4QUkCtU1tiMztDW4hm2M0GdusSqnOkviQULZsKWy6cHlYSpBrHqloDkjMDORyL7vHp8tCloK_rT_6I4OA4EY19edP5rFzXcDxs3_bvd6rAbKq0BqhoPk7exiwoF-z98H5LJH5jJbe4dDOjffY9Bj9w3g5kWvPrs5PpMeAdY4Rap08W1RrijQW_Ta"
"Lochloosa Lake - NE in Veg","Alachua",2022-09-26,"NEROC","Yes","Dominant taxon: Microcystis aeruginosa","Yes","No",,,,,,,,,,,"Anatoxin-a: not detected; Cylindrospermopsin: not detected; Nodularin-R: not detected; Saxitoxins: not detected","Warm and clear. ",2022-09-26 15:15:00,29.5446479,-82.1226739,0.3,"https://services1.arcgis.com/nRHtyn3uE1kyzoYc/ArcGIS/rest/services/service_c1026ff3b55f468d9f2edd834cb807f8/FeatureServer/0/6174/attachments/2673?token=esFGg2N_4QUkCtU1tiMztDW4hm2M0GdusSqnOkviQULZsKWy6cHlYSpBrHqloDkjMDORyL7vHp8tCloK_rT_6I4OA4EY19edP5rFzXcDxs3_bvd6rAbKq0BqhoPk7exiwoF-z98H5LJH5jJbe4dDOjffY9Bj9w3g5kWvPrs5PpMeAdY4Rap08W1RrijQW_Ta"
"Blue Cypress Lake - Center (BCL)","IndianRiver",2022-09-26,"SJRWMD","No","mixed algae; no dominant species in sample","No","No",,,,,,,,,,,"Anatoxin-a: not detected; Cylindrospermopsin: not detected; Nodularin-R: not detected; Saxitoxins: not detected","0-clear",2022-09-26 13:48:00,27.72644373,-80.75351344,0.3,"https://services1.arcgis.com/nRHtyn3uE1kyzoYc/ArcGIS/rest/services/service_c1026ff3b55f468d9f2edd834cb807f8/FeatureServer/0/6181/attachments/2687?token=esFGg2N_4QUkCtU1tiMztDW4hm2M0GdusSqnOkviQULZsKWy6cHlYSpBrHqloDkjMDORyL7vHp8tCloK_rT_6I4OA4EY19edP5rFzXcDxs3_bvd6rAbKq0BqhoPk7exiwoF-z98H5LJH5jJbe4dDOjffY9Bj9w3g5kWvPrs5PpMeAdY4Rap08W1RrijQW_Ta"
"Lake George - Center (LEO)","Volusia",2022-09-26,"SJRWMD","Yes","Dominant taxon: Microcystis aeruginosa","Yes","Yes",,,0.16,"IY (I qualifier indicates that the reported value is between the laboratory method detection limit and the laboratory practical quantitation limit. Y qualifier indicates improper preservation.)",,,,,,,"Anatoxin-a: not detected; Cylindrospermopsin: 0.16 IY (I qualifier indicates that the reported value is between the laboratory method detection limit and the laboratory practical quantitation limit. Y qualifier indicates improper preservation.); Nodularin-R: not detected; Saxitoxins: not detected","Sunny, humid",2022-09-26 13:30:00,29.30830556,-81.60638889,0.317,"https://services1.arcgis.com/nRHtyn3uE1kyzoYc/ArcGIS/rest/services/service_c1026ff3b55f468d9f2edd834cb807f8/FeatureServer/0/6180/attachments/2692?token=esFGg2N_4QUkCtU1tiMztDW4hm2M0GdusSqnOkviQULZsKWy6cHlYSpBrHqloDkjMDORyL7vHp8tCloK_rT_6I4OA4EY19edP5rFzXcDxs3_bvd6rAbKq0BqhoPk7exiwoF-z98H5LJH5jJbe4dDOjffY9Bj9w3g5kWvPrs5PpMeAdY4Rap08W1RrijQW_Ta"
"Stick Marsh - North (STKM)","IndianRiver",2022-09-26,"SJRWMD","No","mixed algae; no dominant species in sample","No","No",,,,,,,,,,,"Anatoxin-a: not detected; Cylindrospermopsin: not detected; Nodularin-R: not detected; Saxitoxins: not detected","No rain",2022-09-26 12:54:00,27.81065,-80.724854,0.296,"https://services1.arcgis.com/nRHtyn3uE1kyzoYc/ArcGIS/rest/services/service_c1026ff3b55f468d9f2edd834cb807f8/FeatureServer/0/6177/attachments/2682?token=esFGg2N_4QUkCtU1tiMztDW4hm2M0GdusSqnOkviQULZsKWy6cHlYSpBrHqloDkjMDORyL7vHp8tCloK_rT_6I4OA4EY19edP5rFzXcDxs3_bvd6rAbKq0BqhoPk7exiwoF-z98H5LJH5jJbe4dDOjffY9Bj9w3g5kWvPrs5PpMeAdY4Rap08W1RrijQW_Ta"
"Lake Speer - NW Lobe","Orange",2022-09-22,"County","Yes","Dominant taxon: Microcystis aeruginosa","Yes","Yes",2,,,,,,,,,,"Anatoxin-a: not detected; Cylindrospermopsin: not detected; Nodularin-R: not detected",,2022-09-22 14:15:00,28.483104,-81.602176,0.3,"https://services1.arcgis.com/nRHtyn3uE1kyzoYc/ArcGIS/rest/services/service_c1026ff3b55f468d9f2edd834cb807f8/FeatureServer/0/6173/attachments/2672?token=esFGg2N_4QUkCtU1tiMztDW4hm2M0GdusSqnOkviQULZsKWy6cHlYSpBrHqloDkjMDORyL7vHp8tCloK_rT_6I4OA4EY19edP5rFzXcDxs3_bvd6rAbKq0BqhoPk7exiwoF-z98H5LJH5jJbe4dDOjffY9Bj9w3g5kWvPrs5PpMeAdY4Rap08W1RrijQW_Ta"
"Orange Lake - McIntosh Bay at Heagy Burry Park Boat Ramp","Alachua",2022-09-21,"NEROC","Yes","Dominant taxon: Microcystis aeruginosa","Yes","Yes",0.14,"I (I qualifier indicates that the reported value is between the laboratory method detection limit and the laboratory practical quantitation limit.)",,,,,,,,,"Anatoxin-a: not detected; Cylindrospermopsin: not detected; Nodularin-R: not detected; Saxitoxins: not detected","Windy",2022-09-21 17:55:00,29.428205,-82.2064196,0.3,"https://services1.arcgis.com/nRHtyn3uE1kyzoYc/ArcGIS/rest/services/service_c1026ff3b55f468d9f2edd834cb807f8/FeatureServer/0/6159/attachments/2669?token=esFGg2N_4QUkCtU1tiMztDW4hm2M0GdusSqnOkviQULZsKWy6cHlYSpBrHqloDkjMDORyL7vHp8tCloK_rT_6I4OA4EY19edP5rFzXcDxs3_bvd6rAbKq0BqhoPk7exiwoF-z98H5LJH5jJbe4dDOjffY9Bj9w3g5kWvPrs5PpMeAdY4Rap08W1RrijQW_Ta"
"Orange Lake - McIntosh Bay","Alachua",2022-09-21,"NEROC","Yes","Dominant taxon: Microcystis aeruginosa","Yes","No",,,,,,,,,,,"Anatoxin-a: not detected; Cylindrospermopsin: not detected; Nodularin-R: not detected; Saxitoxins: not detected",,2022-09-21 17:25:00,29.4408751,-82.1958142,0.3,"https://services1.arcgis.com/nRHtyn3uE1kyzoYc/ArcGIS/rest/services/service_c1026ff3b55f468d9f2edd834cb807f8/FeatureServer/0/6158/attachments/2666?token=esFGg2N_4QUkCtU1tiMztDW4hm2M0GdusSqnOkviQULZsKWy6cHlYSpBrHqloDkjMDORyL7vHp8tCloK_rT_6I4OA4EY19edP5rFzXcDxs3_bvd6rAbKq0BqhoPk7exiwoF-z98H5LJH5jJbe4dDOjffY9Bj9w3g5kWvPrs5PpMeAdY4Rap08W1RrijQW_Ta"
"Orange Lake - McIntosh Bay Fish Camp","Alachua",2022-09-21,"NEROC","Yes","Dominant taxon: Microcystis aeruginosa","Yes","No",,,,,,,,,,,"Anatoxin-a: not detected; Cylindrospermopsin: not detected; Nodularin-R: not detected; Saxitoxins: not detected","Windy. Large hydrilla mats",2022-09-21 16:40:00,29.4469639,-82.2079902,0.3,"https://services1.arcgis.com/nRHtyn3uE1kyzoYc/ArcGIS/rest/services/service_c1026ff3b55f468d9f2edd834cb807f8/FeatureServer/0/6157/attachments/2663?token=esFGg2N_4QUkCtU1tiMztDW4hm2M0GdusSqnOkviQULZsKWy6cHlYSpBrHqloDkjMDORyL7vHp8tCloK_rT_6I4OA4EY19edP5rFzXcDxs3_bvd6rAbKq0BqhoPk7exiwoF-z98H5LJH5jJbe4dDOjffY9Bj9w3g5kWvPrs5PpMeAdY4Rap08W1RrijQW_Ta"
"Lake Washington - Center (LWC)","Brevard",2022-09-20,"SJRWMD","No","mixed algae; no dominant species in sample","No","No",,,,,,,,,,,"Anatoxin-a: not detected; Cylindrospermopsin: not detected; Nodularin-R: not detected; Saxitoxins: not detected","No rain",2022-09-20 12:46:00,28.142439,-80.746111,0.304,"https://services1.arcgis.com/nRHtyn3uE1kyzoYc/ArcGIS/rest/services/service_c1026ff3b55f468d9f2edd834cb807f8/FeatureServer/0/6140/attachments/2659?token=esFGg2N_4QUkCtU1tiMztDW4hm2M0GdusSqnOkviQULZsKWy6cHlYSpBrHqloDkjMDORyL7vHp8tCloK_rT_6I4OA4EY19edP5rFzXcDxs3_bvd6rAbKq0BqhoPk7exiwoF-z98H5LJH5jJbe4dDOjffY9Bj9w3g5kWvPrs5PpMeAdY4Rap08W1RrijQW_Ta"
"Lake Christie - NE Shore","Orange",2022-09-19,"CEROC","No","mixed algae; no dominant species in sample","No","No",,,,,,,,,,,"Anatoxin-a: not detected; Cylindrospermopsin: not detected; Nodularin-R: not detected","some globs accumulated around plants, some flecks on surface that appear to be dying. surface and water column mostly clear. Pulled up a mat but it was Nitella.",2022-09-19 16:49:00,28.440981,-81.407599,0.3,"https://services1.arcgis.com/nRHtyn3uE1kyzoYc/ArcGIS/rest/services/service_c1026ff3b55f468d9f2edd834cb807f8/FeatureServer/0/6128/attachments/2644?token=esFGg2N_4QUkCtU1tiMztDW4hm2M0GdusSqnOkviQULZsKWy6cHlYSpBrHqloDkjMDORyL7vHp8tCloK_rT_6I4OA4EY19edP5rFzXcDxs3_bvd6rAbKq0BqhoPk7exiwoF-z98H5LJH5jJbe4dDOjffY9Bj9w3g5kWvPrs5PpMeAdY4Rap08W1RrijQW_Ta"
"Lake Estelle - Dorchester and Mills","Orange",2022-09-19,"CEROC","Yes","mixed algae; no dominant species in sample","No","No",,,,,,,,,,,"Anatoxin-a: not detected; Cylindrospermopsin: not detected; Nodularin-R: not detected","Recent daily heavy rains. Some glibs of algae accumulated on lake edge. Water itself very clear. Mowing clippings in water.",2022-09-19 15:00:00,28.57692,-81.36356,0.3,"https://services1.arcgis.com/nRHtyn3uE1kyzoYc/ArcGIS/rest/services/service_c1026ff3b55f468d9f2edd834cb807f8/FeatureServer/0/6129/attachments/2647?token=esFGg2N_4QUkCtU1tiMztDW4hm2M0GdusSqnOkviQULZsKWy6cHlYSpBrHqloDkjMDORyL7vHp8tCloK_rT_6I4OA4EY19edP5rFzXcDxs3_bvd6rAbKq0BqhoPk7exiwoF-z98H5LJH5jJbe4dDOjffY9Bj9w3g5kWvPrs5PpMeAdY4Rap08W1RrijQW_Ta"
"Stick Marsh - North (STKM)","IndianRiver",2022-09-14,"SJRWMD","No","mixed algae; no dominant species in sample","No","No",,,,,,,,,,,"Anatoxin-a: not detected; Cylindrospermopsin: not detected; Nodularin-R: not detected; Saxitoxins: not detected","Clear, no rain",2022-09-14 16:33:00,27.81065,-80.724854,0.305,"https://services1.arcgis.com/nRHtyn3uE1kyzoYc/ArcGIS/rest/services/service_c1026ff3b55f468d9f2edd834cb807f8/FeatureServer/0/6121/attachments/2628?token=esFGg2N_4QUkCtU1tiMztDW4hm2M0GdusSqnOkviQULZsKWy6cHlYSpBrHqloDkjMDORyL7vHp8tCloK_rT_6I4OA4EY19edP5rFzXcDxs3_bvd6rAbKq0BqhoPk7exiwoF-z98H5LJH5jJbe4dDOjffY9Bj9w3g5kWvPrs5PpMeAdY4Rap08W1RrijQW_Ta"
"Blue Cypress Lake - Center (BCL)","IndianRiver",2022-09-14,"SJRWMD","No","mixed algae; no dominant species in sample","No","No",,,,,,,,,,,"Anatoxin-a: not detected; Cylindrospermopsin: not detected; Nodularin-R: not detected; Saxitoxins: not detected","Clear no rain",2022-09-14 14:50:00,27.7266,-80.7536,0.307,"https://services1.arcgis.com/nRHtyn3uE1kyzoYc/ArcGIS/rest/services/service_c1026ff3b55f468d9f2edd834cb807f8/FeatureServer/0/6120/attachments/2627?token=esFGg2N_4QUkCtU1tiMztDW4hm2M0GdusSqnOkviQULZsKWy6cHlYSpBrHqloDkjMDORyL7vHp8tCloK_rT_6I4OA4EY19edP5rFzXcDxs3_bvd6rAbKq0BqhoPk7exiwoF-z98H5LJH5jJbe4dDOjffY9Bj9w3g5kWvPrs5PpMeAdY4Rap08W1RrijQW_Ta"
"Starke Lake - Boat Ramp","Orange",2022-09-13,"CEROC","Yes","Co-dominant taxa were: Microcystis aeruginosa and Cylindrospermopsis raciborskii","Yes","No",,,,,,,,,,,"Anatoxin-a: not detected; Cylindrospermopsin: not detected; Nodularin-R: not detected","Sunny. Water very green throughout lake",2022-09-13 17:11:00,28.57188,-81.542096,0.3,"https://services1.arcgis.com/nRHtyn3uE1kyzoYc/ArcGIS/rest/services/service_c1026ff3b55f468d9f2edd834cb807f8/FeatureServer/0/6118/attachments/2623?token=esFGg2N_4QUkCtU1tiMztDW4hm2M0GdusSqnOkviQULZsKWy6cHlYSpBrHqloDkjMDORyL7vHp8tCloK_rT_6I4OA4EY19edP5rFzXcDxs3_bvd6rAbKq0BqhoPk7exiwoF-z98H5LJH5jJbe4dDOjffY9Bj9w3g5kWvPrs5PpMeAdY4Rap08W1RrijQW_Ta"
"St. Johns River - Mandarin Point (MP72)","Duval",2022-09-13,"SJRWMD","Yes","Dominant taxon: Microcystis aeruginosa","Yes","Yes",0.12,"I (I qualifier indicates that the reported value is between the laboratory method detection limit and the laboratory practical quantitation limit.)",0.11,"I (I qualifier indicates that the reported value is between the laboratory method detection limit and the laboratory practical quantitation limit.)",,,,,,,"Anatoxin-a: not detected; Cylindrospermopsin: 0.11 I (I qualifier indicates that the reported value is between the laboratory method detection limit and the laboratory practical quantitation limit.); Nodularin-R: not detected; Saxitoxins: not detected","Overcast",2022-09-13 16:27:00,30.15666667,-81.68388889,0.308,"https://services1.arcgis.com/nRHtyn3uE1kyzoYc/ArcGIS/rest/services/service_c1026ff3b55f468d9f2edd834cb807f8/FeatureServer/0/6116/attachments/2621?token=esFGg2N_4QUkCtU1tiMztDW4hm2M0GdusSqnOkviQULZsKWy6cHlYSpBrHqloDkjMDORyL7vHp8tCloK_rT_6I4OA4EY19edP5rFzXcDxs3_bvd6rAbKq0BqhoPk7exiwoF-z98H5LJH5jJbe4dDOjffY9Bj9w3g5kWvPrs5PpMeAdY4Rap08W1RrijQW_Ta"
"Violet Lake - 130 Violet Cir","Putnam",2022-09-13,"NEROC","No","mixed algae; no dominant species in sample","No","Yes",,,0.34,"I (I qualifier indicates that the reported value is between the laboratory method detection limit and the laboratory practical quantitation limit.)",,,,,,,"Anatoxin-a: not detected; Cylindrospermopsin: 0.34 I (I qualifier indicates that the reported value is between the laboratory method detection limit and the laboratory practical quantitation limit.); Nodularin-R: not detected; Saxitoxins: not detected",,2022-09-13 16:05:00,29.6526503,-81.8612842,0.3,"https://services1.arcgis.com/nRHtyn3uE1kyzoYc/ArcGIS/rest/services/service_c1026ff3b55f468d9f2edd834cb807f8/FeatureServer/0/6108/attachments/2604?token=esFGg2N_4QUkCtU1tiMztDW4hm2M0GdusSqnOkviQULZsKWy6cHlYSpBrHqloDkjMDORyL7vHp8tCloK_rT_6I4OA4EY19edP5rFzXcDxs3_bvd6rAbKq0BqhoPk7exiwoF-z98H5LJH5jJbe4dDOjffY9Bj9w3g5kWvPrs5PpMeAdY4Rap08W1RrijQW_Ta"
"Doctors Lake - Center (DTL)","Clay",2022-09-13,"SJRWMD","No","Dominant taxon: Microcystis aeruginosa","Yes","Yes",0.27,"I (I qualifier indicates that the reported value is between the laboratory method detection limit and the laboratory practical quantitation limit.)",,,,,,,,,"Anatoxin-a: not detected; Cylindrospermopsin: not detected; Nodularin-R: not detected; Saxitoxins: not detected","Cloudy warm",2022-09-13 16:01:00,30.13805556,-81.72722222,0.309,"https://services1.arcgis.com/nRHtyn3uE1kyzoYc/ArcGIS/rest/services/service_c1026ff3b55f468d9f2edd834cb807f8/FeatureServer/0/6115/attachments/2620?token=esFGg2N_4QUkCtU1tiMztDW4hm2M0GdusSqnOkviQULZsKWy6cHlYSpBrHqloDkjMDORyL7vHp8tCloK_rT_6I4OA4EY19edP5rFzXcDxs3_bvd6rAbKq0BqhoPk7exiwoF-z98H5LJH5jJbe4dDOjffY9Bj9w3g5kWvPrs5PpMeAdY4Rap08W1RrijQW_Ta"
"St. Johns River - Shands Bridge (20030157)","StJohns",2022-09-13,"SJRWMD","No","Dominant taxon: Microcystis aeruginosa","Yes","Yes",,,0.31,"I (I qualifier indicates that the reported value is between the laboratory method detection limit and the laboratory practical quantitation limit.)",,,,,,,"Anatoxin-a: not detected; Cylindrospermopsin: 0.31 I (I qualifier indicates that the reported value is between the laboratory method detection limit and the laboratory practical quantitation limit.); Nodularin-R: not detected; Saxitoxins: not detected","Cloudy warm",2022-09-13 15:00:00,29.98163056,-81.62213889,0.308,"https://services1.arcgis.com/nRHtyn3uE1kyzoYc/ArcGIS/rest/services/service_c1026ff3b55f468d9f2edd834cb807f8/FeatureServer/0/6114/attachments/2619?token=esFGg2N_4QUkCtU1tiMztDW4hm2M0GdusSqnOkviQULZsKWy6cHlYSpBrHqloDkjMDORyL7vHp8tCloK_rT_6I4OA4EY19edP5rFzXcDxs3_bvd6rAbKq0BqhoPk7exiwoF-z98H5LJH5jJbe4dDOjffY9Bj9w3g5kWvPrs5PpMeAdY4Rap08W1RrijQW_Ta"
"Lochloosa Lake - Lochloosa Park and Boat Ramp","Alachua",2022-09-13,"NEROC","No","mixed algae; no dominant species in sample","No","Yes",,,,,0.29,"I (I qualifier indicates that the reported value is between the laboratory method detection limit and the laboratory practical quantitation limit.)",,,,,"Anatoxin-a: 0.29 I (I qualifier indicates that the reported value is between the laboratory method detection limit and the laboratory practical quantitation limit.); Cylindrospermopsin: not detected; Nodularin: not detected",,2022-09-13 15:00:00,29.5054081,-82.1020776,0.3,"https://services1.arcgis.com/nRHtyn3uE1kyzoYc/ArcGIS/rest/services/service_c1026ff3b55f468d9f2edd834cb807f8/FeatureServer/0/6107/attachments/2601?token=esFGg2N_4QUkCtU1tiMztDW4hm2M0GdusSqnOkviQULZsKWy6cHlYSpBrHqloDkjMDORyL7vHp8tCloK_rT_6I4OA4EY19edP5rFzXcDxs3_bvd6rAbKq0BqhoPk7exiwoF-z98H5LJH5jJbe4dDOjffY9Bj9w3g5kWvPrs5PpMeAdY4Rap08W1RrijQW_Ta"
"Fish Lake - Sexton Park","Osceola",2022-09-12,"CEROC","Yes","mixed algae; no dominant species in sample","No","Yes",0.13,"I (I qualifier indicates that the reported value is between the laboratory method detection limit and the laboratory practical quantitation limit.)",0.15,"I (I qualifier indicates that the reported value is between the laboratory method detection limit and the laboratory practical quantitation limit.)",,,,,,,"Anatoxin-a: not detected; Cylindrospermopsin: 0.15 I (I qualifier indicates that the reported value is between the laboratory method detection limit and the laboratory practical quantitation limit.); Nodularin-R: not detected","90s partly cloudy",2022-09-12 16:43:00,28.2722475333139,-81.3396726362407,0.3,"https://services1.arcgis.com/nRHtyn3uE1kyzoYc/ArcGIS/rest/services/service_c1026ff3b55f468d9f2edd834cb807f8/FeatureServer/0/6098/attachments/2590?token=esFGg2N_4QUkCtU1tiMztDW4hm2M0GdusSqnOkviQULZsKWy6cHlYSpBrHqloDkjMDORyL7vHp8tCloK_rT_6I4OA4EY19edP5rFzXcDxs3_bvd6rAbKq0BqhoPk7exiwoF-z98H5LJH5jJbe4dDOjffY9Bj9w3g5kWvPrs5PpMeAdY4Rap08W1RrijQW_Ta"
"Lake Runnymede - Sam Pan Way","Osceola",2022-09-12,"CEROC","Yes","mixed algae; no dominant species in sample","No","No",,,,,,,,,,,"Anatoxin-a: not detected; Cylindrospermopsin: not detected; Nodularin-R: not detected","90s partly cloudy",2022-09-12 15:45:00,28.2560077635571,-81.2619484215975,0.3,"https://services1.arcgis.com/nRHtyn3uE1kyzoYc/ArcGIS/rest/services/service_c1026ff3b55f468d9f2edd834cb807f8/FeatureServer/0/6097/attachments/2588?token=esFGg2N_4QUkCtU1tiMztDW4hm2M0GdusSqnOkviQULZsKWy6cHlYSpBrHqloDkjMDORyL7vHp8tCloK_rT_6I4OA4EY19edP5rFzXcDxs3_bvd6rAbKq0BqhoPk7exiwoF-z98H5LJH5jJbe4dDOjffY9Bj9w3g5kWvPrs5PpMeAdY4Rap08W1RrijQW_Ta"
"St. Johns River - Buzzard Island","Putnam",2022-09-12,"SJRWMD","No","Co-dominant taxa were: Microcystis aeruginosa and Cylindrospermopsis raciborskii","Yes","Yes",,,0.29,"I (I qualifier indicates that the reported value is between the laboratory method detection limit and the laboratory practical quantitation limit.)",,,,,,,"Anatoxin-a: not detected; Cylindrospermopsin: 0.29 I (I qualifier indicates that the reported value is between the laboratory method detection limit and the laboratory practical quantitation limit.); Nodularin-R: not detected; Saxitoxins: not detected","Sunny, humid",2022-09-12 15:37:00,29.6042476,-81.5997789,0.3,"https://services1.arcgis.com/nRHtyn3uE1kyzoYc/ArcGIS/rest/services/service_c1026ff3b55f468d9f2edd834cb807f8/FeatureServer/0/6103/attachments/2626?token=esFGg2N_4QUkCtU1tiMztDW4hm2M0GdusSqnOkviQULZsKWy6cHlYSpBrHqloDkjMDORyL7vHp8tCloK_rT_6I4OA4EY19edP5rFzXcDxs3_bvd6rAbKq0BqhoPk7exiwoF-z98H5LJH5jJbe4dDOjffY9Bj9w3g5kWvPrs5PpMeAdY4Rap08W1RrijQW_Ta"
"Ortega River - Morven Canal","Duval",2022-09-12,"NEROC","No","mixed algae; no dominant species in sample","No","No",,,,,,,,,,,"Anatoxin-a: not detected; Cylindrospermopsin: not detected; Nodularin-R: not detected; Saxitoxins: not detected",,2022-09-12 14:30:00,30.2525948,-81.7031736,0.3,"https://services1.arcgis.com/nRHtyn3uE1kyzoYc/ArcGIS/rest/services/service_c1026ff3b55f468d9f2edd834cb807f8/FeatureServer/0/6096/attachments/2585?token=esFGg2N_4QUkCtU1tiMztDW4hm2M0GdusSqnOkviQULZsKWy6cHlYSpBrHqloDkjMDORyL7vHp8tCloK_rT_6I4OA4EY19edP5rFzXcDxs3_bvd6rAbKq0BqhoPk7exiwoF-z98H5LJH5jJbe4dDOjffY9Bj9w3g5kWvPrs5PpMeAdY4Rap08W1RrijQW_Ta"
"Crescent Lake - Center","Putnam",2022-09-12,"SJRWMD","Yes","Co-dominant taxa were: Microcystis aeruginosa and Cylindrospermopsis raciborskii","Yes","Yes",,,0.21,"I (I qualifier indicates that the reported value is between the laboratory method detection limit and the laboratory practical quantitation limit.)",,,,,,,"Anatoxin-a: not detected; Cylindrospermopsin: 0.21 I (I qualifier indicates that the reported value is between the laboratory method detection limit and the laboratory practical quantitation limit.); Nodularin-R: not detected; Saxitoxins: not detected","Sunny hot",2022-09-12 14:18:00,29.48734001,-81.51771036,0.308,"https://services1.arcgis.com/nRHtyn3uE1kyzoYc/ArcGIS/rest/services/service_c1026ff3b55f468d9f2edd834cb807f8/FeatureServer/0/6106/attachments/2598?token=esFGg2N_4QUkCtU1tiMztDW4hm2M0GdusSqnOkviQULZsKWy6cHlYSpBrHqloDkjMDORyL7vHp8tCloK_rT_6I4OA4EY19edP5rFzXcDxs3_bvd6rAbKq0BqhoPk7exiwoF-z98H5LJH5jJbe4dDOjffY9Bj9w3g5kWvPrs5PpMeAdY4Rap08W1RrijQW_Ta"
"Crescent Lake - mouth of Dunns Creek (CRESLM)","Putnam",2022-09-12,"SJRWMD","Yes","Dominant taxon: Microcystis aeruginosa","Yes","Yes",,,0.18,"I (I qualifier indicates that the reported value is between the laboratory method detection limit and the laboratory practical quantitation limit.)",,,,,,,"Anatoxin-a: not detected; Cylindrospermopsin: 0.18 I (I qualifier indicates that the reported value is between the laboratory method detection limit and the laboratory practical quantitation limit.); Nodularin-R: not detected; Saxitoxins: not detected","Sunny hot",2022-09-12 13:49:00,29.52955556,-81.55372222,0.295,"https://services1.arcgis.com/nRHtyn3uE1kyzoYc/ArcGIS/rest/services/service_c1026ff3b55f468d9f2edd834cb807f8/FeatureServer/0/6105/attachments/2596?token=esFGg2N_4QUkCtU1tiMztDW4hm2M0GdusSqnOkviQULZsKWy6cHlYSpBrHqloDkjMDORyL7vHp8tCloK_rT_6I4OA4EY19edP5rFzXcDxs3_bvd6rAbKq0BqhoPk7exiwoF-z98H5LJH5jJbe4dDOjffY9Bj9w3g5kWvPrs5PpMeAdY4Rap08W1RrijQW_Ta"
"Lake Marian - Pavilion","Osceola",2022-09-12,"SEROC","Yes","Dominant taxon: Microcystis aeruginosa","Yes","Yes",2.9,"I (I qualifier indicates that the reported value is between the laboratory method detection limit and the laboratory practical quantitation limit.)",,,,,,,,,"Anatoxin-a: not detected; Cylindrospermopsin: not detected; Nodularin-R: not detected",,2022-09-12 13:45:00,27.8718116666667,-81.0518566666667,0.3,"https://services1.arcgis.com/nRHtyn3uE1kyzoYc/ArcGIS/rest/services/service_c1026ff3b55f468d9f2edd834cb807f8/FeatureServer/0/6095/attachments/2582?token=esFGg2N_4QUkCtU1tiMztDW4hm2M0GdusSqnOkviQULZsKWy6cHlYSpBrHqloDkjMDORyL7vHp8tCloK_rT_6I4OA4EY19edP5rFzXcDxs3_bvd6rAbKq0BqhoPk7exiwoF-z98H5LJH5jJbe4dDOjffY9Bj9w3g5kWvPrs5PpMeAdY4Rap08W1RrijQW_Ta"
"Lake George - Center (LEO)","Volusia",2022-09-12,"SJRWMD","Yes","Co-dominant taxa were: Microcystis aeruginosa and Cylindrospermopsis raciborskii","Yes","Yes",,,0.32,"I (I qualifier indicates that the reported value is between the laboratory method detection limit and the laboratory practical quantitation limit.)",,,,,,,"Anatoxin-a: not detected; Cylindrospermopsin: 0.32 I (I qualifier indicates that the reported value is between the laboratory method detection limit and the laboratory practical quantitation limit.); Nodularin-R: not detected; Saxitoxins: not detected","Sunny, hot, humid",2022-09-12 13:27:00,29.30830556,-81.60638889,0.3,"https://services1.arcgis.com/nRHtyn3uE1kyzoYc/ArcGIS/rest/services/service_c1026ff3b55f468d9f2edd834cb807f8/FeatureServer/0/6099/attachments/2592?token=esFGg2N_4QUkCtU1tiMztDW4hm2M0GdusSqnOkviQULZsKWy6cHlYSpBrHqloDkjMDORyL7vHp8tCloK_rT_6I4OA4EY19edP5rFzXcDxs3_bvd6rAbKq0BqhoPk7exiwoF-z98H5LJH5jJbe4dDOjffY9Bj9w3g5kWvPrs5PpMeAdY4Rap08W1RrijQW_Ta"
"Crescent Lake - Crescent City Public Boat Ramp","Putnam",2022-09-12,"SJRWMD","Yes","Dominant taxon: Microcystis aeruginosa","Yes","Yes",0.38,"I (I qualifier indicates that the reported value is between the laboratory method detection limit and the laboratory practical quantitation limit.)",0.22,"I (I qualifier indicates that the reported value is between the laboratory method detection limit and the laboratory practical quantitation limit.)",,,,,,,"Anatoxin-a: not detected; Cylindrospermopsin: 0.22 I (I qualifier indicates that the reported value is between the laboratory method detection limit and the laboratory practical quantitation limit.); Nodularin-R: not detected; Saxitoxins: not detected","Hot sunny",2022-09-12 13:08:00,29.42829207,-81.50628926,0.306,"https://services1.arcgis.com/nRHtyn3uE1kyzoYc/ArcGIS/rest/services/service_c1026ff3b55f468d9f2edd834cb807f8/FeatureServer/0/6104/attachments/2594?token=esFGg2N_4QUkCtU1tiMztDW4hm2M0GdusSqnOkviQULZsKWy6cHlYSpBrHqloDkjMDORyL7vHp8tCloK_rT_6I4OA4EY19edP5rFzXcDxs3_bvd6rAbKq0BqhoPk7exiwoF-z98H5LJH5jJbe4dDOjffY9Bj9w3g5kWvPrs5PpMeAdY4Rap08W1RrijQW_Ta"
"Sawgrass Lake - from CWC dock","Lake",2022-09-08,"CEROC","Yes","Co-dominant taxa were: Microcystis aeruginosa and Microcystis wesenbergii","Yes","Yes",0.37,"I (I qualifier indicates that the reported value is between the laboratory method detection limit and the laboratory practical quantitation limit.)",,,,,,,,,"Anatoxin-a: not detected; Cylindrospermopsin: not detected; Nodularin-R: not detected","90s  overcast",2022-09-08 16:33:00,28.4336193697527,-81.689153239131,0.3,"https://services1.arcgis.com/nRHtyn3uE1kyzoYc/ArcGIS/rest/services/service_c1026ff3b55f468d9f2edd834cb807f8/FeatureServer/0/6090/attachments/2576?token=esFGg2N_4QUkCtU1tiMztDW4hm2M0GdusSqnOkviQULZsKWy6cHlYSpBrHqloDkjMDORyL7vHp8tCloK_rT_6I4OA4EY19edP5rFzXcDxs3_bvd6rAbKq0BqhoPk7exiwoF-z98H5LJH5jJbe4dDOjffY9Bj9w3g5kWvPrs5PpMeAdY4Rap08W1RrijQW_Ta"
"Lake Monroe - Center (LMAC)","Volusia",2022-09-08,"SJRWMD","No","Dominant taxon: Microcystis aeruginosa","Yes","No",,,,,,,,,,,"Anatoxin-a: not detected; Cylindrospermopsin: not detected; Nodularin-R: not detected; Saxitoxins: not detected",,2022-09-08 16:25:00,28.83496,-81.27091,0.3,
"Lake Monroe - NW Corner Under I-4","Volusia",2022-09-08,"CEROC","No","mixed algae; no dominant species in sample","No","No",,,,,,,,,,,"Anatoxin-a: not detected; Cylindrospermopsin: not detected; Nodularin-R: not detected","Sunny, clear",2022-09-08 15:37:00,28.8688483,-81.2860833,0.3,"https://services1.arcgis.com/nRHtyn3uE1kyzoYc/ArcGIS/rest/services/service_c1026ff3b55f468d9f2edd834cb807f8/FeatureServer/0/6094/attachments/2579?token=esFGg2N_4QUkCtU1tiMztDW4hm2M0GdusSqnOkviQULZsKWy6cHlYSpBrHqloDkjMDORyL7vHp8tCloK_rT_6I4OA4EY19edP5rFzXcDxs3_bvd6rAbKq0BqhoPk7exiwoF-z98H5LJH5jJbe4dDOjffY9Bj9w3g5kWvPrs5PpMeAdY4Rap08W1RrijQW_Ta"
"Lake Jesup - Center (OW-CTR)","Seminole",2022-09-08,"SJRWMD","Yes","Co-dominant taxa were: Microcystis aeruginosa and Cylindrospermopsis raciborskii","Yes","No",,,,,,,,,,,"Anatoxin-a: not detected; Cylindrospermopsin: not detected; Nodularin-R: not detected; Saxitoxins: not detected",,2022-09-08 14:17:00,28.7268,-81.2111,0.3,
"Trout Creek - Trout Creek Park Boat Ramp","StJohns",2022-09-08,"SJRWMD","No","mixed algae; no dominant species in sample","No","No",,,,,,,,,,,"Anatoxin-a: not detected; Cylindrospermopsin: not detected; Nodularin-R: not detected",,2022-09-08 12:16:00,29.9848577,-81.56373699,0.314,"https://services1.arcgis.com/nRHtyn3uE1kyzoYc/ArcGIS/rest/services/service_c1026ff3b55f468d9f2edd834cb807f8/FeatureServer/0/6092/attachments/2578?token=esFGg2N_4QUkCtU1tiMztDW4hm2M0GdusSqnOkviQULZsKWy6cHlYSpBrHqloDkjMDORyL7vHp8tCloK_rT_6I4OA4EY19edP5rFzXcDxs3_bvd6rAbKq0BqhoPk7exiwoF-z98H5LJH5jJbe4dDOjffY9Bj9w3g5kWvPrs5PpMeAdY4Rap08W1RrijQW_Ta"
"Lake Christie - NE Shore","Orange",2022-09-07,"CEROC","No","mixed algae; no dominant species in sample","No","No",,,,,,,,,,,"Anatoxin-a: not detected; Cylindrospermopsin: not detected; Nodularin-R: not detected","Sunny, cloudy ",2022-09-07 17:40:00,28.440981,-81.407599,0.3,"https://services1.arcgis.com/nRHtyn3uE1kyzoYc/ArcGIS/rest/services/service_c1026ff3b55f468d9f2edd834cb807f8/FeatureServer/0/6087/attachments/2569?token=esFGg2N_4QUkCtU1tiMztDW4hm2M0GdusSqnOkviQULZsKWy6cHlYSpBrHqloDkjMDORyL7vHp8tCloK_rT_6I4OA4EY19edP5rFzXcDxs3_bvd6rAbKq0BqhoPk7exiwoF-z98H5LJH5jJbe4dDOjffY9Bj9w3g5kWvPrs5PpMeAdY4Rap08W1RrijQW_Ta"
"Lake Estelle - Dorchester and Mills","Orange",2022-09-06,"CEROC","Yes","Dominant taxon: Microcystis aeruginosa","Yes","No",,,,,,,,,,,"Anatoxin-a: not detected; Cylindrospermopsin: not detected; Nodularin-R: not detected","90s partly cloudy",2022-09-06 19:22:00,28.5772368684411,-81.363443210721,0.3,"https://services1.arcgis.com/nRHtyn3uE1kyzoYc/ArcGIS/rest/services/service_c1026ff3b55f468d9f2edd834cb807f8/FeatureServer/0/6063/attachments/2558?token=esFGg2N_4QUkCtU1tiMztDW4hm2M0GdusSqnOkviQULZsKWy6cHlYSpBrHqloDkjMDORyL7vHp8tCloK_rT_6I4OA4EY19edP5rFzXcDxs3_bvd6rAbKq0BqhoPk7exiwoF-z98H5LJH5jJbe4dDOjffY9Bj9w3g5kWvPrs5PpMeAdY4Rap08W1RrijQW_Ta"
"Lake Mann - McQueen Park","Orange",2022-09-06,"CEROC","Yes","Dominant taxon: Planktolyngbya limnetica","Yes","Yes",,,0.46,,,,,,,,"Anatoxin-a: not detected; Cylindrospermopsin: 0.46; Nodularin-R: not detected","90s partly cloudy",2022-09-06 18:32:00,28.5344744939357,-81.4235130418092,0.3,"https://services1.arcgis.com/nRHtyn3uE1kyzoYc/ArcGIS/rest/services/service_c1026ff3b55f468d9f2edd834cb807f8/FeatureServer/0/6062/attachments/2556?token=esFGg2N_4QUkCtU1tiMztDW4hm2M0GdusSqnOkviQULZsKWy6cHlYSpBrHqloDkjMDORyL7vHp8tCloK_rT_6I4OA4EY19edP5rFzXcDxs3_bvd6rAbKq0BqhoPk7exiwoF-z98H5LJH5jJbe4dDOjffY9Bj9w3g5kWvPrs5PpMeAdY4Rap08W1RrijQW_Ta"
"Swimming Pen Creek - Whitey's Fish Camp","Clay",2022-09-01,"NEROC","Yes","Dominant taxon: Microcystis aeruginosa","Yes","Yes",0.41,"I (I qualifier indicates that the reported value is between the laboratory method detection limit and the laboratory practical quantitation limit.)",,,,,,,,,"Anatoxin-a: not detected; Cylindrospermopsin: not detected; Nodularin-R: not detected; Saxitoxins: not detected",,2022-09-01 16:55:00,30.1010309,-81.7464447,0.3,"https://services1.arcgis.com/nRHtyn3uE1kyzoYc/ArcGIS/rest/services/service_c1026ff3b55f468d9f2edd834cb807f8/FeatureServer/0/6038/attachments/2536?token=esFGg2N_4QUkCtU1tiMztDW4hm2M0GdusSqnOkviQULZsKWy6cHlYSpBrHqloDkjMDORyL7vHp8tCloK_rT_6I4OA4EY19edP5rFzXcDxs3_bvd6rAbKq0BqhoPk7exiwoF-z98H5LJH5jJbe4dDOjffY9Bj9w3g5kWvPrs5PpMeAdY4Rap08W1RrijQW_Ta"
"Lake Harris - S of Monkey Island","Lake",2022-09-01,"CEROC","No","mixed algae; no dominant species in sample","No","No",,,,,,,,,,,"Anatoxin-a: not detected; Cylindrospermopsin: not detected; Nodularin-R: not detected","Sunny, breezy, clear ",2022-09-01 16:53:00,28.7992834,-81.870783,0.3,"https://services1.arcgis.com/nRHtyn3uE1kyzoYc/ArcGIS/rest/services/service_c1026ff3b55f468d9f2edd834cb807f8/FeatureServer/0/6042/attachments/2547?token=esFGg2N_4QUkCtU1tiMztDW4hm2M0GdusSqnOkviQULZsKWy6cHlYSpBrHqloDkjMDORyL7vHp8tCloK_rT_6I4OA4EY19edP5rFzXcDxs3_bvd6rAbKq0BqhoPk7exiwoF-z98H5LJH5jJbe4dDOjffY9Bj9w3g5kWvPrs5PpMeAdY4Rap08W1RrijQW_Ta"
"Doctors Lake - Mill Cove","Clay",2022-09-01,"NEROC","Yes","mixed algae; no dominant species in sample","No","Yes",0.33,"I (I qualifier indicates that the reported value is between the laboratory method detection limit and the laboratory practical quantitation limit.)",,,,,,,,,"Anatoxin-a: not detected; Cylindrospermopsin: not detected; Nodularin-R: not detected; Saxitoxins: not detected",,2022-09-01 16:25:00,30.1241541,-81.7282182,0.3,"https://services1.arcgis.com/nRHtyn3uE1kyzoYc/ArcGIS/rest/services/service_c1026ff3b55f468d9f2edd834cb807f8/FeatureServer/0/6037/attachments/2533?token=esFGg2N_4QUkCtU1tiMztDW4hm2M0GdusSqnOkviQULZsKWy6cHlYSpBrHqloDkjMDORyL7vHp8tCloK_rT_6I4OA4EY19edP5rFzXcDxs3_bvd6rAbKq0BqhoPk7exiwoF-z98H5LJH5jJbe4dDOjffY9Bj9w3g5kWvPrs5PpMeAdY4Rap08W1RrijQW_Ta"
"Lake Griffin - South Lobe","Lake",2022-09-01,"CEROC","No","Dominant taxon: Microcystis aeruginosa","Yes","No",,,,,,,,,,,"Anatoxin-a: not detected; Cylindrospermopsin: not detected; Nodularin-R: not detected","Sunny, clear",2022-09-01 16:24:00,28.8251933,-81.8641526,0.3,"https://services1.arcgis.com/nRHtyn3uE1kyzoYc/ArcGIS/rest/services/service_c1026ff3b55f468d9f2edd834cb807f8/FeatureServer/0/6041/attachments/2545?token=esFGg2N_4QUkCtU1tiMztDW4hm2M0GdusSqnOkviQULZsKWy6cHlYSpBrHqloDkjMDORyL7vHp8tCloK_rT_6I4OA4EY19edP5rFzXcDxs3_bvd6rAbKq0BqhoPk7exiwoF-z98H5LJH5jJbe4dDOjffY9Bj9w3g5kWvPrs5PpMeAdY4Rap08W1RrijQW_Ta"
"Doctors Lake - end of Lawrence Rd","Clay",2022-09-01,"NEROC","Yes","Dominant taxon: Microcystis aeruginosa","Yes","Yes",0.42,"I (I qualifier indicates that the reported value is between the laboratory method detection limit and the laboratory practical quantitation limit.)",,,,,,,,,"Anatoxin-a: not detected; Cylindrospermopsin: not detected; Nodularin-R: not detected; Saxitoxins: not detected",,2022-09-01 16:05:00,30.1294745,-81.7512158,0.3,"https://services1.arcgis.com/nRHtyn3uE1kyzoYc/ArcGIS/rest/services/service_c1026ff3b55f468d9f2edd834cb807f8/FeatureServer/0/6036/attachments/2530?token=esFGg2N_4QUkCtU1tiMztDW4hm2M0GdusSqnOkviQULZsKWy6cHlYSpBrHqloDkjMDORyL7vHp8tCloK_rT_6I4OA4EY19edP5rFzXcDxs3_bvd6rAbKq0BqhoPk7exiwoF-z98H5LJH5jJbe4dDOjffY9Bj9w3g5kWvPrs5PpMeAdY4Rap08W1RrijQW_Ta"
"Doctors Lake - Near Lucy Branch","Clay",2022-09-01,"NEROC","Yes","mixed algae; no dominant species in sample","No","Yes",0.47,"I (I qualifier indicates that the reported value is between the laboratory method detection limit and the laboratory practical quantitation limit.)",,,,,,,,,"Anatoxin-a: not detected; Cylindrospermopsin: not detected; Nodularin-R: not detected; Saxitoxins: not detected",,2022-09-01 15:50:00,30.1399607,-81.743935,0.3,"https://services1.arcgis.com/nRHtyn3uE1kyzoYc/ArcGIS/rest/services/service_c1026ff3b55f468d9f2edd834cb807f8/FeatureServer/0/6035/attachments/2527?token=esFGg2N_4QUkCtU1tiMztDW4hm2M0GdusSqnOkviQULZsKWy6cHlYSpBrHqloDkjMDORyL7vHp8tCloK_rT_6I4OA4EY19edP5rFzXcDxs3_bvd6rAbKq0BqhoPk7exiwoF-z98H5LJH5jJbe4dDOjffY9Bj9w3g5kWvPrs5PpMeAdY4Rap08W1RrijQW_Ta"
"Doctors Lake - at Camp Echockotee","Clay",2022-09-01,"NEROC","Yes","Dominant taxon: Microcystis aeruginosa","Yes","Yes",0.29,"I (I qualifier indicates that the reported value is between the laboratory method detection limit and the laboratory practical quantitation limit.)",,,,,,,,,"Anatoxin-a: not detected; Cylindrospermopsin: not detected; Nodularin-R: not detected; Saxitoxins: not detected",,2022-09-01 15:25:00,30.1503776,-81.7248143,0.3,"https://services1.arcgis.com/nRHtyn3uE1kyzoYc/ArcGIS/rest/services/service_c1026ff3b55f468d9f2edd834cb807f8/FeatureServer/0/6034/attachments/2524?token=esFGg2N_4QUkCtU1tiMztDW4hm2M0GdusSqnOkviQULZsKWy6cHlYSpBrHqloDkjMDORyL7vHp8tCloK_rT_6I4OA4EY19edP5rFzXcDxs3_bvd6rAbKq0BqhoPk7exiwoF-z98H5LJH5jJbe4dDOjffY9Bj9w3g5kWvPrs5PpMeAdY4Rap08W1RrijQW_Ta"
"St. Johns River - at Buckman Bridge fenders","Duval",2022-09-01,"NEROC","Yes","mixed algae; no dominant species in sample","No","No",,,,,,,,,,,"Anatoxin-a: not detected; Cylindrospermopsin: not detected; Nodularin-R: not detected; Saxitoxins: not detected",,2022-09-01 14:55:00,30.1907955,-81.6679341,0.3,"https://services1.arcgis.com/nRHtyn3uE1kyzoYc/ArcGIS/rest/services/service_c1026ff3b55f468d9f2edd834cb807f8/FeatureServer/0/6033/attachments/2521?token=esFGg2N_4QUkCtU1tiMztDW4hm2M0GdusSqnOkviQULZsKWy6cHlYSpBrHqloDkjMDORyL7vHp8tCloK_rT_6I4OA4EY19edP5rFzXcDxs3_bvd6rAbKq0BqhoPk7exiwoF-z98H5LJH5jJbe4dDOjffY9Bj9w3g5kWvPrs5PpMeAdY4Rap08W1RrijQW_Ta"
"St. Johns River - 2930 SR 13","StJohns",2022-09-01,"NEROC","Yes","Dominant taxon: Microcystis aeruginosa","Yes","No",,,,,,,,,,,"Anatoxin-a: not detected; Cylindrospermopsin: not detected; Nodularin-R: not detected; Saxitoxins: not detected","Cloudy",2022-09-01 13:55:00,30.0503822,-81.6697371,0.3,"https://services1.arcgis.com/nRHtyn3uE1kyzoYc/ArcGIS/rest/services/service_c1026ff3b55f468d9f2edd834cb807f8/FeatureServer/0/6032/attachments/2518?token=esFGg2N_4QUkCtU1tiMztDW4hm2M0GdusSqnOkviQULZsKWy6cHlYSpBrHqloDkjMDORyL7vHp8tCloK_rT_6I4OA4EY19edP5rFzXcDxs3_bvd6rAbKq0BqhoPk7exiwoF-z98H5LJH5jJbe4dDOjffY9Bj9w3g5kWvPrs5PpMeAdY4Rap08W1RrijQW_Ta"
"Lake Speer - NW Lobe","Orange",2022-08-31,"County","Yes","Dominant taxon: Microcystis aeruginosa","Yes","Yes",0.59,"I (I qualifier indicates that the reported value is between the laboratory method detection limit and the laboratory practical quantitation limit.)",,,,,,,,,"Anatoxin-a: not detected; Cylindrospermopsin: not detected; Nodularin-R: not detected",,2022-08-31 14:00:00,28.483104,-81.602176,0.3,"https://services1.arcgis.com/nRHtyn3uE1kyzoYc/ArcGIS/rest/services/service_c1026ff3b55f468d9f2edd834cb807f8/FeatureServer/0/6030/attachments/2512?token=esFGg2N_4QUkCtU1tiMztDW4hm2M0GdusSqnOkviQULZsKWy6cHlYSpBrHqloDkjMDORyL7vHp8tCloK_rT_6I4OA4EY19edP5rFzXcDxs3_bvd6rAbKq0BqhoPk7exiwoF-z98H5LJH5jJbe4dDOjffY9Bj9w3g5kWvPrs5PpMeAdY4Rap08W1RrijQW_Ta"
"Lake Washington - 0.8 miles east of weir","Brevard",2022-08-30,"SJRWMD","Yes","mixed algae; no dominant species in sample","No","No",,,,,,,,,,,"Anatoxin-a: not detected; Cylindrospermopsin: not detected; Nodularin-R: not detected; Saxitoxins: not detected","Bright green bloom observed throughout surface and column",2022-08-30 15:25:00,28.16346596,-80.75552325,0.3,"https://services1.arcgis.com/nRHtyn3uE1kyzoYc/ArcGIS/rest/services/service_c1026ff3b55f468d9f2edd834cb807f8/FeatureServer/0/6025/attachments/2502?token=esFGg2N_4QUkCtU1tiMztDW4hm2M0GdusSqnOkviQULZsKWy6cHlYSpBrHqloDkjMDORyL7vHp8tCloK_rT_6I4OA4EY19edP5rFzXcDxs3_bvd6rAbKq0BqhoPk7exiwoF-z98H5LJH5jJbe4dDOjffY9Bj9w3g5kWvPrs5PpMeAdY4Rap08W1RrijQW_Ta"
"Bull Creek - near fish camp","Flagler",2022-08-30,"SJRWMD","Yes","Dominant taxon: Microcystis aeruginosa","Yes","No",,,,,,,,,,,"Anatoxin-a: not detected; Cylindrospermopsin: not detected; Nodularin-R: not detected; Saxitoxins: not detected","Overcast, humid",2022-08-30 13:35:00,29.42407302,-81.43613874,0.307,"https://services1.arcgis.com/nRHtyn3uE1kyzoYc/ArcGIS/rest/services/service_c1026ff3b55f468d9f2edd834cb807f8/FeatureServer/0/6020/attachments/2492?token=esFGg2N_4QUkCtU1tiMztDW4hm2M0GdusSqnOkviQULZsKWy6cHlYSpBrHqloDkjMDORyL7vHp8tCloK_rT_6I4OA4EY19edP5rFzXcDxs3_bvd6rAbKq0BqhoPk7exiwoF-z98H5LJH5jJbe4dDOjffY9Bj9w3g5kWvPrs5PpMeAdY4Rap08W1RrijQW_Ta"
"Lake Washington - Center (LWC)","Brevard",2022-08-30,"SJRWMD","Yes","mixed algae; no dominant species in sample","No","No",,,,,,,,,,,"Anatoxin-a: not detected; Cylindrospermopsin: not detected; Nodularin-R: not detected; Saxitoxins: not detected","Bloom observed as green scum throughout surface and in column",2022-08-30 13:17:00,28.142439,-80.746111,0.307,"https://services1.arcgis.com/nRHtyn3uE1kyzoYc/ArcGIS/rest/services/service_c1026ff3b55f468d9f2edd834cb807f8/FeatureServer/0/6024/attachments/2500?token=esFGg2N_4QUkCtU1tiMztDW4hm2M0GdusSqnOkviQULZsKWy6cHlYSpBrHqloDkjMDORyL7vHp8tCloK_rT_6I4OA4EY19edP5rFzXcDxs3_bvd6rAbKq0BqhoPk7exiwoF-z98H5LJH5jJbe4dDOjffY9Bj9w3g5kWvPrs5PpMeAdY4Rap08W1RrijQW_Ta"
"Lake Washington - Boat Ramp","Brevard",2022-08-30,"SJRWMD","Yes","mixed algae; no dominant species in sample","No","No",,,,,,,,,,,"Anatoxin-a: not detected; Cylindrospermopsin: not detected; Nodularin-R: not detected; Saxitoxins: not detected","Bloom observed, Green algal scum throughout surface",2022-08-30 12:35:00,28.1474585,-80.73444517,0.303,"https://services1.arcgis.com/nRHtyn3uE1kyzoYc/ArcGIS/rest/services/service_c1026ff3b55f468d9f2edd834cb807f8/FeatureServer/0/6023/attachments/2499?token=esFGg2N_4QUkCtU1tiMztDW4hm2M0GdusSqnOkviQULZsKWy6cHlYSpBrHqloDkjMDORyL7vHp8tCloK_rT_6I4OA4EY19edP5rFzXcDxs3_bvd6rAbKq0BqhoPk7exiwoF-z98H5LJH5jJbe4dDOjffY9Bj9w3g5kWvPrs5PpMeAdY4Rap08W1RrijQW_Ta"
"Crescent Lake - near Shell Bluff","Flagler",2022-08-30,"SJRWMD","No","Dominant taxon: Microcystis aeruginosa","Yes","Yes",,,0.22,"I (I qualifier indicates that the reported value is between the laboratory method detection limit and the laboratory practical quantitation limit.)",,,,,,,"Anatoxin-a: not detected; Cylindrospermopsin: 0.22 I (I qualifier indicates that the reported value is between the laboratory method detection limit and the laboratory practical quantitation limit.); Nodularin-R: not detected; Saxitoxins: not detected",,2022-08-30 12:23:00,29.50052139,-81.4989436,0.297,"https://services1.arcgis.com/nRHtyn3uE1kyzoYc/ArcGIS/rest/services/service_c1026ff3b55f468d9f2edd834cb807f8/FeatureServer/0/6019/attachments/2491?token=esFGg2N_4QUkCtU1tiMztDW4hm2M0GdusSqnOkviQULZsKWy6cHlYSpBrHqloDkjMDORyL7vHp8tCloK_rT_6I4OA4EY19edP5rFzXcDxs3_bvd6rAbKq0BqhoPk7exiwoF-z98H5LJH5jJbe4dDOjffY9Bj9w3g5kWvPrs5PpMeAdY4Rap08W1RrijQW_Ta"
"Fish Lake - Sexton Park","Osceola",2022-08-29,"CEROC","No","mixed algae; no dominant species in sample","No","Yes",,,0.14,"I (I qualifier indicates that the reported value is between the laboratory method detection limit and the laboratory practical quantitation limit.)",,,,,,,"Anatoxin-a: not detected; Cylindrospermopsin: 0.14 I (I qualifier indicates that the reported value is between the laboratory method detection limit and the laboratory practical quantitation limit.); Nodularin-R: not detected","Overcast",2022-08-29 18:17:00,28.2721808,-81.33977,0.3,"https://services1.arcgis.com/nRHtyn3uE1kyzoYc/ArcGIS/rest/services/service_c1026ff3b55f468d9f2edd834cb807f8/FeatureServer/0/6017/attachments/2485?token=esFGg2N_4QUkCtU1tiMztDW4hm2M0GdusSqnOkviQULZsKWy6cHlYSpBrHqloDkjMDORyL7vHp8tCloK_rT_6I4OA4EY19edP5rFzXcDxs3_bvd6rAbKq0BqhoPk7exiwoF-z98H5LJH5jJbe4dDOjffY9Bj9w3g5kWvPrs5PpMeAdY4Rap08W1RrijQW_Ta"
"Bivens Lake - outflow at US441","Alachua",2022-08-29,"County","Yes","Dominant taxon: Cylindrospermopsis raciborskii","Yes","No",,,,,,,,,,,"Anatoxin-a: not detected; Cylindrospermopsin: not detected; Nodularin-R: not detected",,2022-08-29 16:45:00,29.62163,-82.34003,0.5,"https://services1.arcgis.com/nRHtyn3uE1kyzoYc/ArcGIS/rest/services/service_c1026ff3b55f468d9f2edd834cb807f8/FeatureServer/0/6026/attachments/2503?token=esFGg2N_4QUkCtU1tiMztDW4hm2M0GdusSqnOkviQULZsKWy6cHlYSpBrHqloDkjMDORyL7vHp8tCloK_rT_6I4OA4EY19edP5rFzXcDxs3_bvd6rAbKq0BqhoPk7exiwoF-z98H5LJH5jJbe4dDOjffY9Bj9w3g5kWvPrs5PpMeAdY4Rap08W1RrijQW_Ta"
"Lake Estelle - Dorchester and Mills","Orange",2022-08-29,"CEROC","No","Dominant taxon: Microcystis aeruginosa","Yes","No",,,,,,,,,,,"Anatoxin-a: not detected; Cylindrospermopsin: not detected; Nodularin-R: not detected","Overcast, breezy",2022-08-29 16:29:00,28.57692,-81.36356,0.3,"https://services1.arcgis.com/nRHtyn3uE1kyzoYc/ArcGIS/rest/services/service_c1026ff3b55f468d9f2edd834cb807f8/FeatureServer/0/6014/attachments/2484?token=esFGg2N_4QUkCtU1tiMztDW4hm2M0GdusSqnOkviQULZsKWy6cHlYSpBrHqloDkjMDORyL7vHp8tCloK_rT_6I4OA4EY19edP5rFzXcDxs3_bvd6rAbKq0BqhoPk7exiwoF-z98H5LJH5jJbe4dDOjffY9Bj9w3g5kWvPrs5PpMeAdY4Rap08W1RrijQW_Ta"
"Georges Lake - Center","Putnam",2022-08-29,"SJRWMD","No","Dominant taxon: Aphanizomenon flos-aquae","Yes","Yes",0.12,"I (I qualifier indicates that the reported value is between the laboratory method detection limit and the laboratory practical quantitation limit.)",,,,,,,,,"Anatoxin-a: not detected; Cylindrospermopsin: not detected; Nodularin-R: not detected; Saxitoxins: not detected",,2022-08-29 12:29:00,29.79914328,-81.84901781,0.304,"https://services1.arcgis.com/nRHtyn3uE1kyzoYc/ArcGIS/rest/services/service_c1026ff3b55f468d9f2edd834cb807f8/FeatureServer/0/6013/attachments/2483?token=esFGg2N_4QUkCtU1tiMztDW4hm2M0GdusSqnOkviQULZsKWy6cHlYSpBrHqloDkjMDORyL7vHp8tCloK_rT_6I4OA4EY19edP5rFzXcDxs3_bvd6rAbKq0BqhoPk7exiwoF-z98H5LJH5jJbe4dDOjffY9Bj9w3g5kWvPrs5PpMeAdY4Rap08W1RrijQW_Ta"
"Guana Lake - 400 m N of Ramp","StJohns",2022-08-25,"NEROC","Yes","mixed algae; no dominant species in sample","No","No",,,,,,,,,,,"Anatoxin-a: not detected; Cylindrospermopsin: not detected; Nodularin-R: not detected; Saxitoxins: not detected",,2022-08-25 14:33:00,30.1124312,-81.3500847,0.3,"https://services1.arcgis.com/nRHtyn3uE1kyzoYc/ArcGIS/rest/services/service_c1026ff3b55f468d9f2edd834cb807f8/FeatureServer/0/6005/attachments/2464?token=esFGg2N_4QUkCtU1tiMztDW4hm2M0GdusSqnOkviQULZsKWy6cHlYSpBrHqloDkjMDORyL7vHp8tCloK_rT_6I4OA4EY19edP5rFzXcDxs3_bvd6rAbKq0BqhoPk7exiwoF-z98H5LJH5jJbe4dDOjffY9Bj9w3g5kWvPrs5PpMeAdY4Rap08W1RrijQW_Ta"
"Lake Monroe - Center (LMAC)","Volusia",2022-08-25,"SJRWMD","No","mixed algae; no dominant species in sample","Yes","No",,,,,,,,,,,"Anatoxin-a: not detected; Cylindrospermopsin: not detected; Nodularin-R: not detected; Saxitoxins: not detected","Sunny and light wind",2022-08-25 13:47:00,28.83496,-81.27091,0.3,
"Lake Runnymede - Sam Pan Way","Osceola",2022-08-24,"CEROC","Yes","mixed algae; no dominant species in sample","No","No",,,,,,,,,,,"Anatoxin-a: not detected; Cylindrospermopsin: not detected; Nodularin-R: not detected","Sunny. Water green",2022-08-24 18:28:00,28.256066,-81.261975,0.3,"https://services1.arcgis.com/nRHtyn3uE1kyzoYc/ArcGIS/rest/services/service_c1026ff3b55f468d9f2edd834cb807f8/FeatureServer/0/6003/attachments/2461?token=esFGg2N_4QUkCtU1tiMztDW4hm2M0GdusSqnOkviQULZsKWy6cHlYSpBrHqloDkjMDORyL7vHp8tCloK_rT_6I4OA4EY19edP5rFzXcDxs3_bvd6rAbKq0BqhoPk7exiwoF-z98H5LJH5jJbe4dDOjffY9Bj9w3g5kWvPrs5PpMeAdY4Rap08W1RrijQW_Ta"
"Lake Jesup - Center (OW-CTR)","Seminole",2022-08-24,"SJRWMD","Yes","Dominant taxon: Microcystis aeruginosa","Yes","Yes",,,0.1,"I (I qualifier indicates that the reported value is between the laboratory method detection limit and the laboratory practical quantitation limit.)",,,,,,,"Anatoxin-a: not detected; Cylindrospermopsin: 0.10 I (I qualifier indicates that the reported value is between the laboratory method detection limit and the laboratory practical quantitation limit.); Nodularin-R: not detected; Saxitoxins: not detected",,2022-08-24 14:36:00,28.7268,-81.2111,0.3,
"Stick Marsh - North (STKM)","IndianRiver",2022-08-24,"SJRWMD","No","mixed algae; no dominant species in sample","No","No",,,,,,,,,,,"Anatoxin-a: not detected; Cylindrospermopsin: not detected; Nodularin-R: not detected; Saxitoxins: not detected",,2022-08-24 14:30:00,27.81065,-80.724854,0.307,"https://services1.arcgis.com/nRHtyn3uE1kyzoYc/ArcGIS/rest/services/service_c1026ff3b55f468d9f2edd834cb807f8/FeatureServer/0/6000/attachments/2456?token=esFGg2N_4QUkCtU1tiMztDW4hm2M0GdusSqnOkviQULZsKWy6cHlYSpBrHqloDkjMDORyL7vHp8tCloK_rT_6I4OA4EY19edP5rFzXcDxs3_bvd6rAbKq0BqhoPk7exiwoF-z98H5LJH5jJbe4dDOjffY9Bj9w3g5kWvPrs5PpMeAdY4Rap08W1RrijQW_Ta"
"Orange Lake - McIntosh Bay 300 m NE of McCormick Island","Alachua",2022-08-23,"NEROC","Yes","Dominant taxon: Microcystis aeruginosa","Yes","Yes",0.37,"I (I qualifier indicates that the reported value is between the laboratory method detection limit and the laboratory practical quantitation limit.)",,,,,,,,,"Anatoxin-a: not detected; Cylindrospermopsin: not detected; Nodularin-R: not detected",,2022-08-23 17:40:00,29.4411093,-82.1876221,0.3,
"Orange Lake - Center","Alachua",2022-08-23,"NEROC","Yes","Dominant taxon: Microcystis aeruginosa","Yes","Yes",0.15,"I (I qualifier indicates that the reported value is between the laboratory method detection limit and the laboratory practical quantitation limit.)",,,0.31,"I (I qualifier indicates that the reported value is between the laboratory method detection limit and the laboratory practical quantitation limit.)",,,,,"Anatoxin-a: 0.31 I (I qualifier indicates that the reported value is between the laboratory method detection limit and the laboratory practical quantitation limit.); Cylindrospermopsin: not detected; Nodularin-R: not detected",,2022-08-23 16:30:00,29.4648749,-82.1781409,0.3,"https://services1.arcgis.com/nRHtyn3uE1kyzoYc/ArcGIS/rest/services/service_c1026ff3b55f468d9f2edd834cb807f8/FeatureServer/0/5989/attachments/2436?token=esFGg2N_4QUkCtU1tiMztDW4hm2M0GdusSqnOkviQULZsKWy6cHlYSpBrHqloDkjMDORyL7vHp8tCloK_rT_6I4OA4EY19edP5rFzXcDxs3_bvd6rAbKq0BqhoPk7exiwoF-z98H5LJH5jJbe4dDOjffY9Bj9w3g5kWvPrs5PpMeAdY4Rap08W1RrijQW_Ta"
"Lake Washington - Boat Ramp","Brevard",2022-08-23,"CEROC","Yes","Co-dominant taxa were: Microcystis aeruginosa and Dolichospermum sp.","Yes","No",,,,,,,,,,,"Anatoxin-a: not detected; Cylindrospermopsin: not detected; Nodularin-R: not detected","Sunny, clear",2022-08-23 16:21:00,28.1474244,-80.7344357,0.3,"https://services1.arcgis.com/nRHtyn3uE1kyzoYc/ArcGIS/rest/services/service_c1026ff3b55f468d9f2edd834cb807f8/FeatureServer/0/5998/attachments/2451?token=esFGg2N_4QUkCtU1tiMztDW4hm2M0GdusSqnOkviQULZsKWy6cHlYSpBrHqloDkjMDORyL7vHp8tCloK_rT_6I4OA4EY19edP5rFzXcDxs3_bvd6rAbKq0BqhoPk7exiwoF-z98H5LJH5jJbe4dDOjffY9Bj9w3g5kWvPrs5PpMeAdY4Rap08W1RrijQW_Ta"
"Lake Washington - Center","Brevard",2022-08-23,"CEROC","Yes","mixed algae; no dominant species in sample","No","No",,,,,,,,,,,"Anatoxin-a: not detected; Cylindrospermopsin: not detected; Nodularin-R: not detected","Sunny, breezy",2022-08-23 16:03:00,28.1457961,-80.7447548,0.3,"https://services1.arcgis.com/nRHtyn3uE1kyzoYc/ArcGIS/rest/services/service_c1026ff3b55f468d9f2edd834cb807f8/FeatureServer/0/5997/attachments/2449?token=esFGg2N_4QUkCtU1tiMztDW4hm2M0GdusSqnOkviQULZsKWy6cHlYSpBrHqloDkjMDORyL7vHp8tCloK_rT_6I4OA4EY19edP5rFzXcDxs3_bvd6rAbKq0BqhoPk7exiwoF-z98H5LJH5jJbe4dDOjffY9Bj9w3g5kWvPrs5PpMeAdY4Rap08W1RrijQW_Ta"
"St. Johns River - Shands Bridge (20030157)","StJohns",2022-08-23,"SJRWMD","No","Dominant taxon: Microcystis aeruginosa","Yes","Yes",,,0.12,"I (I qualifier indicates that the reported value is between the laboratory method detection limit and the laboratory practical quantitation limit.)",,,,,,,"Anatoxin-a: not detected; Cylindrospermopsin: 0.12 I (I qualifier indicates that the reported value is between the laboratory method detection limit and the laboratory practical quantitation limit.); Nodularin-R: not detected; Saxitoxins: not detected","Cloudy, humid, hot",2022-08-23 15:57:00,29.98163056,-81.62213889,0.31,"https://services1.arcgis.com/nRHtyn3uE1kyzoYc/ArcGIS/rest/services/service_c1026ff3b55f468d9f2edd834cb807f8/FeatureServer/0/5995/attachments/2448?token=esFGg2N_4QUkCtU1tiMztDW4hm2M0GdusSqnOkviQULZsKWy6cHlYSpBrHqloDkjMDORyL7vHp8tCloK_rT_6I4OA4EY19edP5rFzXcDxs3_bvd6rAbKq0BqhoPk7exiwoF-z98H5LJH5jJbe4dDOjffY9Bj9w3g5kWvPrs5PpMeAdY4Rap08W1RrijQW_Ta"
"Orange Lake - McIntosh Bay","Alachua",2022-08-23,"NEROC","Yes","Dominant taxon: Microcystis aeruginosa","Yes","Yes",0.15,"I (I qualifier indicates that the reported value is between the laboratory method detection limit and the laboratory practical quantitation limit.)",,,,,,,,,"Anatoxin-a: not detected; Cylindrospermopsin: not detected; Nodularin-R: not detected",,2022-08-23 15:50:00,29.4374471,-82.1915799,0.3,"https://services1.arcgis.com/nRHtyn3uE1kyzoYc/ArcGIS/rest/services/service_c1026ff3b55f468d9f2edd834cb807f8/FeatureServer/0/5988/attachments/2433?token=esFGg2N_4QUkCtU1tiMztDW4hm2M0GdusSqnOkviQULZsKWy6cHlYSpBrHqloDkjMDORyL7vHp8tCloK_rT_6I4OA4EY19edP5rFzXcDxs3_bvd6rAbKq0BqhoPk7exiwoF-z98H5LJH5jJbe4dDOjffY9Bj9w3g5kWvPrs5PpMeAdY4Rap08W1RrijQW_Ta"
"Doctors Lake - Center (DTL)","Clay",2022-08-23,"SJRWMD","No","mixed algae; no dominant species in sample","No","Yes",0.46,"I (I qualifier indicates that the reported value is between the laboratory method detection limit and the laboratory practical quantitation limit.)",,,,,,,,,"Anatoxin-a: not detected; Cylindrospermopsin: not detected; Nodularin-R: not detected; Saxitoxins: not detected","Cloudy, humid",2022-08-23 14:41:00,30.13805556,-81.72722222,0.296,"https://services1.arcgis.com/nRHtyn3uE1kyzoYc/ArcGIS/rest/services/service_c1026ff3b55f468d9f2edd834cb807f8/FeatureServer/0/5994/attachments/2447?token=esFGg2N_4QUkCtU1tiMztDW4hm2M0GdusSqnOkviQULZsKWy6cHlYSpBrHqloDkjMDORyL7vHp8tCloK_rT_6I4OA4EY19edP5rFzXcDxs3_bvd6rAbKq0BqhoPk7exiwoF-z98H5LJH5jJbe4dDOjffY9Bj9w3g5kWvPrs5PpMeAdY4Rap08W1RrijQW_Ta"
"St. Johns River - Mandarin Point (MP72)","Duval",2022-08-23,"SJRWMD","No","mixed algae; no dominant species in sample","No","No",,,,,,,,,,,"Anatoxin-a: not detected; Cylindrospermopsin: not detected; Nodularin-R: not detected; Saxitoxins: not detected","Cloudy, humid",2022-08-23 13:55:00,30.15666667,-81.68388889,0.306,"https://services1.arcgis.com/nRHtyn3uE1kyzoYc/ArcGIS/rest/services/service_c1026ff3b55f468d9f2edd834cb807f8/FeatureServer/0/5993/attachments/2446?token=esFGg2N_4QUkCtU1tiMztDW4hm2M0GdusSqnOkviQULZsKWy6cHlYSpBrHqloDkjMDORyL7vHp8tCloK_rT_6I4OA4EY19edP5rFzXcDxs3_bvd6rAbKq0BqhoPk7exiwoF-z98H5LJH5jJbe4dDOjffY9Bj9w3g5kWvPrs5PpMeAdY4Rap08W1RrijQW_Ta"
"Blue Cypress Lake - Center (BCL)","IndianRiver",2022-08-23,"SJRWMD","No","mixed algae; no dominant species in sample","No","No",,,,,,,,,,,"Anatoxin-a: not detected; Cylindrospermopsin: not detected; Nodularin-R: not detected; Saxitoxins: not detected",,2022-08-23 13:38:00,27.72670978,-80.75357692,0.3,"https://services1.arcgis.com/nRHtyn3uE1kyzoYc/ArcGIS/rest/services/service_c1026ff3b55f468d9f2edd834cb807f8/FeatureServer/0/5991/attachments/2442?token=esFGg2N_4QUkCtU1tiMztDW4hm2M0GdusSqnOkviQULZsKWy6cHlYSpBrHqloDkjMDORyL7vHp8tCloK_rT_6I4OA4EY19edP5rFzXcDxs3_bvd6rAbKq0BqhoPk7exiwoF-z98H5LJH5jJbe4dDOjffY9Bj9w3g5kWvPrs5PpMeAdY4Rap08W1RrijQW_Ta"
"St. Johns River - Palatka Riverfront Park boat ramp","Putnam",2022-08-22,"SJRWMD","No","Co-dominant taxa were: Microcystis aeruginosa and Cylindrospermopsis raciborskii","Yes","Yes",,,0.21,"I (I qualifier indicates that the reported value is between the laboratory method detection limit and the laboratory practical quantitation limit.)",,,,,,,"Anatoxin-a: not detected; Cylindrospermopsin: 0.21 I (I qualifier indicates that the reported value is between the laboratory method detection limit and the laboratory practical quantitation limit.); Nodularin-R: not detected; Saxitoxins: not detected","Partly cloudy, humid",2022-08-22 17:13:00,29.64366214,-81.63078448,0.297,"https://services1.arcgis.com/nRHtyn3uE1kyzoYc/ArcGIS/rest/services/service_c1026ff3b55f468d9f2edd834cb807f8/FeatureServer/0/5984/attachments/2424?token=esFGg2N_4QUkCtU1tiMztDW4hm2M0GdusSqnOkviQULZsKWy6cHlYSpBrHqloDkjMDORyL7vHp8tCloK_rT_6I4OA4EY19edP5rFzXcDxs3_bvd6rAbKq0BqhoPk7exiwoF-z98H5LJH5jJbe4dDOjffY9Bj9w3g5kWvPrs5PpMeAdY4Rap08W1RrijQW_Ta"
"Lake Christie - NE Shore","Orange",2022-08-22,"CEROC","Yes","Dominant taxon: Botryococcus braunii","No","No",,,,,,,,,,,"Anatoxin-a: not detected; Cylindrospermopsin: not detected; Nodularin-R: not detected","Sunny. Bright green patches of algae floating on surface with spilled paint appearance. Decaying filamentous algae also present at shoreline & on aquatic vegetation ",2022-08-22 16:56:00,28.440981,-81.407,0.3,"https://services1.arcgis.com/nRHtyn3uE1kyzoYc/ArcGIS/rest/services/service_c1026ff3b55f468d9f2edd834cb807f8/FeatureServer/0/5986/attachments/2427?token=esFGg2N_4QUkCtU1tiMztDW4hm2M0GdusSqnOkviQULZsKWy6cHlYSpBrHqloDkjMDORyL7vHp8tCloK_rT_6I4OA4EY19edP5rFzXcDxs3_bvd6rAbKq0BqhoPk7exiwoF-z98H5LJH5jJbe4dDOjffY9Bj9w3g5kWvPrs5PpMeAdY4Rap08W1RrijQW_Ta"
"St. Johns River - just north of Buffalo Bluff bridge","Putnam",2022-08-22,"SJRWMD","No","Dominant taxon: Cylindrospermopsis raciborskii","Yes","Yes",,,0.17,"I (I qualifier indicates that the reported value is between the laboratory method detection limit and the laboratory practical quantitation limit.)",,,,,,,"Anatoxin-a: not detected; Cylindrospermopsin: 0.17 I (I qualifier indicates that the reported value is between the laboratory method detection limit and the laboratory practical quantitation limit.); Nodularin-R: not detected; Saxitoxins: not detected","Partly cloudy, humid",2022-08-22 16:33:00,29.59480023,-81.67839068,0.312,"https://services1.arcgis.com/nRHtyn3uE1kyzoYc/ArcGIS/rest/services/service_c1026ff3b55f468d9f2edd834cb807f8/FeatureServer/0/5983/attachments/2421?token=esFGg2N_4QUkCtU1tiMztDW4hm2M0GdusSqnOkviQULZsKWy6cHlYSpBrHqloDkjMDORyL7vHp8tCloK_rT_6I4OA4EY19edP5rFzXcDxs3_bvd6rAbKq0BqhoPk7exiwoF-z98H5LJH5jJbe4dDOjffY9Bj9w3g5kWvPrs5PpMeAdY4Rap08W1RrijQW_Ta"
"Welaka Springs - headspring","Putnam",2022-08-22,"SJRWMD","Yes","Co-dominant taxa were: Microcystis aeruginosa and Cylindrospermopsis raciborskii","Yes","Yes",,,0.21,"I (I qualifier indicates that the reported value is between the laboratory method detection limit and the laboratory practical quantitation limit.)",,,,,,,"Anatoxin-a: not detected; Cylindrospermopsin: 0.21 I (I qualifier indicates that the reported value is between the laboratory method detection limit and the laboratory practical quantitation limit.); Nodularin-R: not detected; Saxitoxins: not detected","Partly cloudy, hot, humid",2022-08-22 15:51:00,29.49428158,-81.67386073,0.297,"https://services1.arcgis.com/nRHtyn3uE1kyzoYc/ArcGIS/rest/services/service_c1026ff3b55f468d9f2edd834cb807f8/FeatureServer/0/5982/attachments/2420?token=esFGg2N_4QUkCtU1tiMztDW4hm2M0GdusSqnOkviQULZsKWy6cHlYSpBrHqloDkjMDORyL7vHp8tCloK_rT_6I4OA4EY19edP5rFzXcDxs3_bvd6rAbKq0BqhoPk7exiwoF-z98H5LJH5jJbe4dDOjffY9Bj9w3g5kWvPrs5PpMeAdY4Rap08W1RrijQW_Ta"
"Lake George - Center (LEO)","Volusia",2022-08-22,"SJRWMD","No","Dominant taxon: Microcystis aeruginosa","Yes","Yes",,,0.55,,,,,,,,"Anatoxin-a: not detected; Cylindrospermopsin: 0.55; Nodularin-R: not detected; Saxitoxins: not detected","Partly cloudy, humid",2022-08-22 14:20:00,29.30830556,-81.60638889,0.293,"https://services1.arcgis.com/nRHtyn3uE1kyzoYc/ArcGIS/rest/services/service_c1026ff3b55f468d9f2edd834cb807f8/FeatureServer/0/5981/attachments/2419?token=esFGg2N_4QUkCtU1tiMztDW4hm2M0GdusSqnOkviQULZsKWy6cHlYSpBrHqloDkjMDORyL7vHp8tCloK_rT_6I4OA4EY19edP5rFzXcDxs3_bvd6rAbKq0BqhoPk7exiwoF-z98H5LJH5jJbe4dDOjffY9Bj9w3g5kWvPrs5PpMeAdY4Rap08W1RrijQW_Ta"
"Salt Springs - head spring","Marion",2022-08-22,"SJRWMD","No","mixed algae; no dominant species in sample","No","No",,,,,,,,,,,"Anatoxin-a: not detected; Cylindrospermopsin: not detected; Nodularin-R: not detected; Saxitoxins: not detected","Partly cloudy, humid",2022-08-22 14:13:00,29.3502317725008,-81.7334217956675,0.3,
"Crescent Lake - mouth of Dunns Creek (CRESLM)","Putnam",2022-08-22,"SJRWMD","No","Co-dominant taxa were: Microcystis aeruginosa and Cylindrospermopsis raciborskii","Yes","Yes",,,0.25,"I",0.34,"I (I qualifier indicates that the reported value is between the laboratory method detection limit and the laboratory practical quantitation limit.)",,,,,"Anatoxin-a: 0.34 I (I qualifier indicates that the reported value is between the laboratory method detection limit and the laboratory practical quantitation limit.); Cylindrospermopsin: 0.25 I; Nodularin-R: not detected; Saxitoxins: not detected","Partly cloudy, humid",2022-08-22 12:49:00,29.52955556,-81.55372222,0.294,"https://services1.arcgis.com/nRHtyn3uE1kyzoYc/ArcGIS/rest/services/service_c1026ff3b55f468d9f2edd834cb807f8/FeatureServer/0/5980/attachments/2418?token=esFGg2N_4QUkCtU1tiMztDW4hm2M0GdusSqnOkviQULZsKWy6cHlYSpBrHqloDkjMDORyL7vHp8tCloK_rT_6I4OA4EY19edP5rFzXcDxs3_bvd6rAbKq0BqhoPk7exiwoF-z98H5LJH5jJbe4dDOjffY9Bj9w3g5kWvPrs5PpMeAdY4Rap08W1RrijQW_Ta"
"Crescent Lake - Crescent City Public Boat Ramp","Putnam",2022-08-22,"SJRWMD","Yes","Dominant taxon: Microcystis aeruginosa","Yes","Yes",,,0.28,"I",0.33,"I (I qualifier indicates that the reported value is between the laboratory method detection limit and the laboratory practical quantitation limit.)",,,,,"Anatoxin-a: 0.33 I (I qualifier indicates that the reported value is between the laboratory method detection limit and the laboratory practical quantitation limit.); Cylindrospermopsin: 0.28 I; Nodularin-R: not detected; Saxitoxins: not detected","Partly cloudy, humid",2022-08-22 12:21:00,29.42829712,-81.506299,0.294,"https://services1.arcgis.com/nRHtyn3uE1kyzoYc/ArcGIS/rest/services/service_c1026ff3b55f468d9f2edd834cb807f8/FeatureServer/0/5979/attachments/2417?token=esFGg2N_4QUkCtU1tiMztDW4hm2M0GdusSqnOkviQULZsKWy6cHlYSpBrHqloDkjMDORyL7vHp8tCloK_rT_6I4OA4EY19edP5rFzXcDxs3_bvd6rAbKq0BqhoPk7exiwoF-z98H5LJH5jJbe4dDOjffY9Bj9w3g5kWvPrs5PpMeAdY4Rap08W1RrijQW_Ta"
"St. Johns River - St Vincent's Riverside","Duval",2022-08-18,"NEROC","Yes","mixed algae; no dominant species in sample","No","No",,,,,,,,,,,"Anatoxin-a: not detected; Cylindrospermopsin: not detected; Nodularin-R: not detected; Saxitoxins: not detected",,2022-08-18 14:40:00,30.3058734,-81.6899582,0.3,"https://services1.arcgis.com/nRHtyn3uE1kyzoYc/ArcGIS/rest/services/service_c1026ff3b55f468d9f2edd834cb807f8/FeatureServer/0/5971/attachments/2405?token=esFGg2N_4QUkCtU1tiMztDW4hm2M0GdusSqnOkviQULZsKWy6cHlYSpBrHqloDkjMDORyL7vHp8tCloK_rT_6I4OA4EY19edP5rFzXcDxs3_bvd6rAbKq0BqhoPk7exiwoF-z98H5LJH5jJbe4dDOjffY9Bj9w3g5kWvPrs5PpMeAdY4Rap08W1RrijQW_Ta"
"Ortega River - Morven Canal","Duval",2022-08-18,"NEROC","Yes","mixed algae; no dominant species in sample","No","No",,,,,,,,,,,"Anatoxin-a: not detected; Cylindrospermopsin: not detected; Nodularin-R: not detected; Saxitoxins: not detected",,2022-08-18 14:00:41.123,30.2526517,-81.7031219,0.3,"https://services1.arcgis.com/nRHtyn3uE1kyzoYc/ArcGIS/rest/services/service_c1026ff3b55f468d9f2edd834cb807f8/FeatureServer/0/5969/attachments/2400?token=esFGg2N_4QUkCtU1tiMztDW4hm2M0GdusSqnOkviQULZsKWy6cHlYSpBrHqloDkjMDORyL7vHp8tCloK_rT_6I4OA4EY19edP5rFzXcDxs3_bvd6rAbKq0BqhoPk7exiwoF-z98H5LJH5jJbe4dDOjffY9Bj9w3g5kWvPrs5PpMeAdY4Rap08W1RrijQW_Ta"
"Doctors Lake - Mill Cove","Clay",2022-08-17,"NEROC","Yes","Dominant taxon: Microcystis aeruginosa","Yes","Yes",1.1,,,,,,,,,,"Anatoxin-a: not detected; Cylindrospermopsin: not detected; Nodularin-R: not detected",,2022-08-17 16:15:00,30.1244505,-81.7257496,0.3,"https://services1.arcgis.com/nRHtyn3uE1kyzoYc/ArcGIS/rest/services/service_c1026ff3b55f468d9f2edd834cb807f8/FeatureServer/0/5950/attachments/2393?token=esFGg2N_4QUkCtU1tiMztDW4hm2M0GdusSqnOkviQULZsKWy6cHlYSpBrHqloDkjMDORyL7vHp8tCloK_rT_6I4OA4EY19edP5rFzXcDxs3_bvd6rAbKq0BqhoPk7exiwoF-z98H5LJH5jJbe4dDOjffY9Bj9w3g5kWvPrs5PpMeAdY4Rap08W1RrijQW_Ta"
"Doctors Lake - at Camp Echockotee","Clay",2022-08-17,"NEROC","No","Dominant taxon: Microcystis aeruginosa","Yes","Yes",0.45,"I (I qualifier indicates that the reported value is between the laboratory method detection limit and the laboratory practical quantitation limit.)",,,,,,,,,"Anatoxin-a: not detected; Cylindrospermopsin: not detected; Nodularin-R: not detected",,2022-08-17 15:49:00,30.150152,-81.72511,0.3,"https://services1.arcgis.com/nRHtyn3uE1kyzoYc/ArcGIS/rest/services/service_c1026ff3b55f468d9f2edd834cb807f8/FeatureServer/0/5948/attachments/2387?token=esFGg2N_4QUkCtU1tiMztDW4hm2M0GdusSqnOkviQULZsKWy6cHlYSpBrHqloDkjMDORyL7vHp8tCloK_rT_6I4OA4EY19edP5rFzXcDxs3_bvd6rAbKq0BqhoPk7exiwoF-z98H5LJH5jJbe4dDOjffY9Bj9w3g5kWvPrs5PpMeAdY4Rap08W1RrijQW_Ta"
"Doctors Lake - Near Lucy Branch","Clay",2022-08-17,"NEROC","Yes","Dominant taxon: Microcystis aeruginosa","Yes","Yes",0.84,"I (I qualifier indicates that the reported value is between the laboratory method detection limit and the laboratory practical quantitation limit.)",,,,,,,,,"Anatoxin-a: not detected; Cylindrospermopsin: not detected; Nodularin-R: not detected",,2022-08-17 15:35:00,30.1400622,-81.744009,0.3,"https://services1.arcgis.com/nRHtyn3uE1kyzoYc/ArcGIS/rest/services/service_c1026ff3b55f468d9f2edd834cb807f8/FeatureServer/0/5951/attachments/2411?token=esFGg2N_4QUkCtU1tiMztDW4hm2M0GdusSqnOkviQULZsKWy6cHlYSpBrHqloDkjMDORyL7vHp8tCloK_rT_6I4OA4EY19edP5rFzXcDxs3_bvd6rAbKq0BqhoPk7exiwoF-z98H5LJH5jJbe4dDOjffY9Bj9w3g5kWvPrs5PpMeAdY4Rap08W1RrijQW_Ta"
"Doctors Lake - end of Lawrence Rd","Clay",2022-08-17,"NEROC","Yes","Dominant taxon: Microcystis aeruginosa","Yes","Yes",1.1,,,,,,,,,,"Anatoxin-a: not detected; Cylindrospermopsin: not detected; Nodularin-R: not detected",,2022-08-17 15:15:00,30.129405,-81.7518273,0.3,"https://services1.arcgis.com/nRHtyn3uE1kyzoYc/ArcGIS/rest/services/service_c1026ff3b55f468d9f2edd834cb807f8/FeatureServer/0/5946/attachments/2381?token=esFGg2N_4QUkCtU1tiMztDW4hm2M0GdusSqnOkviQULZsKWy6cHlYSpBrHqloDkjMDORyL7vHp8tCloK_rT_6I4OA4EY19edP5rFzXcDxs3_bvd6rAbKq0BqhoPk7exiwoF-z98H5LJH5jJbe4dDOjffY9Bj9w3g5kWvPrs5PpMeAdY4Rap08W1RrijQW_Ta"
"Swimming Pen Creek - Whitey's Fish Camp","Clay",2022-08-17,"NEROC","No","mixed algae; no dominant species in sample","No","Yes",2,,,,,,,,,,"Anatoxin-a: not detected; Cylindrospermopsin: not detected; Nodularin-R: not detected",,2022-08-17 14:45:00,30.1009846,-81.7470008,0.3,"https://services1.arcgis.com/nRHtyn3uE1kyzoYc/ArcGIS/rest/services/service_c1026ff3b55f468d9f2edd834cb807f8/FeatureServer/0/5945/attachments/2378?token=esFGg2N_4QUkCtU1tiMztDW4hm2M0GdusSqnOkviQULZsKWy6cHlYSpBrHqloDkjMDORyL7vHp8tCloK_rT_6I4OA4EY19edP5rFzXcDxs3_bvd6rAbKq0BqhoPk7exiwoF-z98H5LJH5jJbe4dDOjffY9Bj9w3g5kWvPrs5PpMeAdY4Rap08W1RrijQW_Ta"
"Lake Sue - Fawsett Ramp","Orange",2022-08-16,"CEROC","Yes","Dominant taxon: Microcystis aeruginosa","Yes","No",,,,,,,,,,,"Anatoxin-a: not detected; Cylindrospermopsin: not detected; Nodularin-R: not detected","90s Clear",2022-08-16 16:12:00,28.5791134508327,-81.3519315049052,0.3,"https://services1.arcgis.com/nRHtyn3uE1kyzoYc/ArcGIS/rest/services/service_c1026ff3b55f468d9f2edd834cb807f8/FeatureServer/0/5942/attachments/2372?token=esFGg2N_4QUkCtU1tiMztDW4hm2M0GdusSqnOkviQULZsKWy6cHlYSpBrHqloDkjMDORyL7vHp8tCloK_rT_6I4OA4EY19edP5rFzXcDxs3_bvd6rAbKq0BqhoPk7exiwoF-z98H5LJH5jJbe4dDOjffY9Bj9w3g5kWvPrs5PpMeAdY4Rap08W1RrijQW_Ta"
"Lake Ivanhoe - Center of Eastern Lobe","Orange",2022-08-16,"CEROC","Yes","Dominant taxon: Microcystis aeruginosa","Yes","Yes",,,0.23,"I (I qualifier indicates that the reported value is between the laboratory method detection limit and the laboratory practical quantitation limit.)",,,,,,,"Anatoxin-a: not detected; Cylindrospermopsin: 0.23 I (I qualifier indicates that the reported value is between the laboratory method detection limit and the laboratory practical quantitation limit.); Nodularin-R: not detected","90s Clear",2022-08-16 15:41:00,28.56,-81.37,0.3,"https://services1.arcgis.com/nRHtyn3uE1kyzoYc/ArcGIS/rest/services/service_c1026ff3b55f468d9f2edd834cb807f8/FeatureServer/0/5940/attachments/2369?token=esFGg2N_4QUkCtU1tiMztDW4hm2M0GdusSqnOkviQULZsKWy6cHlYSpBrHqloDkjMDORyL7vHp8tCloK_rT_6I4OA4EY19edP5rFzXcDxs3_bvd6rAbKq0BqhoPk7exiwoF-z98H5LJH5jJbe4dDOjffY9Bj9w3g5kWvPrs5PpMeAdY4Rap08W1RrijQW_Ta"
"Lake Marian - Pavilion","Osceola",2022-08-16,"SEROC","Yes","Dominant taxon: Microcystis aeruginosa","Yes","Yes",2.7,"I (I qualifier indicates that the reported value is between the laboratory method detection limit and the laboratory practical quantitation limit.)",,,,,,,,,"Anatoxin-a: not detected; Cylindrospermopsin: not detected; Nodularin-R: not detected","Mostly sunny, 90's",2022-08-16 14:15:00,27.8717971,-81.0518223,0.3,
"Lake Mann - McQueen Park","Orange",2022-08-16,"CEROC","Yes","Dominant taxon: Microcystis wesenbergii","Yes","Yes",,,0.77,,,,,,,,"Anatoxin-a: not detected; Cylindrospermopsin: 0.77; Nodularin-R: not detected","High 80s Clear",2022-08-16 13:55:00,28.5344789363444,-81.4235499221832,0.3,"https://services1.arcgis.com/nRHtyn3uE1kyzoYc/ArcGIS/rest/services/service_c1026ff3b55f468d9f2edd834cb807f8/FeatureServer/0/5933/attachments/2367?token=esFGg2N_4QUkCtU1tiMztDW4hm2M0GdusSqnOkviQULZsKWy6cHlYSpBrHqloDkjMDORyL7vHp8tCloK_rT_6I4OA4EY19edP5rFzXcDxs3_bvd6rAbKq0BqhoPk7exiwoF-z98H5LJH5jJbe4dDOjffY9Bj9w3g5kWvPrs5PpMeAdY4Rap08W1RrijQW_Ta"
"Lake Washington - Center (LWC)","Brevard",2022-08-16,"SJRWMD","Yes","Dominant taxon: Dolichospermum helicoideum","Yes","No",,,,,,,,,,,"Anatoxin-a: not detected; Cylindrospermopsin: not detected; Nodularin-R: not detected; Saxitoxins: not detected",,2022-08-16 12:35:00,28.14242256,-80.74462342,0.3,"https://services1.arcgis.com/nRHtyn3uE1kyzoYc/ArcGIS/rest/services/service_c1026ff3b55f468d9f2edd834cb807f8/FeatureServer/0/5941/attachments/2371?token=esFGg2N_4QUkCtU1tiMztDW4hm2M0GdusSqnOkviQULZsKWy6cHlYSpBrHqloDkjMDORyL7vHp8tCloK_rT_6I4OA4EY19edP5rFzXcDxs3_bvd6rAbKq0BqhoPk7exiwoF-z98H5LJH5jJbe4dDOjffY9Bj9w3g5kWvPrs5PpMeAdY4Rap08W1RrijQW_Ta"
"Violet Lake - 130 Violet Cir","Putnam",2022-08-15,"NEROC","No","mixed algae; no dominant species in sample","No","Yes",,,0.39,"I (I qualifier indicates that the reported value is between the laboratory method detection limit and the laboratory practical quantitation limit.)",,,,,,,"Anatoxin-a: not detected; Cylindrospermopsin: 0.39 I (I qualifier indicates that the reported value is between the laboratory method detection limit and the laboratory practical quantitation limit.); Nodularin-R: not detected",,2022-08-15 19:25:00,29.6526267,-81.8613031,0.3,"https://services1.arcgis.com/nRHtyn3uE1kyzoYc/ArcGIS/rest/services/service_c1026ff3b55f468d9f2edd834cb807f8/FeatureServer/0/5921/attachments/2360?token=esFGg2N_4QUkCtU1tiMztDW4hm2M0GdusSqnOkviQULZsKWy6cHlYSpBrHqloDkjMDORyL7vHp8tCloK_rT_6I4OA4EY19edP5rFzXcDxs3_bvd6rAbKq0BqhoPk7exiwoF-z98H5LJH5jJbe4dDOjffY9Bj9w3g5kWvPrs5PpMeAdY4Rap08W1RrijQW_Ta"
"Lochloosa Lake - Lochloosa Park and Boat Ramp","Alachua",2022-08-15,"NEROC","No","Dominant taxon: Microcystis aeruginosa","Yes","Yes",0.12,"I (I qualifier indicates that the reported value is between the laboratory method detection limit and the laboratory practical quantitation limit.)",,,,,,,,,"Anatoxin-a: not detected; Cylindrospermopsin: not detected; Nodularin-R: not detected",,2022-08-15 18:25:00,29.5056961,-82.1040832,0.3,"https://services1.arcgis.com/nRHtyn3uE1kyzoYc/ArcGIS/rest/services/service_c1026ff3b55f468d9f2edd834cb807f8/FeatureServer/0/5920/attachments/2357?token=esFGg2N_4QUkCtU1tiMztDW4hm2M0GdusSqnOkviQULZsKWy6cHlYSpBrHqloDkjMDORyL7vHp8tCloK_rT_6I4OA4EY19edP5rFzXcDxs3_bvd6rAbKq0BqhoPk7exiwoF-z98H5LJH5jJbe4dDOjffY9Bj9w3g5kWvPrs5PpMeAdY4Rap08W1RrijQW_Ta"
"Lochloosa Lake - entrance to Cross Creek","Alachua",2022-08-15,"NEROC","No","Dominant taxon: Microcystis aeruginosa","Yes","Yes",,,,,0.41,"I (I qualifier indicates that the reported value is between the laboratory method detection limit and the laboratory practical quantitation limit.)",,,,,"Anatoxin-a: 0.41 I (I qualifier indicates that the reported value is between the laboratory method detection limit and the laboratory practical quantitation limit.); Cylindrospermopsin: not detected; Nodularin-R: not detected",,2022-08-15 18:00:00,29.5081109,-82.1499817,0.3,"https://services1.arcgis.com/nRHtyn3uE1kyzoYc/ArcGIS/rest/services/service_c1026ff3b55f468d9f2edd834cb807f8/FeatureServer/0/5917/attachments/2348?token=esFGg2N_4QUkCtU1tiMztDW4hm2M0GdusSqnOkviQULZsKWy6cHlYSpBrHqloDkjMDORyL7vHp8tCloK_rT_6I4OA4EY19edP5rFzXcDxs3_bvd6rAbKq0BqhoPk7exiwoF-z98H5LJH5jJbe4dDOjffY9Bj9w3g5kWvPrs5PpMeAdY4Rap08W1RrijQW_Ta"
"Lochloosa Lake - NE in Veg","Alachua",2022-08-15,"NEROC","Yes","mixed algae; no dominant species in sample","No","Yes",,,,,0.34,"I (I qualifier indicates that the reported value is between the laboratory method detection limit and the laboratory practical quantitation limit.)",,,,,"Anatoxin-a: 0.34 I (I qualifier indicates that the reported value is between the laboratory method detection limit and the laboratory practical quantitation limit.); Cylindrospermopsin: not detected; Nodularin-R: not detected",,2022-08-15 17:25:00,29.5448208,-82.1224307,0.3,"https://services1.arcgis.com/nRHtyn3uE1kyzoYc/ArcGIS/rest/services/service_c1026ff3b55f468d9f2edd834cb807f8/FeatureServer/0/5916/attachments/2345?token=esFGg2N_4QUkCtU1tiMztDW4hm2M0GdusSqnOkviQULZsKWy6cHlYSpBrHqloDkjMDORyL7vHp8tCloK_rT_6I4OA4EY19edP5rFzXcDxs3_bvd6rAbKq0BqhoPk7exiwoF-z98H5LJH5jJbe4dDOjffY9Bj9w3g5kWvPrs5PpMeAdY4Rap08W1RrijQW_Ta"
"Lake Dot - fishing pier","Seminole",2022-08-15,"CEROC","Yes","Co-dominant taxa were: Microcystis aeruginosa and Cylindrospermopsis raciborskii","Yes","No",,,,,,,,,,,"Anatoxin-a: not detected; Cylindrospermopsin: not detected; Nodularin-R: not detected","Sunny. Water still very green. Birds appear healthy. One deceased turtle near pier.",2022-08-15 17:15:00,28.7502734,-81.286561,0.3,"https://services1.arcgis.com/nRHtyn3uE1kyzoYc/ArcGIS/rest/services/service_c1026ff3b55f468d9f2edd834cb807f8/FeatureServer/0/5919/attachments/2354?token=esFGg2N_4QUkCtU1tiMztDW4hm2M0GdusSqnOkviQULZsKWy6cHlYSpBrHqloDkjMDORyL7vHp8tCloK_rT_6I4OA4EY19edP5rFzXcDxs3_bvd6rAbKq0BqhoPk7exiwoF-z98H5LJH5jJbe4dDOjffY9Bj9w3g5kWvPrs5PpMeAdY4Rap08W1RrijQW_Ta"
"Intracoastal Waterway Canal/Marina - Loggerhead Marina","IndianRiver",2022-08-15,"SEROC","No","mixed algae; no dominant species in sample","No","No",,,,,,,,,,,"Anatoxin-a: not detected; Cylindrospermopsin: not detected; Nodularin-R: not detected",,2022-08-15 15:20:00,27.6932330802083,-80.3953599650413,0.3,"https://services1.arcgis.com/nRHtyn3uE1kyzoYc/ArcGIS/rest/services/service_c1026ff3b55f468d9f2edd834cb807f8/FeatureServer/0/5910/attachments/2340?token=esFGg2N_4QUkCtU1tiMztDW4hm2M0GdusSqnOkviQULZsKWy6cHlYSpBrHqloDkjMDORyL7vHp8tCloK_rT_6I4OA4EY19edP5rFzXcDxs3_bvd6rAbKq0BqhoPk7exiwoF-z98H5LJH5jJbe4dDOjffY9Bj9w3g5kWvPrs5PpMeAdY4Rap08W1RrijQW_Ta"
"St. Johns River - Mandarin Point (MP72)","Duval",2022-08-10,"SJRWMD","No","mixed algae; no dominant species in sample","No","No",,,,,,,,,,,"Anatoxin-a: not detected; Cylindrospermopsin: not detected; Nodularin-R: not detected; Saxitoxins: not detected",,2022-08-10 16:02:00,30.15666667,-81.68388889,0.316,"https://services1.arcgis.com/nRHtyn3uE1kyzoYc/ArcGIS/rest/services/service_c1026ff3b55f468d9f2edd834cb807f8/FeatureServer/0/5895/attachments/2319?token=esFGg2N_4QUkCtU1tiMztDW4hm2M0GdusSqnOkviQULZsKWy6cHlYSpBrHqloDkjMDORyL7vHp8tCloK_rT_6I4OA4EY19edP5rFzXcDxs3_bvd6rAbKq0BqhoPk7exiwoF-z98H5LJH5jJbe4dDOjffY9Bj9w3g5kWvPrs5PpMeAdY4Rap08W1RrijQW_Ta"
"Lake Monroe - Center (LMAC)","Volusia",2022-08-10,"SJRWMD","No","mixed algae; no dominant species in sample","No","No",,,,,,,,,,,"Anatoxin-a: not detected; Cylindrospermopsin: not detected; Nodularin-R: not detected; Saxitoxins: not detected","Partly cloudy",2022-08-10 15:48:00,28.83496,-81.27091,0.3,
"Blue Cypress Lake - Center (BCL)","IndianRiver",2022-08-10,"SJRWMD","No","mixed algae; no dominant species in sample","No","No",,,,,,,,,,,"Anatoxin-a: not detected; Cylindrospermopsin: not detected; Nodularin-R: not detected; Saxitoxins: not detected",,2022-08-10 15:31:00,27.7266,-80.7536,0.303,"https://services1.arcgis.com/nRHtyn3uE1kyzoYc/ArcGIS/rest/services/service_c1026ff3b55f468d9f2edd834cb807f8/FeatureServer/0/5901/attachments/2323?token=esFGg2N_4QUkCtU1tiMztDW4hm2M0GdusSqnOkviQULZsKWy6cHlYSpBrHqloDkjMDORyL7vHp8tCloK_rT_6I4OA4EY19edP5rFzXcDxs3_bvd6rAbKq0BqhoPk7exiwoF-z98H5LJH5jJbe4dDOjffY9Bj9w3g5kWvPrs5PpMeAdY4Rap08W1RrijQW_Ta"
"Doctors Lake - Center (DTL)","Clay",2022-08-10,"SJRWMD","Yes","Dominant taxon: Microcystis aeruginosa","Yes","Yes",1.4,,,,,,,,,,"Anatoxin-a: not detected; Cylindrospermopsin: not detected; Nodularin-R: not detected; Saxitoxins: not detected",,2022-08-10 15:21:00,30.13805556,-81.72722222,0.317,"https://services1.arcgis.com/nRHtyn3uE1kyzoYc/ArcGIS/rest/services/service_c1026ff3b55f468d9f2edd834cb807f8/FeatureServer/0/5894/attachments/2318?token=esFGg2N_4QUkCtU1tiMztDW4hm2M0GdusSqnOkviQULZsKWy6cHlYSpBrHqloDkjMDORyL7vHp8tCloK_rT_6I4OA4EY19edP5rFzXcDxs3_bvd6rAbKq0BqhoPk7exiwoF-z98H5LJH5jJbe4dDOjffY9Bj9w3g5kWvPrs5PpMeAdY4Rap08W1RrijQW_Ta"
"St. Johns River - Shands Bridge (20030157)","StJohns",2022-08-10,"SJRWMD","No","mixed algae; no dominant species in sample","No","Yes",,,0.16,"I (I qualifier indicates that the reported value is between the laboratory method detection limit and the laboratory practical quantitation limit.)",,,,,,,"Anatoxin-a: not detected; Cylindrospermopsin: 0.16 I (I qualifier indicates that the reported value is between the laboratory method detection limit and the laboratory practical quantitation limit.); Nodularin-R: not detected; Saxitoxins: not detected",,2022-08-10 13:59:00,29.98163056,-81.62213889,0.316,"https://services1.arcgis.com/nRHtyn3uE1kyzoYc/ArcGIS/rest/services/service_c1026ff3b55f468d9f2edd834cb807f8/FeatureServer/0/5893/attachments/2317?token=esFGg2N_4QUkCtU1tiMztDW4hm2M0GdusSqnOkviQULZsKWy6cHlYSpBrHqloDkjMDORyL7vHp8tCloK_rT_6I4OA4EY19edP5rFzXcDxs3_bvd6rAbKq0BqhoPk7exiwoF-z98H5LJH5jJbe4dDOjffY9Bj9w3g5kWvPrs5PpMeAdY4Rap08W1RrijQW_Ta"
"Lake Jesup - Center (OW-CTR)","Seminole",2022-08-10,"SJRWMD","Yes","mixed algae; no dominant species in sample","No","Yes",,,0.2,"I (I qualifier indicates that the reported value is between the laboratory method detection limit and the laboratory practical quantitation limit.)",,,,,,,"Anatoxin-a: not detected; Cylindrospermopsin: 0.20 I (I qualifier indicates that the reported value is between the laboratory method detection limit and the laboratory practical quantitation limit.); Nodularin-R: not detected; Saxitoxins: not detected","Partly cloudy",2022-08-10 13:44:00,28.7268,-81.2111,0.3,
"Stick Marsh - North (STKM)","IndianRiver",2022-08-10,"SJRWMD","No","mixed algae; no dominant species in sample","No","No",,,,,,,,,,,"Anatoxin-a: not detected; Cylindrospermopsin: not detected; Nodularin-R: not detected; Saxitoxins: not detected",,2022-08-10 13:40:00,27.81065,-80.724854,0.3,"https://services1.arcgis.com/nRHtyn3uE1kyzoYc/ArcGIS/rest/services/service_c1026ff3b55f468d9f2edd834cb807f8/FeatureServer/0/5900/attachments/2322?token=esFGg2N_4QUkCtU1tiMztDW4hm2M0GdusSqnOkviQULZsKWy6cHlYSpBrHqloDkjMDORyL7vHp8tCloK_rT_6I4OA4EY19edP5rFzXcDxs3_bvd6rAbKq0BqhoPk7exiwoF-z98H5LJH5jJbe4dDOjffY9Bj9w3g5kWvPrs5PpMeAdY4Rap08W1RrijQW_Ta"
"Lake Maitland - NE Lobe near kayak launch","Orange",2022-08-10,"CEROC","Yes","algal mat - co-dominant taxa were: Scytonema crispum and Plectonema wollei; water - mixed algae; no dominant species in sample","Yes","No",,,,,,,,,,,"Anatoxin-a: not detected; Cylindrospermopsin: not detected; Nodularin-R: not detected; Saxitoxins: not detected","Reporter said this started in July. Decaying submerged vegetation floating in surface covered in filamentous algae. ",2022-08-10 13:34:00,28.6226221,-81.3509817,0.3,"https://services1.arcgis.com/nRHtyn3uE1kyzoYc/ArcGIS/rest/services/service_c1026ff3b55f468d9f2edd834cb807f8/FeatureServer/0/5890/attachments/2313?token=esFGg2N_4QUkCtU1tiMztDW4hm2M0GdusSqnOkviQULZsKWy6cHlYSpBrHqloDkjMDORyL7vHp8tCloK_rT_6I4OA4EY19edP5rFzXcDxs3_bvd6rAbKq0BqhoPk7exiwoF-z98H5LJH5jJbe4dDOjffY9Bj9w3g5kWvPrs5PpMeAdY4Rap08W1RrijQW_Ta"
"Crescent Lake - mouth of Dunns Creek (CRESLM)","Putnam",2022-08-09,"SJRWMD","Yes","Co-dominant taxa were: Microcystis aeruginosa and Cylindrospermopsis raciborskii","Yes","Yes",,,0.27,"I (I qualifier indicates that the reported value is between the laboratory method detection limit and the laboratory practical quantitation limit.)",,,,,,,"Anatoxin-a: not detected; Cylindrospermopsin: 0.27 I (I qualifier indicates that the reported value is between the laboratory method detection limit and the laboratory practical quantitation limit.); Nodularin-R: not detected; Saxitoxins: not detected","Partly cloudy, hot",2022-08-09 16:27:00,29.52955556,-81.55372222,0.311,"https://services1.arcgis.com/nRHtyn3uE1kyzoYc/ArcGIS/rest/services/service_c1026ff3b55f468d9f2edd834cb807f8/FeatureServer/0/5887/attachments/2312?token=esFGg2N_4QUkCtU1tiMztDW4hm2M0GdusSqnOkviQULZsKWy6cHlYSpBrHqloDkjMDORyL7vHp8tCloK_rT_6I4OA4EY19edP5rFzXcDxs3_bvd6rAbKq0BqhoPk7exiwoF-z98H5LJH5jJbe4dDOjffY9Bj9w3g5kWvPrs5PpMeAdY4Rap08W1RrijQW_Ta"
"Dunns Creek - canal between Waterside and Shoreline Ave","Putnam",2022-08-09,"SJRWMD","No","Dominant taxon: Microcystis aeruginosa","Yes","Yes",0.17,"I (I qualifier indicates that the reported value is between the laboratory method detection limit and the laboratory practical quantitation limit.)",0.22,"I (I qualifier indicates that the reported value is between the laboratory method detection limit and the laboratory practical quantitation limit.)",,,,,,,"Anatoxin-a: not detected; Cylindrospermopsin: 0.22 I (I qualifier indicates that the reported value is between the laboratory method detection limit and the laboratory practical quantitation limit.); Nodularin-R: not detected; Saxitoxins: not detected","Hot, partly cloudy",2022-08-09 15:34:00,29.5775482,-81.6120591,0.306,"https://services1.arcgis.com/nRHtyn3uE1kyzoYc/ArcGIS/rest/services/service_c1026ff3b55f468d9f2edd834cb807f8/FeatureServer/0/5886/attachments/2311?token=esFGg2N_4QUkCtU1tiMztDW4hm2M0GdusSqnOkviQULZsKWy6cHlYSpBrHqloDkjMDORyL7vHp8tCloK_rT_6I4OA4EY19edP5rFzXcDxs3_bvd6rAbKq0BqhoPk7exiwoF-z98H5LJH5jJbe4dDOjffY9Bj9w3g5kWvPrs5PpMeAdY4Rap08W1RrijQW_Ta"
"Lake Speer - NW Lobe","Orange",2022-08-09,"County","Yes","Dominant taxon: Microcystis aeruginosa","Yes","Yes",2.2,,,,,,,,,,"Anatoxin-a: not detected; Cylindrospermopsin: not detected; Nodularin-R: not detected",,2022-08-09 14:50:00,28.483104,-81.602176,0.3,
"St. Johns River - Palatka Riverfront Park boat ramp","Putnam",2022-08-09,"SJRWMD","Yes","Co-dominant taxa were: Microcystis aeruginosa and Cylindrospermopsis raciborskii","Yes","Yes",,,0.36,"I (I qualifier indicates that the reported value is between the laboratory method detection limit and the laboratory practical quantitation limit.)",,,,,,,"Anatoxin-a: not detected; Cylindrospermopsin: 0.36 I (I qualifier indicates that the reported value is between the laboratory method detection limit and the laboratory practical quantitation limit.); Nodularin-R: not detected; Saxitoxins: not detected","Partly cloudy, hot",2022-08-09 14:43:00,29.6436799,-81.6308119,0.298,"https://services1.arcgis.com/nRHtyn3uE1kyzoYc/ArcGIS/rest/services/service_c1026ff3b55f468d9f2edd834cb807f8/FeatureServer/0/5885/attachments/2310?token=esFGg2N_4QUkCtU1tiMztDW4hm2M0GdusSqnOkviQULZsKWy6cHlYSpBrHqloDkjMDORyL7vHp8tCloK_rT_6I4OA4EY19edP5rFzXcDxs3_bvd6rAbKq0BqhoPk7exiwoF-z98H5LJH5jJbe4dDOjffY9Bj9w3g5kWvPrs5PpMeAdY4Rap08W1RrijQW_Ta"
"Cypress Lake - West Lobe","Orange",2022-08-09,"County","No","mixed algae; no dominant species in sample","No","No",,,,,,,,,,,"Anatoxin-a: not detected; Cylindrospermopsin: not detected; Nodularin-R: not detected","No bloom observed. Water level significantly higher than previous sample.",2022-08-09 13:45:00,28.48009,-81.57121,0.3,
"Lake Estelle - Dorchester and Mills","Orange",2022-08-08,"CEROC","No","algal mat - Dominant taxon: Scytonema crispum; water - mixed algae; no dominant species in sample","Yes","Yes",,,0.15,"I (I qualifier indicates that the reported value is between the laboratory method detection limit and the laboratory practical quantitation limit.)",,,,,,,"Anatoxin-a: not detected; Cylindrospermopsin: 0.15 I (I qualifier indicates that the reported value is between the laboratory method detection limit and the laboratory practical quantitation limit.); Nodularin-R: not detected; Saxitoxins: not detected","Some filamentous algae observed on submerged vegetation.",2022-08-08 18:15:00,28.5769277,-81.3635646,0.3,"https://services1.arcgis.com/nRHtyn3uE1kyzoYc/ArcGIS/rest/services/service_c1026ff3b55f468d9f2edd834cb807f8/FeatureServer/0/5879/attachments/2305?token=esFGg2N_4QUkCtU1tiMztDW4hm2M0GdusSqnOkviQULZsKWy6cHlYSpBrHqloDkjMDORyL7vHp8tCloK_rT_6I4OA4EY19edP5rFzXcDxs3_bvd6rAbKq0BqhoPk7exiwoF-z98H5LJH5jJbe4dDOjffY9Bj9w3g5kWvPrs5PpMeAdY4Rap08W1RrijQW_Ta"
"Bivens Lake - outflow at US441","Alachua",2022-08-08,"County","Yes","Co-dominant taxa were: Microcystis aeruginosa and Cylindrospermopsis raciborskii","Yes","Yes",0.2,"I (I qualifier indicates that the reported value is between the laboratory method detection limit and the laboratory practical quantitation limit.)",,,,,,,,,"Anatoxin-a: not detected; Cylindrospermopsin: not detected; Nodularin-R: not detected",,2022-08-08 16:20:00,29.62163,-82.34003,0.5,
"St. Johns River - Buzzard Island","Putnam",2022-08-08,"SJRWMD","No","Co-dominant taxa were: Microcystis aeruginosa and Cylindrospermopsis raciborskii","Yes","Yes",,,0.33,"I (I qualifier indicates that the reported value is between the laboratory method detection limit and the laboratory practical quantitation limit.)",,,,,,,"Anatoxin-a: not detected; Cylindrospermopsin: 0.33 I (I qualifier indicates that the reported value is between the laboratory method detection limit and the laboratory practical quantitation limit.); Nodularin-R: not detected; Saxitoxins: not detected",,2022-08-08 15:18:00,29.60434104,-81.600102,0.304,"https://services1.arcgis.com/nRHtyn3uE1kyzoYc/ArcGIS/rest/services/service_c1026ff3b55f468d9f2edd834cb807f8/FeatureServer/0/5877/attachments/2304?token=esFGg2N_4QUkCtU1tiMztDW4hm2M0GdusSqnOkviQULZsKWy6cHlYSpBrHqloDkjMDORyL7vHp8tCloK_rT_6I4OA4EY19edP5rFzXcDxs3_bvd6rAbKq0BqhoPk7exiwoF-z98H5LJH5jJbe4dDOjffY9Bj9w3g5kWvPrs5PpMeAdY4Rap08W1RrijQW_Ta"
"Lake Wauberg - end of UF Dock","Alachua",2022-08-08,"County","No","Dominant taxon: Microcystis wesenbergii","Yes","No",,,,,,,,,,,"Anatoxin-a: not detected; Cylindrospermopsin: not detected; Nodularin-R: not detected",,2022-08-08 14:45:00,29.53442,-82.30436,0.5,
"Lake Kathryn - West Lobe","Seminole",2022-08-08,"CEROC","No","Dominant taxon: Microcystis aeruginosa","Yes","No",,,,,,,,,,,"Anatoxin-a: not detected; Cylindrospermopsin: not detected; Nodularin-R: not detected","No visible BGA",2022-08-08 14:42:00,28.6844,-81.3327,0.3,
"Lake George - Center (LEO)","Volusia",2022-08-08,"SJRWMD","No","Co-dominant taxa were: Microcystis aeruginosa and Cylindrospermopsis raciborskii","Yes","Yes",,,0.5,,,,,,,,"Anatoxin-a: not detected; Cylindrospermopsin: 0.50; Nodularin-R: not detected; Saxitoxins: not detected",,2022-08-08 13:19:00,29.30830556,-81.60638889,0.31,"https://services1.arcgis.com/nRHtyn3uE1kyzoYc/ArcGIS/rest/services/service_c1026ff3b55f468d9f2edd834cb807f8/FeatureServer/0/5876/attachments/2303?token=esFGg2N_4QUkCtU1tiMztDW4hm2M0GdusSqnOkviQULZsKWy6cHlYSpBrHqloDkjMDORyL7vHp8tCloK_rT_6I4OA4EY19edP5rFzXcDxs3_bvd6rAbKq0BqhoPk7exiwoF-z98H5LJH5jJbe4dDOjffY9Bj9w3g5kWvPrs5PpMeAdY4Rap08W1RrijQW_Ta"
"Fish Lake - Sexton Park","Osceola",2022-08-04,"CEROC","Yes","Dominant taxon: Microcystis aeruginosa","Yes","Yes",,,0.29,"I (I qualifier indicates that the reported value is between the laboratory method detection limit and the laboratory practical quantitation limit.)",,,,,,,"Anatoxin-a: not detected; Cylindrospermopsin: 0.29 I (I qualifier indicates that the reported value is between the laboratory method detection limit and the laboratory practical quantitation limit.); Nodularin-R: not detected","90's cloudy",2022-08-04 17:17:00,28.2721808,-81.3397714,0.3,"https://services1.arcgis.com/nRHtyn3uE1kyzoYc/ArcGIS/rest/services/service_c1026ff3b55f468d9f2edd834cb807f8/FeatureServer/0/5873/attachments/2298?token=esFGg2N_4QUkCtU1tiMztDW4hm2M0GdusSqnOkviQULZsKWy6cHlYSpBrHqloDkjMDORyL7vHp8tCloK_rT_6I4OA4EY19edP5rFzXcDxs3_bvd6rAbKq0BqhoPk7exiwoF-z98H5LJH5jJbe4dDOjffY9Bj9w3g5kWvPrs5PpMeAdY4Rap08W1RrijQW_Ta"
"Lake Griffin - at easement","Seminole",2022-08-04,"CEROC","Yes","Dominant taxon: Microcystis aeruginosa","Yes","Yes",,,0.15,"I (I qualifier indicates that the reported value is between the laboratory method detection limit and the laboratory practical quantitation limit.)",,,,,,,"Anatoxin-a: not detected; Cylindrospermopsin: 0.15 I (I qualifier indicates that the reported value is between the laboratory method detection limit and the laboratory practical quantitation limit.); Nodularin-R: not detected","90's partly cloudy",2022-08-04 15:31:00,28.6796914,-81.3391082,0.3,"https://services1.arcgis.com/nRHtyn3uE1kyzoYc/ArcGIS/rest/services/service_c1026ff3b55f468d9f2edd834cb807f8/FeatureServer/0/5872/attachments/2296?token=esFGg2N_4QUkCtU1tiMztDW4hm2M0GdusSqnOkviQULZsKWy6cHlYSpBrHqloDkjMDORyL7vHp8tCloK_rT_6I4OA4EY19edP5rFzXcDxs3_bvd6rAbKq0BqhoPk7exiwoF-z98H5LJH5jJbe4dDOjffY9Bj9w3g5kWvPrs5PpMeAdY4Rap08W1RrijQW_Ta"
"Lake Dot - fishing pier","Seminole",2022-08-04,"CEROC","Yes","Dominant taxon: Microcystis aeruginosa","Yes","Yes",0.16,"I (I qualifier indicates that the reported value is between the laboratory method detection limit and the laboratory practical quantitation limit.)",,,,,,,,,"Anatoxin-a: not detected; Cylindrospermopsin: not detected; Nodularin-R: not detected","90's cloudy duck flock present",2022-08-04 14:14:00,28.7502734,-81.286561,0.3,"https://services1.arcgis.com/nRHtyn3uE1kyzoYc/ArcGIS/rest/services/service_c1026ff3b55f468d9f2edd834cb807f8/FeatureServer/0/5871/attachments/2293?token=esFGg2N_4QUkCtU1tiMztDW4hm2M0GdusSqnOkviQULZsKWy6cHlYSpBrHqloDkjMDORyL7vHp8tCloK_rT_6I4OA4EY19edP5rFzXcDxs3_bvd6rAbKq0BqhoPk7exiwoF-z98H5LJH5jJbe4dDOjffY9Bj9w3g5kWvPrs5PpMeAdY4Rap08W1RrijQW_Ta"
"183rd Ave Canal - off Cross Creek","Alachua",2022-08-03,"NEROC","Yes","Dominant taxon: Microcystis aeruginosa","Yes","Yes",0.12,"I (I qualifier indicates that the reported value is between the laboratory method detection limit and the laboratory practical quantitation limit.)",,,,,,,,,"Anatoxin-a: not detected; Cylindrospermopsin: not detected; Nodularin-R: not detected; Saxitoxins: not detected","Salvina minima",2022-08-03 17:15:00,29.4850302,-82.1633523,0.2,"https://services1.arcgis.com/nRHtyn3uE1kyzoYc/ArcGIS/rest/services/service_c1026ff3b55f468d9f2edd834cb807f8/FeatureServer/0/5847/attachments/2277?token=esFGg2N_4QUkCtU1tiMztDW4hm2M0GdusSqnOkviQULZsKWy6cHlYSpBrHqloDkjMDORyL7vHp8tCloK_rT_6I4OA4EY19edP5rFzXcDxs3_bvd6rAbKq0BqhoPk7exiwoF-z98H5LJH5jJbe4dDOjffY9Bj9w3g5kWvPrs5PpMeAdY4Rap08W1RrijQW_Ta"
"Orange Lake - Center","Marion",2022-08-03,"NEROC","Yes","Dominant taxon: Microcystis aeruginosa","Yes","Yes",0.31,"I (I qualifier indicates that the reported value is between the laboratory method detection limit and the laboratory practical quantitation limit.)",,,1.6,,,,,,"Anatoxin-a: 1.6; Cylindrospermopsin: not detected; Nodularin-R: not detected; Saxitoxins: not detected",,2022-08-03 16:44:00,29.4653324,-82.1791093,0.3,"https://services1.arcgis.com/nRHtyn3uE1kyzoYc/ArcGIS/rest/services/service_c1026ff3b55f468d9f2edd834cb807f8/FeatureServer/0/5846/attachments/2274?token=esFGg2N_4QUkCtU1tiMztDW4hm2M0GdusSqnOkviQULZsKWy6cHlYSpBrHqloDkjMDORyL7vHp8tCloK_rT_6I4OA4EY19edP5rFzXcDxs3_bvd6rAbKq0BqhoPk7exiwoF-z98H5LJH5jJbe4dDOjffY9Bj9w3g5kWvPrs5PpMeAdY4Rap08W1RrijQW_Ta"
"Orange Lake - McIntosh Bay","Marion",2022-08-03,"NEROC","Yes","Dominant taxon: Microcystis aeruginosa","Yes","Yes",0.1,"I (I qualifier indicates that the reported value is between the laboratory method detection limit and the laboratory practical quantitation limit.)",,,,,,,,,"Anatoxin-a: not detected; Cylindrospermopsin: not detected; Nodularin-R: not detected; Saxitoxins: not detected",,2022-08-03 16:05:00,29.4382848,-82.1920955,0.3,"https://services1.arcgis.com/nRHtyn3uE1kyzoYc/ArcGIS/rest/services/service_c1026ff3b55f468d9f2edd834cb807f8/FeatureServer/0/5845/attachments/2271?token=esFGg2N_4QUkCtU1tiMztDW4hm2M0GdusSqnOkviQULZsKWy6cHlYSpBrHqloDkjMDORyL7vHp8tCloK_rT_6I4OA4EY19edP5rFzXcDxs3_bvd6rAbKq0BqhoPk7exiwoF-z98H5LJH5jJbe4dDOjffY9Bj9w3g5kWvPrs5PpMeAdY4Rap08W1RrijQW_Ta"
"Trout Creek - Trout Creek Park Boat Ramp","StJohns",2022-08-03,"SJRWMD","Yes","Dominant taxon: Dolichospermum circinale","Yes","No",,,,,,,,,,,"Anatoxin-a: not detected; Cylindrospermopsin: not detected; Nodularin-R: not detected; Saxitoxins: not detected",,2022-08-03 13:24:00,29.98501113,-81.56445408,0.306,"https://services1.arcgis.com/nRHtyn3uE1kyzoYc/ArcGIS/rest/services/service_c1026ff3b55f468d9f2edd834cb807f8/FeatureServer/0/5861/attachments/2285?token=esFGg2N_4QUkCtU1tiMztDW4hm2M0GdusSqnOkviQULZsKWy6cHlYSpBrHqloDkjMDORyL7vHp8tCloK_rT_6I4OA4EY19edP5rFzXcDxs3_bvd6rAbKq0BqhoPk7exiwoF-z98H5LJH5jJbe4dDOjffY9Bj9w3g5kWvPrs5PpMeAdY4Rap08W1RrijQW_Ta"
"St. Johns River - 2930 SR 13","StJohns",2022-08-02,"NEROC","Yes","mixed algae; no dominant species in sample","No","Yes",,,0.13,"I (I qualifier indicates that the reported value is between the laboratory method detection limit and the laboratory practical quantitation limit.)",,,,,,,"Anatoxin-a: not detected; Cylindrospermopsin: 0.13 I (I qualifier indicates that the reported value is between the laboratory method detection limit and the laboratory practical quantitation limit.); Nodularin-R: not detected; Saxitoxins: not detected",,2022-08-02 19:00:00,30.0512114,-81.6679336,0.3,"https://services1.arcgis.com/nRHtyn3uE1kyzoYc/ArcGIS/rest/services/service_c1026ff3b55f468d9f2edd834cb807f8/FeatureServer/0/5811/attachments/2268?token=esFGg2N_4QUkCtU1tiMztDW4hm2M0GdusSqnOkviQULZsKWy6cHlYSpBrHqloDkjMDORyL7vHp8tCloK_rT_6I4OA4EY19edP5rFzXcDxs3_bvd6rAbKq0BqhoPk7exiwoF-z98H5LJH5jJbe4dDOjffY9Bj9w3g5kWvPrs5PpMeAdY4Rap08W1RrijQW_Ta"
"Doctors Lake - Mill Cove","Clay",2022-08-02,"NEROC","Yes","Dominant taxon: Microcystis aeruginosa","Yes","Yes",1.8,,,,,,,,,,"Anatoxin-a: not detected; Cylindrospermopsin: not detected; Nodularin-R: not detected; Saxitoxins: not detected",,2022-08-02 16:20:00,30.1251067,-81.7268249,0.3,"https://services1.arcgis.com/nRHtyn3uE1kyzoYc/ArcGIS/rest/services/service_c1026ff3b55f468d9f2edd834cb807f8/FeatureServer/0/5807/attachments/2265?token=esFGg2N_4QUkCtU1tiMztDW4hm2M0GdusSqnOkviQULZsKWy6cHlYSpBrHqloDkjMDORyL7vHp8tCloK_rT_6I4OA4EY19edP5rFzXcDxs3_bvd6rAbKq0BqhoPk7exiwoF-z98H5LJH5jJbe4dDOjffY9Bj9w3g5kWvPrs5PpMeAdY4Rap08W1RrijQW_Ta"
"Doctors Lake - at Camp Echockotee","Clay",2022-08-02,"NEROC","Yes","Dominant taxon: Microcystis sp.","Yes","Yes",0.43,"I (I qualifier indicates that the reported value is between the laboratory method detection limit and the laboratory practical quantitation limit.)",,,,,,,,,"Anatoxin-a: not detected; Cylindrospermopsin: not detected; Nodularin-R: not detected; Saxitoxins: not detected",,2022-08-02 16:00:00,30.1502402,-81.7250252,0.3,"https://services1.arcgis.com/nRHtyn3uE1kyzoYc/ArcGIS/rest/services/service_c1026ff3b55f468d9f2edd834cb807f8/FeatureServer/0/5806/attachments/2262?token=esFGg2N_4QUkCtU1tiMztDW4hm2M0GdusSqnOkviQULZsKWy6cHlYSpBrHqloDkjMDORyL7vHp8tCloK_rT_6I4OA4EY19edP5rFzXcDxs3_bvd6rAbKq0BqhoPk7exiwoF-z98H5LJH5jJbe4dDOjffY9Bj9w3g5kWvPrs5PpMeAdY4Rap08W1RrijQW_Ta"
"Doctors Lake - Near Lucy Branch","Clay",2022-08-02,"NEROC","Yes","Dominant taxon: Microcystis aeruginosa","Yes","Yes",0.92,"I (I qualifier indicates that the reported value is between the laboratory method detection limit and the laboratory practical quantitation limit.)",,,,,,,,,"Anatoxin-a: not detected; Cylindrospermopsin: not detected; Nodularin-R: not detected; Saxitoxins: not detected",,2022-08-02 15:40:00,30.139987,-81.7440983,0.3,"https://services1.arcgis.com/nRHtyn3uE1kyzoYc/ArcGIS/rest/services/service_c1026ff3b55f468d9f2edd834cb807f8/FeatureServer/0/5805/attachments/2259?token=esFGg2N_4QUkCtU1tiMztDW4hm2M0GdusSqnOkviQULZsKWy6cHlYSpBrHqloDkjMDORyL7vHp8tCloK_rT_6I4OA4EY19edP5rFzXcDxs3_bvd6rAbKq0BqhoPk7exiwoF-z98H5LJH5jJbe4dDOjffY9Bj9w3g5kWvPrs5PpMeAdY4Rap08W1RrijQW_Ta"
"Doctors Lake - end of Lawrence Rd","Clay",2022-08-02,"NEROC","Yes","Dominant taxon: Microcystis aeruginosa","Yes","Yes",2.2,,,,,,,,,,"Anatoxin-a: not detected; Cylindrospermopsin: not detected; Nodularin-R: not detected; Saxitoxins: not detected",,2022-08-02 15:20:00,30.1291441,-81.7516917,0.3,"https://services1.arcgis.com/nRHtyn3uE1kyzoYc/ArcGIS/rest/services/service_c1026ff3b55f468d9f2edd834cb807f8/FeatureServer/0/5804/attachments/2256?token=esFGg2N_4QUkCtU1tiMztDW4hm2M0GdusSqnOkviQULZsKWy6cHlYSpBrHqloDkjMDORyL7vHp8tCloK_rT_6I4OA4EY19edP5rFzXcDxs3_bvd6rAbKq0BqhoPk7exiwoF-z98H5LJH5jJbe4dDOjffY9Bj9w3g5kWvPrs5PpMeAdY4Rap08W1RrijQW_Ta"
"Swimming Pen Creek - Whitey's Fish Camp","Clay",2022-08-02,"NEROC","Yes","Dominant taxon: Microcystis aeruginosa","Yes","Yes",5.4,,,,,,,,,,"Anatoxin-a: not detected; Cylindrospermopsin: not detected; Nodularin-R: not detected; Saxitoxins: not detected",,2022-08-02 14:50:00,30.1015588,-81.7475472,0.3,"https://services1.arcgis.com/nRHtyn3uE1kyzoYc/ArcGIS/rest/services/service_c1026ff3b55f468d9f2edd834cb807f8/FeatureServer/0/5802/attachments/2250?token=esFGg2N_4QUkCtU1tiMztDW4hm2M0GdusSqnOkviQULZsKWy6cHlYSpBrHqloDkjMDORyL7vHp8tCloK_rT_6I4OA4EY19edP5rFzXcDxs3_bvd6rAbKq0BqhoPk7exiwoF-z98H5LJH5jJbe4dDOjffY9Bj9w3g5kWvPrs5PpMeAdY4Rap08W1RrijQW_Ta"
"Lake Marian - Pavilion","Osceola",2022-08-02,"SEROC","Yes","Dominant taxon: Microcystis aeruginosa","Yes","Yes",4.1,,,,,,,,,,"Anatoxin-a: not detected; Cylindrospermopsin: not detected; Nodularin-R: not detected",,2022-08-02 14:00:00,27.8718208,-81.0518591,0.3,"https://services1.arcgis.com/nRHtyn3uE1kyzoYc/ArcGIS/rest/services/service_c1026ff3b55f468d9f2edd834cb807f8/FeatureServer/0/5801/attachments/2247?token=esFGg2N_4QUkCtU1tiMztDW4hm2M0GdusSqnOkviQULZsKWy6cHlYSpBrHqloDkjMDORyL7vHp8tCloK_rT_6I4OA4EY19edP5rFzXcDxs3_bvd6rAbKq0BqhoPk7exiwoF-z98H5LJH5jJbe4dDOjffY9Bj9w3g5kWvPrs5PpMeAdY4Rap08W1RrijQW_Ta"
"Johns Lake - W Lobe","Lake",2022-08-01,"CEROC","Yes","algal mat - co-dominant taxa were: Zygnema sp. and Scytonema sp.; water - mixed algae; no dominant species in sample","Yes","No",,,,,,,,,,,"Anatoxin-a: not detected; Cylindrospermopsin: not detected; Nodularin-R: not detected; Saxitoxins: not detected","Sunny. Submerged globs of bright green periphyton attached to Potamogeton",2022-08-01 16:25:00,28.53229,-81.671365,0.3,"https://services1.arcgis.com/nRHtyn3uE1kyzoYc/ArcGIS/rest/services/service_c1026ff3b55f468d9f2edd834cb807f8/FeatureServer/0/5798/attachments/2244?token=esFGg2N_4QUkCtU1tiMztDW4hm2M0GdusSqnOkviQULZsKWy6cHlYSpBrHqloDkjMDORyL7vHp8tCloK_rT_6I4OA4EY19edP5rFzXcDxs3_bvd6rAbKq0BqhoPk7exiwoF-z98H5LJH5jJbe4dDOjffY9Bj9w3g5kWvPrs5PpMeAdY4Rap08W1RrijQW_Ta"
"Lake Mann - McQueen Park","Orange",2022-07-28,"CEROC","Yes","mixed algae; no dominant species in sample","No","Yes",,,0.71,,,,,,,,"Anatoxin-a: not detected; Cylindrospermopsin: 0.71; Nodularin-R: not detected","Sunny. Water very green",2022-07-28 16:55:00,28.5344713,-81.42359,0.3,"https://services1.arcgis.com/nRHtyn3uE1kyzoYc/ArcGIS/rest/services/service_c1026ff3b55f468d9f2edd834cb807f8/FeatureServer/0/5795/attachments/2236?token=esFGg2N_4QUkCtU1tiMztDW4hm2M0GdusSqnOkviQULZsKWy6cHlYSpBrHqloDkjMDORyL7vHp8tCloK_rT_6I4OA4EY19edP5rFzXcDxs3_bvd6rAbKq0BqhoPk7exiwoF-z98H5LJH5jJbe4dDOjffY9Bj9w3g5kWvPrs5PpMeAdY4Rap08W1RrijQW_Ta"
"Lake Sue - Fawsett Ramp","Orange",2022-07-28,"CEROC","Yes","mixed algae; no dominant species in sample","No","Yes",,,0.27,"I (I qualifier indicates that the reported value is between the laboratory method detection limit and the laboratory practical quantitation limit.)",,,,,,,"Anatoxin-a: not detected; Cylindrospermopsin: 0.27 I (I qualifier indicates that the reported value is between the laboratory method detection limit and the laboratory practical quantitation limit.); Nodularin-R: not detected","Sunny",2022-07-28 15:37:00,28.57902,-81.352,0.2,"https://services1.arcgis.com/nRHtyn3uE1kyzoYc/ArcGIS/rest/services/service_c1026ff3b55f468d9f2edd834cb807f8/FeatureServer/0/5794/attachments/2234?token=esFGg2N_4QUkCtU1tiMztDW4hm2M0GdusSqnOkviQULZsKWy6cHlYSpBrHqloDkjMDORyL7vHp8tCloK_rT_6I4OA4EY19edP5rFzXcDxs3_bvd6rAbKq0BqhoPk7exiwoF-z98H5LJH5jJbe4dDOjffY9Bj9w3g5kWvPrs5PpMeAdY4Rap08W1RrijQW_Ta"
"Lake Ivanhoe - Center of Eastern Lobe","Orange",2022-07-28,"CEROC","Yes","mixed algae; no dominant species in sample","No","Yes",,,0.18,"I (I qualifier indicates that the reported value is between the laboratory method detection limit and the laboratory practical quantitation limit.)",,,,,,,"Anatoxin-a: not detected; Cylindrospermopsin: 0.18 I (I qualifier indicates that the reported value is between the laboratory method detection limit and the laboratory practical quantitation limit.); Nodularin-R: not detected","Sunny. Water very green",2022-07-28 15:02:00,28.562448,-81.3751635,0.3,"https://services1.arcgis.com/nRHtyn3uE1kyzoYc/ArcGIS/rest/services/service_c1026ff3b55f468d9f2edd834cb807f8/FeatureServer/0/5793/attachments/2231?token=esFGg2N_4QUkCtU1tiMztDW4hm2M0GdusSqnOkviQULZsKWy6cHlYSpBrHqloDkjMDORyL7vHp8tCloK_rT_6I4OA4EY19edP5rFzXcDxs3_bvd6rAbKq0BqhoPk7exiwoF-z98H5LJH5jJbe4dDOjffY9Bj9w3g5kWvPrs5PpMeAdY4Rap08W1RrijQW_Ta"
"Lake Monroe - Center (LMAC)","Volusia",2022-07-28,"SJRWMD","No","Dominant taxon: Microcystis aeruginosa","Yes","No",,,,,,,,,,,"Anatoxin-a: not detected; Cylindrospermopsin: not detected; Nodularin-R: not detected; Saxitoxins: not detected","Partly cloudy and calm",2022-07-28 14:06:00,28.83496,-81.27091,0.3,
"Lake Washington - Center (LWC)","Brevard",2022-07-28,"SJRWMD","No","mixed algae; no dominant species in sample","No","No",,,,,,,,,,,"Anatoxin-a: not detected; Cylindrospermopsin: not detected; Nodularin-R: not detected; Saxitoxins: not detected",,2022-07-28 12:32:00,28.142439,-80.746111,0.302,"https://services1.arcgis.com/nRHtyn3uE1kyzoYc/ArcGIS/rest/services/service_c1026ff3b55f468d9f2edd834cb807f8/FeatureServer/0/5789/attachments/2229?token=esFGg2N_4QUkCtU1tiMztDW4hm2M0GdusSqnOkviQULZsKWy6cHlYSpBrHqloDkjMDORyL7vHp8tCloK_rT_6I4OA4EY19edP5rFzXcDxs3_bvd6rAbKq0BqhoPk7exiwoF-z98H5LJH5jJbe4dDOjffY9Bj9w3g5kWvPrs5PpMeAdY4Rap08W1RrijQW_Ta"
"Lake Jesup - Center (OW-CTR)","Seminole",2022-07-27,"SJRWMD","No","mixed algae; no dominant species in sample","No","Yes",,,0.13,"I (I qualifier indicates that the reported value is between the laboratory method detection limit and the laboratory practical quantitation limit.)",,,,,,,"Anatoxin-a: not detected; Cylindrospermopsin: 0.13 I (I qualifier indicates that the reported value is between the laboratory method detection limit and the laboratory practical quantitation limit.); Nodularin-R: not detected; Saxitoxins: not detected","Sunny and clear with light breeze",2022-07-27 14:18:00,28.7268,-81.2111,0.3,"https://services1.arcgis.com/nRHtyn3uE1kyzoYc/ArcGIS/rest/services/service_c1026ff3b55f468d9f2edd834cb807f8/FeatureServer/0/5785/attachments/2221?token=esFGg2N_4QUkCtU1tiMztDW4hm2M0GdusSqnOkviQULZsKWy6cHlYSpBrHqloDkjMDORyL7vHp8tCloK_rT_6I4OA4EY19edP5rFzXcDxs3_bvd6rAbKq0BqhoPk7exiwoF-z98H5LJH5jJbe4dDOjffY9Bj9w3g5kWvPrs5PpMeAdY4Rap08W1RrijQW_Ta"
"Bull Creek - at Fish Camp","Flagler",2022-07-27,"SJRWMD","Yes","mixed algae; no dominant species in sample","No","No",,,,,,,,,,,"Anatoxin-a: not detected; Cylindrospermopsin: not detected; Nodularin-R: not detected; Saxitoxins: not detected","Clear skies, sunny",2022-07-27 13:04:00,29.4231819,-81.4358181,0.302,"https://services1.arcgis.com/nRHtyn3uE1kyzoYc/ArcGIS/rest/services/service_c1026ff3b55f468d9f2edd834cb807f8/FeatureServer/0/5786/attachments/2223?token=esFGg2N_4QUkCtU1tiMztDW4hm2M0GdusSqnOkviQULZsKWy6cHlYSpBrHqloDkjMDORyL7vHp8tCloK_rT_6I4OA4EY19edP5rFzXcDxs3_bvd6rAbKq0BqhoPk7exiwoF-z98H5LJH5jJbe4dDOjffY9Bj9w3g5kWvPrs5PpMeAdY4Rap08W1RrijQW_Ta"
"Blue Cypress Lake - Center (BCL)","IndianRiver",2022-07-27,"SJRWMD","No","mixed algae; no dominant species in sample","No","No",,,,,,,,,,,"Anatoxin-a: not detected; Cylindrospermopsin: not detected; Nodularin-R: not detected; Saxitoxins: not detected",,2022-07-27 12:42:00,27.7266,-80.7536,0.301,"https://services1.arcgis.com/nRHtyn3uE1kyzoYc/ArcGIS/rest/services/service_c1026ff3b55f468d9f2edd834cb807f8/FeatureServer/0/5787/attachments/2224?token=esFGg2N_4QUkCtU1tiMztDW4hm2M0GdusSqnOkviQULZsKWy6cHlYSpBrHqloDkjMDORyL7vHp8tCloK_rT_6I4OA4EY19edP5rFzXcDxs3_bvd6rAbKq0BqhoPk7exiwoF-z98H5LJH5jJbe4dDOjffY9Bj9w3g5kWvPrs5PpMeAdY4Rap08W1RrijQW_Ta"
"Doctors Lake - Center (DTL)","Clay",2022-07-26,"SJRWMD","Yes","mixed algae; no dominant species in sample","No","Yes",0.99,"I (I qualifier indicates that the reported value is between the laboratory method detection limit and the laboratory practical quantitation limit.)",,,,,,,,,"Anatoxin-a: not detected; Cylindrospermopsin: not detected; Nodularin-R: not detected; Saxitoxins: not detected",,2022-07-26 15:50:00,30.13805556,-81.72722222,0.312,"https://services1.arcgis.com/nRHtyn3uE1kyzoYc/ArcGIS/rest/services/service_c1026ff3b55f468d9f2edd834cb807f8/FeatureServer/0/5782/attachments/2220?token=esFGg2N_4QUkCtU1tiMztDW4hm2M0GdusSqnOkviQULZsKWy6cHlYSpBrHqloDkjMDORyL7vHp8tCloK_rT_6I4OA4EY19edP5rFzXcDxs3_bvd6rAbKq0BqhoPk7exiwoF-z98H5LJH5jJbe4dDOjffY9Bj9w3g5kWvPrs5PpMeAdY4Rap08W1RrijQW_Ta"
"Cypress Lake - West Lobe","Orange",2022-07-26,"County","No","mixed algae; no dominant species in sample","No","No",,,,,,,,,,,"Anatoxin-a: not detected; Cylindrospermopsin: not detected; Nodularin-R: not detected",,2022-07-26 15:00:00,28.4807269064959,-81.5698812254113,0.3,
"St. Johns River - Mandarin Point (MP72)","Duval",2022-07-26,"SJRWMD","No","mixed algae; no dominant species in sample","No","No",,,,,,,,,,,"Anatoxin-a: not detected; Cylindrospermopsin: not detected; Nodularin-R: not detected; Saxitoxins: not detected",,2022-07-26 14:47:00,30.15666667,-81.68388889,0.311,"https://services1.arcgis.com/nRHtyn3uE1kyzoYc/ArcGIS/rest/services/service_c1026ff3b55f468d9f2edd834cb807f8/FeatureServer/0/5781/attachments/2219?token=esFGg2N_4QUkCtU1tiMztDW4hm2M0GdusSqnOkviQULZsKWy6cHlYSpBrHqloDkjMDORyL7vHp8tCloK_rT_6I4OA4EY19edP5rFzXcDxs3_bvd6rAbKq0BqhoPk7exiwoF-z98H5LJH5jJbe4dDOjffY9Bj9w3g5kWvPrs5PpMeAdY4Rap08W1RrijQW_Ta"
"St. Johns River - Shands Bridge (20030157)","StJohns",2022-07-26,"SJRWMD","No","mixed algae; no dominant species in sample","No","No",,,,,,,,,,,"Anatoxin-a: not detected; Cylindrospermopsin: not detected; Nodularin-R: not detected; Saxitoxins: not detected",,2022-07-26 14:01:00,29.98163056,-81.62213889,0.31,"https://services1.arcgis.com/nRHtyn3uE1kyzoYc/ArcGIS/rest/services/service_c1026ff3b55f468d9f2edd834cb807f8/FeatureServer/0/5780/attachments/2218?token=esFGg2N_4QUkCtU1tiMztDW4hm2M0GdusSqnOkviQULZsKWy6cHlYSpBrHqloDkjMDORyL7vHp8tCloK_rT_6I4OA4EY19edP5rFzXcDxs3_bvd6rAbKq0BqhoPk7exiwoF-z98H5LJH5jJbe4dDOjffY9Bj9w3g5kWvPrs5PpMeAdY4Rap08W1RrijQW_Ta"
"Lake Speer - NW Lobe","Orange",2022-07-26,"County","Yes","Dominant taxon: Microcystis aeruginosa","Yes","Yes",0.47,"I (I qualifier indicates that the reported value is between the laboratory method detection limit and the laboratory practical quantitation limit.)",,,,,,,,,"Anatoxin-a: not detected; Cylindrospermopsin: not detected; Nodularin-R: not detected",,2022-07-26 13:50:00,28.4828395556766,-81.6019060126149,0.3,
"St. Johns River - Racy Point","Clay",2022-07-26,"SJRWMD","Yes","Dominant taxon: Microcystis aeruginosa","Yes","Yes",,,0.16,"I (I qualifier indicates that the reported value is between the laboratory method detection limit and the laboratory practical quantitation limit.)",,,,,,,"Anatoxin-a: not detected; Cylindrospermopsin: 0.16 I (I qualifier indicates that the reported value is between the laboratory method detection limit and the laboratory practical quantitation limit.); Nodularin-R: not detected; Saxitoxins: not detected",,2022-07-26 13:05:00,29.80228131,-81.56712508,0.303,"https://services1.arcgis.com/nRHtyn3uE1kyzoYc/ArcGIS/rest/services/service_c1026ff3b55f468d9f2edd834cb807f8/FeatureServer/0/5779/attachments/2217?token=esFGg2N_4QUkCtU1tiMztDW4hm2M0GdusSqnOkviQULZsKWy6cHlYSpBrHqloDkjMDORyL7vHp8tCloK_rT_6I4OA4EY19edP5rFzXcDxs3_bvd6rAbKq0BqhoPk7exiwoF-z98H5LJH5jJbe4dDOjffY9Bj9w3g5kWvPrs5PpMeAdY4Rap08W1RrijQW_Ta"
"St. Johns River - just north of Lake George Point","Putnam",2022-07-25,"SJRWMD","Yes","Dominant taxon: Cylindrospermopsis raciborskii","Yes","Yes",,,0.5,,,,,,,,"Anatoxin-a: not detected; Cylindrospermopsin: 0.50; Nodularin-R: not detected; Saxitoxins: not detected","Partly cloudy, humid",2022-07-25 15:27:00,29.3784936563799,-81.6258473050784,0.31,
"Lake George - Center (LEO)","Volusia",2022-07-25,"SJRWMD","Yes","Co-dominant taxa were: Cylindrospermopsis raciborskii and Planktolyngbya limnetica","Yes","Yes",,,0.54,,,,,,,,"Anatoxin-a: not detected; Cylindrospermopsin: 0.54; Nodularin-R: not detected; Saxitoxins: not detected","Partly cloudy, humid",2022-07-25 15:02:00,29.30830556,-81.60638889,0.3,
"Stick Marsh - North (STKM)","IndianRiver",2022-07-25,"SJRWMD","No","mixed algae; no dominant species in sample","No","No",,,,,,,,,,,"Anatoxin-a: not detected; Cylindrospermopsin: not detected; Nodularin-R: not detected; Saxitoxins: not detected",,2022-07-25 13:57:00,27.81065,-80.724854,0.3,"https://services1.arcgis.com/nRHtyn3uE1kyzoYc/ArcGIS/rest/services/service_c1026ff3b55f468d9f2edd834cb807f8/FeatureServer/0/5772/attachments/2213?token=esFGg2N_4QUkCtU1tiMztDW4hm2M0GdusSqnOkviQULZsKWy6cHlYSpBrHqloDkjMDORyL7vHp8tCloK_rT_6I4OA4EY19edP5rFzXcDxs3_bvd6rAbKq0BqhoPk7exiwoF-z98H5LJH5jJbe4dDOjffY9Bj9w3g5kWvPrs5PpMeAdY4Rap08W1RrijQW_Ta"
"Crescent Lake - mouth of Dunns Creek (CRESLM)","Putnam",2022-07-25,"SJRWMD","No","Dominant taxon: Microcystis aeruginosa","Yes","Yes",,,0.24,"I (I qualifier indicates that the reported value is between the laboratory method detection limit and the laboratory practical quantitation limit.)",,,,,,,"Anatoxin-a: not detected; Cylindrospermopsin: 0.24 I (I qualifier indicates that the reported value is between the laboratory method detection limit and the laboratory practical quantitation limit.); Nodularin-R: not detected; Saxitoxins: not detected","Partly cloudy, humid",2022-07-25 13:25:00,29.52955556,-81.55372222,0.3,
"Crescent Lake - Crescent City Public Boat Ramp","Putnam",2022-07-25,"SJRWMD","Yes","Co-dominant taxa were: Microcystis aeruginosa and Cylindrospermopsis raciborskii","Yes","Yes",0.12,"I (I qualifier indicates that the reported value is between the laboratory method detection limit and the laboratory practical quantitation limit.)",0.3,"I (I qualifier indicates that the reported value is between the laboratory method detection limit and the laboratory practical quantitation limit.)",,,,,,,"Anatoxin-a: not detected; Cylindrospermopsin: 0.30 I (I qualifier indicates that the reported value is between the laboratory method detection limit and the laboratory practical quantitation limit.); Nodularin-R: not detected; Saxitoxins: not detected","Partly cloudy, humid",2022-07-25 12:48:00,29.428889567489,-81.5063782434498,0.31,
"Lake Harris - S of Monkey Island","Lake",2022-07-21,"CEROC","Yes","mixed algae; no dominant species in sample","No","No",,,,,,,,,,,"Anatoxin-a: not detected; Cylindrospermopsin: not detected; Nodularin-R: not detected",,2022-07-21 16:23:00,28.8002900003867,-81.8708250670799,0.3,
"Lake Griffin - South Lobe","Lake",2022-07-21,"CEROC","Yes","mixed algae; no dominant species in sample","No","No",,,,,,,,,,,"Anatoxin-a: not detected; Cylindrospermopsin: not detected; Nodularin-R: not detected",,2022-07-21 15:42:00,28.8250739447404,-81.8637483951476,0.3,
"Welaka Springs - headspring","Putnam",2022-07-20,"SJRWMD","Yes","Co-dominant taxa were: Microcystis aeruginosa and Cylindrospermopsis raciborskii ","Yes","Yes",,,0.25,"I (I qualifier indicates that the reported value is between the laboratory method detection limit and the laboratory practical quantitation limit.)",,,,,,,"Anatoxin-a: not detected; Cylindrospermopsin: 0.25 I (I qualifier indicates that the reported value is between the laboratory method detection limit and the laboratory practical quantitation limit.); Nodularin-R: not detected; Saxitoxins: not detected","Clear sunny",2022-07-20 13:03:00,29.49428716,-81.67374392,0.308,"https://services1.arcgis.com/nRHtyn3uE1kyzoYc/ArcGIS/rest/services/service_c1026ff3b55f468d9f2edd834cb807f8/FeatureServer/0/5748/attachments/2206?token=esFGg2N_4QUkCtU1tiMztDW4hm2M0GdusSqnOkviQULZsKWy6cHlYSpBrHqloDkjMDORyL7vHp8tCloK_rT_6I4OA4EY19edP5rFzXcDxs3_bvd6rAbKq0BqhoPk7exiwoF-z98H5LJH5jJbe4dDOjffY9Bj9w3g5kWvPrs5PpMeAdY4Rap08W1RrijQW_Ta"
"St. Johns River - just north of Buffalo Bluff bridge","Putnam",2022-07-20,"SJRWMD","Yes","Co-dominant taxa were: Microcystis aeruginosa and Cylindrospermopsis raciborskii ","Yes","Yes",,,0.27,"I (I qualifier indicates that the reported value is between the laboratory method detection limit and the laboratory practical quantitation limit.)",,,,,,,"Anatoxin-a: not detected; Cylindrospermopsin: 0.27 I (I qualifier indicates that the reported value is between the laboratory method detection limit and the laboratory practical quantitation limit.); Nodularin-R: not detected; Saxitoxins: not detected","Clear, sunny",2022-07-20 12:22:00,29.59429623,-81.67699351,0.302,"https://services1.arcgis.com/nRHtyn3uE1kyzoYc/ArcGIS/rest/services/service_c1026ff3b55f468d9f2edd834cb807f8/FeatureServer/0/5747/attachments/2205?token=esFGg2N_4QUkCtU1tiMztDW4hm2M0GdusSqnOkviQULZsKWy6cHlYSpBrHqloDkjMDORyL7vHp8tCloK_rT_6I4OA4EY19edP5rFzXcDxs3_bvd6rAbKq0BqhoPk7exiwoF-z98H5LJH5jJbe4dDOjffY9Bj9w3g5kWvPrs5PpMeAdY4Rap08W1RrijQW_Ta"
"Doctors Lake - Mill Cove","Clay",2022-07-19,"NEROC","Yes","Dominant taxon: Microcystis aeruginosa","Yes","Yes",5.1,,,,,,,,,,"Anatoxin-a: not detected; Cylindrospermopsin: not detected; Nodularin-R: not detected; Saxitoxins: not detected","Sampled just after storm passed.",2022-07-19 16:40:00,30.1235489,-81.7276128,0.3,"https://services1.arcgis.com/nRHtyn3uE1kyzoYc/ArcGIS/rest/services/service_c1026ff3b55f468d9f2edd834cb807f8/FeatureServer/0/5731/attachments/2197?token=esFGg2N_4QUkCtU1tiMztDW4hm2M0GdusSqnOkviQULZsKWy6cHlYSpBrHqloDkjMDORyL7vHp8tCloK_rT_6I4OA4EY19edP5rFzXcDxs3_bvd6rAbKq0BqhoPk7exiwoF-z98H5LJH5jJbe4dDOjffY9Bj9w3g5kWvPrs5PpMeAdY4Rap08W1RrijQW_Ta"
"Doctors Lake - at Camp Echockotee","Clay",2022-07-19,"NEROC","Yes","Dominant taxon: Microcystis aeruginosa","Yes","Yes",3.4,,,,,,,,,,"Anatoxin-a: not detected; Cylindrospermopsin: not detected; Nodularin-R: not detected; Saxitoxins: not detected",,2022-07-19 15:05:00,30.1500645,-81.7249187,0.3,"https://services1.arcgis.com/nRHtyn3uE1kyzoYc/ArcGIS/rest/services/service_c1026ff3b55f468d9f2edd834cb807f8/FeatureServer/0/5730/attachments/2194?token=esFGg2N_4QUkCtU1tiMztDW4hm2M0GdusSqnOkviQULZsKWy6cHlYSpBrHqloDkjMDORyL7vHp8tCloK_rT_6I4OA4EY19edP5rFzXcDxs3_bvd6rAbKq0BqhoPk7exiwoF-z98H5LJH5jJbe4dDOjffY9Bj9w3g5kWvPrs5PpMeAdY4Rap08W1RrijQW_Ta"
"Doctors Lake - Near Lucy Branch","Clay",2022-07-19,"NEROC","Yes","Dominant taxon: Microcystis aeruginosa","Yes","Yes",3.5,,,,,,,,,,"Anatoxin-a: not detected; Cylindrospermopsin: not detected; Nodularin-R: not detected; Saxitoxins: not detected",,2022-07-19 14:45:00,30.1395281,-81.7447148,0.3,"https://services1.arcgis.com/nRHtyn3uE1kyzoYc/ArcGIS/rest/services/service_c1026ff3b55f468d9f2edd834cb807f8/FeatureServer/0/5729/attachments/2191?token=esFGg2N_4QUkCtU1tiMztDW4hm2M0GdusSqnOkviQULZsKWy6cHlYSpBrHqloDkjMDORyL7vHp8tCloK_rT_6I4OA4EY19edP5rFzXcDxs3_bvd6rAbKq0BqhoPk7exiwoF-z98H5LJH5jJbe4dDOjffY9Bj9w3g5kWvPrs5PpMeAdY4Rap08W1RrijQW_Ta"
"Doctors Lake - end of Lawrence Rd","Clay",2022-07-19,"NEROC","Yes","Dominant taxon: Microcystis aeruginosa","Yes","Yes",4.5,,,,,,,,,,"Anatoxin-a: not detected; Cylindrospermopsin: not detected; Nodularin-R: not detected; Saxitoxins: not detected",,2022-07-19 14:25:00,30.1294374,-81.7516553,0.3,"https://services1.arcgis.com/nRHtyn3uE1kyzoYc/ArcGIS/rest/services/service_c1026ff3b55f468d9f2edd834cb807f8/FeatureServer/0/5728/attachments/2188?token=esFGg2N_4QUkCtU1tiMztDW4hm2M0GdusSqnOkviQULZsKWy6cHlYSpBrHqloDkjMDORyL7vHp8tCloK_rT_6I4OA4EY19edP5rFzXcDxs3_bvd6rAbKq0BqhoPk7exiwoF-z98H5LJH5jJbe4dDOjffY9Bj9w3g5kWvPrs5PpMeAdY4Rap08W1RrijQW_Ta"
"Swimming Pen Creek - Whitey's Fish Camp","Clay",2022-07-19,"NEROC","Yes","mixed algae; no dominant species in sample","No","Yes",9.8,,,,,,,,,,"Anatoxin-a: not detected; Cylindrospermopsin: not detected; Nodularin-R: not detected; Saxitoxins: not detected",,2022-07-19 14:00:00,30.1016153,-81.7473153,0.3,"https://services1.arcgis.com/nRHtyn3uE1kyzoYc/ArcGIS/rest/services/service_c1026ff3b55f468d9f2edd834cb807f8/FeatureServer/0/5727/attachments/2185?token=esFGg2N_4QUkCtU1tiMztDW4hm2M0GdusSqnOkviQULZsKWy6cHlYSpBrHqloDkjMDORyL7vHp8tCloK_rT_6I4OA4EY19edP5rFzXcDxs3_bvd6rAbKq0BqhoPk7exiwoF-z98H5LJH5jJbe4dDOjffY9Bj9w3g5kWvPrs5PpMeAdY4Rap08W1RrijQW_Ta"
"Lake Washington - Center (LWC)","Brevard",2022-07-18,"SJRWMD","No","mixed algae; no dominant species in sample","No","No",,,,,,,,,,,"Anatoxin-a: not detected; Cylindrospermopsin: not detected; Nodularin-R: not detected; Saxitoxins: not detected",,2022-07-18 12:53:00,28.14392874,-80.7439953,0.3,"https://services1.arcgis.com/nRHtyn3uE1kyzoYc/ArcGIS/rest/services/service_c1026ff3b55f468d9f2edd834cb807f8/FeatureServer/0/5726/attachments/2184?token=esFGg2N_4QUkCtU1tiMztDW4hm2M0GdusSqnOkviQULZsKWy6cHlYSpBrHqloDkjMDORyL7vHp8tCloK_rT_6I4OA4EY19edP5rFzXcDxs3_bvd6rAbKq0BqhoPk7exiwoF-z98H5LJH5jJbe4dDOjffY9Bj9w3g5kWvPrs5PpMeAdY4Rap08W1RrijQW_Ta"
"Lake Sue - Lakeshore Dr West Lobe","Orange",2022-07-14,"CEROC","Yes","Dominant taxon: Microcystis aeruginosa","Yes","Yes",,,0.27,"I (I qualifier indicates that the reported value is between the laboratory method detection limit and the laboratory practical quantitation limit.)",,,,,,,"Anatoxin-a: not detected; Cylindrospermopsin: 0.27 I (I qualifier indicates that the reported value is between the laboratory method detection limit and the laboratory practical quantitation limit.); Nodularin-R: not detected",,2022-07-14 18:51:00,28.5769192,-81.3595279,0.3,"https://services1.arcgis.com/nRHtyn3uE1kyzoYc/ArcGIS/rest/services/service_c1026ff3b55f468d9f2edd834cb807f8/FeatureServer/0/5719/attachments/2177?token=esFGg2N_4QUkCtU1tiMztDW4hm2M0GdusSqnOkviQULZsKWy6cHlYSpBrHqloDkjMDORyL7vHp8tCloK_rT_6I4OA4EY19edP5rFzXcDxs3_bvd6rAbKq0BqhoPk7exiwoF-z98H5LJH5jJbe4dDOjffY9Bj9w3g5kWvPrs5PpMeAdY4Rap08W1RrijQW_Ta"
"Lake Mann - McQueen Park","Orange",2022-07-14,"CEROC","No","mixed algae; no dominant species in sample","No","Yes",,,0.66,,,,,,,,"Anatoxin-a: not detected; Cylindrospermopsin: 0.66; Nodularin-R: not detected","Hot upper 90°s.",2022-07-14 18:42:00,28.5344713,-81.4235901,0.3,"https://services1.arcgis.com/nRHtyn3uE1kyzoYc/ArcGIS/rest/services/service_c1026ff3b55f468d9f2edd834cb807f8/FeatureServer/0/5720/attachments/2179?token=esFGg2N_4QUkCtU1tiMztDW4hm2M0GdusSqnOkviQULZsKWy6cHlYSpBrHqloDkjMDORyL7vHp8tCloK_rT_6I4OA4EY19edP5rFzXcDxs3_bvd6rAbKq0BqhoPk7exiwoF-z98H5LJH5jJbe4dDOjffY9Bj9w3g5kWvPrs5PpMeAdY4Rap08W1RrijQW_Ta"
"Lake Ivanhoe - Center of Eastern Lobe","Orange",2022-07-14,"CEROC","Yes","mixed algae; no dominant species in sample","No","No",,,,,,,,,,,"Anatoxin-a: not detected; Cylindrospermopsin: not detected; Nodularin-R: not detected",,2022-07-14 18:09:00,28.5624448,-81.3751635,0.3,"https://services1.arcgis.com/nRHtyn3uE1kyzoYc/ArcGIS/rest/services/service_c1026ff3b55f468d9f2edd834cb807f8/FeatureServer/0/5718/attachments/2175?token=esFGg2N_4QUkCtU1tiMztDW4hm2M0GdusSqnOkviQULZsKWy6cHlYSpBrHqloDkjMDORyL7vHp8tCloK_rT_6I4OA4EY19edP5rFzXcDxs3_bvd6rAbKq0BqhoPk7exiwoF-z98H5LJH5jJbe4dDOjffY9Bj9w3g5kWvPrs5PpMeAdY4Rap08W1RrijQW_Ta"
"St. Johns River - Palatka Riverfront Park boat ramp","Putnam",2022-07-14,"SJRWMD","Yes","Dominant taxon: Microcystis aeruginosa","Yes","Yes",,,0.16,"I (I qualifier indicates that the reported value is between the laboratory method detection limit and the laboratory practical quantitation limit.)",,,,,,,"Anatoxin-a: not detected; Cylindrospermopsin: 0.16 I (I qualifier indicates that the reported value is between the laboratory method detection limit and the laboratory practical quantitation limit.); Nodularin-R: not detected; Saxitoxins: not detected",,2022-07-14 16:35:00,29.64365488,-81.63083804,0.303,"https://services1.arcgis.com/nRHtyn3uE1kyzoYc/ArcGIS/rest/services/service_c1026ff3b55f468d9f2edd834cb807f8/FeatureServer/0/5717/attachments/2174?token=esFGg2N_4QUkCtU1tiMztDW4hm2M0GdusSqnOkviQULZsKWy6cHlYSpBrHqloDkjMDORyL7vHp8tCloK_rT_6I4OA4EY19edP5rFzXcDxs3_bvd6rAbKq0BqhoPk7exiwoF-z98H5LJH5jJbe4dDOjffY9Bj9w3g5kWvPrs5PpMeAdY4Rap08W1RrijQW_Ta"
"Dunns Creek - canal between Waterside and Shoreline Ave","Putnam",2022-07-14,"SJRWMD","No","Dominant taxon: Microcystis aeruginosa","Yes","Yes",,,0.12,"I (I qualifier indicates that the reported value is between the laboratory method detection limit and the laboratory practical quantitation limit.)",,,,,,,"Anatoxin-a: not detected; Cylindrospermopsin: 0.12 I (I qualifier indicates that the reported value is between the laboratory method detection limit and the laboratory practical quantitation limit.); Nodularin-R: not detected; Saxitoxins: not detected","Excess vegetation on surface, see 2nd photo; METER ID 22213",2022-07-14 15:56:00,29.57749082,-81.61197224,0.299,"https://services1.arcgis.com/nRHtyn3uE1kyzoYc/ArcGIS/rest/services/service_c1026ff3b55f468d9f2edd834cb807f8/FeatureServer/0/5716/attachments/2172?token=esFGg2N_4QUkCtU1tiMztDW4hm2M0GdusSqnOkviQULZsKWy6cHlYSpBrHqloDkjMDORyL7vHp8tCloK_rT_6I4OA4EY19edP5rFzXcDxs3_bvd6rAbKq0BqhoPk7exiwoF-z98H5LJH5jJbe4dDOjffY9Bj9w3g5kWvPrs5PpMeAdY4Rap08W1RrijQW_Ta"
"Fish Lake - Sexton Park","Osceola",2022-07-14,"CEROC","No","mixed algae; no dominant species in sample","No","Yes",,,0.16,"I (I qualifier indicates that the reported value is between the laboratory method detection limit and the laboratory practical quantitation limit.)",,,,,,,"Anatoxin-a: not detected; Cylindrospermopsin: 0.16 I (I qualifier indicates that the reported value is between the laboratory method detection limit and the laboratory practical quantitation limit.); Nodularin-R: not detected","Salvinia and Lemna present, periphyton mats on the bottom. ",2022-07-14 13:15:00,28.2721808,-81.3397714,0.3,"https://services1.arcgis.com/nRHtyn3uE1kyzoYc/ArcGIS/rest/services/service_c1026ff3b55f468d9f2edd834cb807f8/FeatureServer/0/5713/attachments/2169?token=esFGg2N_4QUkCtU1tiMztDW4hm2M0GdusSqnOkviQULZsKWy6cHlYSpBrHqloDkjMDORyL7vHp8tCloK_rT_6I4OA4EY19edP5rFzXcDxs3_bvd6rAbKq0BqhoPk7exiwoF-z98H5LJH5jJbe4dDOjffY9Bj9w3g5kWvPrs5PpMeAdY4Rap08W1RrijQW_Ta"
"Lake Marian - Pavilion","Osceola",2022-07-13,"SEROC","Yes","Dominant taxon: Microcystis aeruginosa","Yes","Yes",2.2,,,,,,,,,,"Anatoxin-a: not detected; Cylindrospermopsin: not detected; Nodularin-R: not detected",,2022-07-13 16:25:00,27.8717971,-81.0518223,0.3,"https://services1.arcgis.com/nRHtyn3uE1kyzoYc/ArcGIS/rest/services/service_c1026ff3b55f468d9f2edd834cb807f8/FeatureServer/0/5701/attachments/2146?token=esFGg2N_4QUkCtU1tiMztDW4hm2M0GdusSqnOkviQULZsKWy6cHlYSpBrHqloDkjMDORyL7vHp8tCloK_rT_6I4OA4EY19edP5rFzXcDxs3_bvd6rAbKq0BqhoPk7exiwoF-z98H5LJH5jJbe4dDOjffY9Bj9w3g5kWvPrs5PpMeAdY4Rap08W1RrijQW_Ta"
"St. Johns River - Mandarin Point (MP72)","Duval",2022-07-13,"SJRWMD","No","Dominant taxon: Microcystis aeruginosa","Yes","No",,,,,,,,,,,"Anatoxin-a: not detected; Cylindrospermopsin: not detected; Nodularin-R: not detected; Saxitoxins: not detected","Partly cloudy and hot",2022-07-13 16:04:00,30.15666667,-81.68388889,0.306,"https://services1.arcgis.com/nRHtyn3uE1kyzoYc/ArcGIS/rest/services/service_c1026ff3b55f468d9f2edd834cb807f8/FeatureServer/0/5710/attachments/2163?token=esFGg2N_4QUkCtU1tiMztDW4hm2M0GdusSqnOkviQULZsKWy6cHlYSpBrHqloDkjMDORyL7vHp8tCloK_rT_6I4OA4EY19edP5rFzXcDxs3_bvd6rAbKq0BqhoPk7exiwoF-z98H5LJH5jJbe4dDOjffY9Bj9w3g5kWvPrs5PpMeAdY4Rap08W1RrijQW_Ta"
"Stick Marsh - North (STKM)","IndianRiver",2022-07-13,"SJRWMD","No","mixed algae; no dominant species in sample","No","No",,,,,,,,,,,"Anatoxin-a: not detected; Cylindrospermopsin: not detected; Nodularin-R: not detected; Saxitoxins: not detected",,2022-07-13 15:34:00,27.81065,-80.724854,0.328,"https://services1.arcgis.com/nRHtyn3uE1kyzoYc/ArcGIS/rest/services/service_c1026ff3b55f468d9f2edd834cb807f8/FeatureServer/0/5706/attachments/2158?token=esFGg2N_4QUkCtU1tiMztDW4hm2M0GdusSqnOkviQULZsKWy6cHlYSpBrHqloDkjMDORyL7vHp8tCloK_rT_6I4OA4EY19edP5rFzXcDxs3_bvd6rAbKq0BqhoPk7exiwoF-z98H5LJH5jJbe4dDOjffY9Bj9w3g5kWvPrs5PpMeAdY4Rap08W1RrijQW_Ta"
"Doctors Lake - Center (DTL)","Clay",2022-07-13,"SJRWMD","Yes","Dominant taxon: Microcystis aeruginosa","Yes","Yes",3.9,,,,,,,,,,"Anatoxin-a: not detected; Cylindrospermopsin: not detected; Nodularin-R: not detected; Saxitoxins: not detected","Partly cloudy, hot",2022-07-13 15:32:00,30.13805556,-81.72722222,0.308,"https://services1.arcgis.com/nRHtyn3uE1kyzoYc/ArcGIS/rest/services/service_c1026ff3b55f468d9f2edd834cb807f8/FeatureServer/0/5709/attachments/2162?token=esFGg2N_4QUkCtU1tiMztDW4hm2M0GdusSqnOkviQULZsKWy6cHlYSpBrHqloDkjMDORyL7vHp8tCloK_rT_6I4OA4EY19edP5rFzXcDxs3_bvd6rAbKq0BqhoPk7exiwoF-z98H5LJH5jJbe4dDOjffY9Bj9w3g5kWvPrs5PpMeAdY4Rap08W1RrijQW_Ta"
"St. Johns River - Shands Bridge (20030157)","StJohns",2022-07-13,"SJRWMD","No","Dominant taxon: Microcystis aeruginosa","Yes","No",,,,,,,,,,,"Anatoxin-a: not detected; Cylindrospermopsin: not detected; Nodularin-R: not detected; Saxitoxins: not detected","Partly cloudy, warm",2022-07-13 14:09:00,29.98163056,-81.62213889,0.302,"https://services1.arcgis.com/nRHtyn3uE1kyzoYc/ArcGIS/rest/services/service_c1026ff3b55f468d9f2edd834cb807f8/FeatureServer/0/5708/attachments/2161?token=esFGg2N_4QUkCtU1tiMztDW4hm2M0GdusSqnOkviQULZsKWy6cHlYSpBrHqloDkjMDORyL7vHp8tCloK_rT_6I4OA4EY19edP5rFzXcDxs3_bvd6rAbKq0BqhoPk7exiwoF-z98H5LJH5jJbe4dDOjffY9Bj9w3g5kWvPrs5PpMeAdY4Rap08W1RrijQW_Ta"
"Blue Cypress Lake - Center (BCL)","IndianRiver",2022-07-13,"SJRWMD","No","mixed algae; no dominant species in sample","No","No",,,,,,,,,,,"Anatoxin-a: not detected; Cylindrospermopsin: not detected; Nodularin-R: not detected; Saxitoxins: not detected","Dead mayflies on surface",2022-07-13 14:04:00,27.7266,-80.7536,0.321,"https://services1.arcgis.com/nRHtyn3uE1kyzoYc/ArcGIS/rest/services/service_c1026ff3b55f468d9f2edd834cb807f8/FeatureServer/0/5705/attachments/2156?token=esFGg2N_4QUkCtU1tiMztDW4hm2M0GdusSqnOkviQULZsKWy6cHlYSpBrHqloDkjMDORyL7vHp8tCloK_rT_6I4OA4EY19edP5rFzXcDxs3_bvd6rAbKq0BqhoPk7exiwoF-z98H5LJH5jJbe4dDOjffY9Bj9w3g5kWvPrs5PpMeAdY4Rap08W1RrijQW_Ta"
"St. Johns River - Racy Point","StJohns",2022-07-13,"SJRWMD","No","mixed algae; no dominant species in sample","No","Yes",,,0.15,"I (I qualifier indicates that the reported value is between the laboratory method detection limit and the laboratory practical quantitation limit.)",,,,,,,"Anatoxin-a: not detected; Cylindrospermopsin: 0.15 I (I qualifier indicates that the reported value is between the laboratory method detection limit and the laboratory practical quantitation limit.); Nodularin-R: not detected; Saxitoxins: not detected","Partly Cloudy, warm",2022-07-13 13:16:00,29.80009357,-81.56075422,0.303,"https://services1.arcgis.com/nRHtyn3uE1kyzoYc/ArcGIS/rest/services/service_c1026ff3b55f468d9f2edd834cb807f8/FeatureServer/0/5707/attachments/2160?token=esFGg2N_4QUkCtU1tiMztDW4hm2M0GdusSqnOkviQULZsKWy6cHlYSpBrHqloDkjMDORyL7vHp8tCloK_rT_6I4OA4EY19edP5rFzXcDxs3_bvd6rAbKq0BqhoPk7exiwoF-z98H5LJH5jJbe4dDOjffY9Bj9w3g5kWvPrs5PpMeAdY4Rap08W1RrijQW_Ta"
"Violet Lake - 130 Violet Cir","Putnam",2022-07-12,"NEROC","Yes","Dominant taxon: Phormidium sp.","Yes","Yes",,,0.25,"I (I qualifier indicates that the reported value is between the laboratory method detection limit and the laboratory practical quantitation limit.)",,,,,,,"Anatoxin-a: not detected; Cylindrospermopsin: 0.25 I (I qualifier indicates that the reported value is between the laboratory method detection limit and the laboratory practical quantitation limit.); Nodularin-R: not detected; Saxitoxins: not detected",,2022-07-12 18:25:00,29.6526141,-81.8612495,0.3,"https://services1.arcgis.com/nRHtyn3uE1kyzoYc/ArcGIS/rest/services/service_c1026ff3b55f468d9f2edd834cb807f8/FeatureServer/0/5694/attachments/2127?token=esFGg2N_4QUkCtU1tiMztDW4hm2M0GdusSqnOkviQULZsKWy6cHlYSpBrHqloDkjMDORyL7vHp8tCloK_rT_6I4OA4EY19edP5rFzXcDxs3_bvd6rAbKq0BqhoPk7exiwoF-z98H5LJH5jJbe4dDOjffY9Bj9w3g5kWvPrs5PpMeAdY4Rap08W1RrijQW_Ta"
"Lochloosa Lake - Lochloosa Park and Boat Ramp","Alachua",2022-07-12,"NEROC","Yes","Co-dominant taxa were: Microcystis aeruginosa and Microcystis wesenbergii","Yes","Yes",1.1,"I (I qualifier indicates that the reported value is between the laboratory method detection limit and the laboratory practical quantitation limit.)",,,,,,,,,"Anatoxin-a: not detected; Cylindrospermopsin: not detected; Nodularin-R: not detected; Saxitoxins: not detected",,2022-07-12 16:30:00,29.5057201,-82.1028638,0.3,"https://services1.arcgis.com/nRHtyn3uE1kyzoYc/ArcGIS/rest/services/service_c1026ff3b55f468d9f2edd834cb807f8/FeatureServer/0/5690/attachments/2121?token=esFGg2N_4QUkCtU1tiMztDW4hm2M0GdusSqnOkviQULZsKWy6cHlYSpBrHqloDkjMDORyL7vHp8tCloK_rT_6I4OA4EY19edP5rFzXcDxs3_bvd6rAbKq0BqhoPk7exiwoF-z98H5LJH5jJbe4dDOjffY9Bj9w3g5kWvPrs5PpMeAdY4Rap08W1RrijQW_Ta"
"Lochloosa Lake - NE in Veg","Alachua",2022-07-12,"NEROC","Yes","Co-dominant taxa were: Microcystis aeruginosa and Microcystis wesenbergii","Yes","Yes",1.2,"I (I qualifier indicates that the reported value is between the laboratory method detection limit and the laboratory practical quantitation limit.)",,,,,,,,,"Anatoxin-a: not detected; Cylindrospermopsin: not detected; Nodularin-R: not detected; Saxitoxins: not detected",,2022-07-12 16:15:00,29.5447845,-82.1220913,0.3,"https://services1.arcgis.com/nRHtyn3uE1kyzoYc/ArcGIS/rest/services/service_c1026ff3b55f468d9f2edd834cb807f8/FeatureServer/0/5689/attachments/2118?token=esFGg2N_4QUkCtU1tiMztDW4hm2M0GdusSqnOkviQULZsKWy6cHlYSpBrHqloDkjMDORyL7vHp8tCloK_rT_6I4OA4EY19edP5rFzXcDxs3_bvd6rAbKq0BqhoPk7exiwoF-z98H5LJH5jJbe4dDOjffY9Bj9w3g5kWvPrs5PpMeAdY4Rap08W1RrijQW_Ta"
"Lochloosa Lake - entrance to Cross Creek","Alachua",2022-07-12,"NEROC","Yes","Co-dominant taxa were: Microcystis aeruginosa and Microcystis wesenbergii","Yes","Yes",1.5,"I (I qualifier indicates that the reported value is between the laboratory method detection limit and the laboratory practical quantitation limit.)",,,,,,,,,"Anatoxin-a: not detected; Cylindrospermopsin: not detected; Nodularin-R: not detected; Saxitoxins: not detected",,2022-07-12 15:50:00,29.5079225,-82.1495391,0.3,"https://services1.arcgis.com/nRHtyn3uE1kyzoYc/ArcGIS/rest/services/service_c1026ff3b55f468d9f2edd834cb807f8/FeatureServer/0/5688/attachments/2115?token=esFGg2N_4QUkCtU1tiMztDW4hm2M0GdusSqnOkviQULZsKWy6cHlYSpBrHqloDkjMDORyL7vHp8tCloK_rT_6I4OA4EY19edP5rFzXcDxs3_bvd6rAbKq0BqhoPk7exiwoF-z98H5LJH5jJbe4dDOjffY9Bj9w3g5kWvPrs5PpMeAdY4Rap08W1RrijQW_Ta"
"183rd Ave Canal - off Cross Creek","Alachua",2022-07-12,"NEROC","Yes","Dominant taxon: Microcystis aeruginosa","Yes","No",,,,,,,,,,,"Anatoxin-a: not detected; Cylindrospermopsin: not detected; Nodularin-R: not detected; Saxitoxins: not detected","Salvinia minima and Lemna covering water's surface. Algae still present in water column.",2022-07-12 15:15:10.516,29.4849511,-82.1633464,0.3,"https://services1.arcgis.com/nRHtyn3uE1kyzoYc/ArcGIS/rest/services/service_c1026ff3b55f468d9f2edd834cb807f8/FeatureServer/0/5687/attachments/2112?token=esFGg2N_4QUkCtU1tiMztDW4hm2M0GdusSqnOkviQULZsKWy6cHlYSpBrHqloDkjMDORyL7vHp8tCloK_rT_6I4OA4EY19edP5rFzXcDxs3_bvd6rAbKq0BqhoPk7exiwoF-z98H5LJH5jJbe4dDOjffY9Bj9w3g5kWvPrs5PpMeAdY4Rap08W1RrijQW_Ta"
"Cypress Lake - West Lobe","Orange",2022-07-12,"County","No","mixed algae; no dominant species in sample","No","No",,,,,,,,,,,"Anatoxin-a: not detected; Cylindrospermopsin: not detected; Nodularin-R: not detected",,2022-07-12 13:45:00,28.4807384,-81.569878,0.3,"https://services1.arcgis.com/nRHtyn3uE1kyzoYc/ArcGIS/rest/services/service_c1026ff3b55f468d9f2edd834cb807f8/FeatureServer/0/5691/attachments/2124?token=esFGg2N_4QUkCtU1tiMztDW4hm2M0GdusSqnOkviQULZsKWy6cHlYSpBrHqloDkjMDORyL7vHp8tCloK_rT_6I4OA4EY19edP5rFzXcDxs3_bvd6rAbKq0BqhoPk7exiwoF-z98H5LJH5jJbe4dDOjffY9Bj9w3g5kWvPrs5PpMeAdY4Rap08W1RrijQW_Ta"
"Crescent Lake - Crescent City Public Boat Ramp","Putnam",2022-07-12,"SJRWMD","Yes","Dominant taxon: Microcystis aeruginosa","Yes","Yes",,,0.15,"I (I qualifier indicates that the reported value is between the laboratory method detection limit and the laboratory practical quantitation limit.)",,,,,,,"Anatoxin-a: not detected; Cylindrospermopsin: 0.15 I (I qualifier indicates that the reported value is between the laboratory method detection limit and the laboratory practical quantitation limit.); Nodularin-R: not detected; Saxitoxins: not detected","Warm, sunny",2022-07-12 13:33:00,29.42831036,-81.50628962,0.307,"https://services1.arcgis.com/nRHtyn3uE1kyzoYc/ArcGIS/rest/services/service_c1026ff3b55f468d9f2edd834cb807f8/FeatureServer/0/5692/attachments/2125?token=esFGg2N_4QUkCtU1tiMztDW4hm2M0GdusSqnOkviQULZsKWy6cHlYSpBrHqloDkjMDORyL7vHp8tCloK_rT_6I4OA4EY19edP5rFzXcDxs3_bvd6rAbKq0BqhoPk7exiwoF-z98H5LJH5jJbe4dDOjffY9Bj9w3g5kWvPrs5PpMeAdY4Rap08W1RrijQW_Ta"
"Crescent Lake - mouth of Dunns Creek (CRESLM)","Putnam",2022-07-12,"SJRWMD","Yes","Dominant taxon: Microcystis aeruginosa","Yes","Yes",,,0.17,"I (I qualifier indicates that the reported value is between the laboratory method detection limit and the laboratory practical quantitation limit.)",,,,,,,"Anatoxin-a: not detected; Cylindrospermopsin: 0.17 I (I qualifier indicates that the reported value is between the laboratory method detection limit and the laboratory practical quantitation limit.); Nodularin-R: not detected; Saxitoxins: not detected","Warm, sunny",2022-07-12 13:02:00,29.52955556,-81.55372222,0.308,"https://services1.arcgis.com/nRHtyn3uE1kyzoYc/ArcGIS/rest/services/service_c1026ff3b55f468d9f2edd834cb807f8/FeatureServer/0/5693/attachments/2126?token=esFGg2N_4QUkCtU1tiMztDW4hm2M0GdusSqnOkviQULZsKWy6cHlYSpBrHqloDkjMDORyL7vHp8tCloK_rT_6I4OA4EY19edP5rFzXcDxs3_bvd6rAbKq0BqhoPk7exiwoF-z98H5LJH5jJbe4dDOjffY9Bj9w3g5kWvPrs5PpMeAdY4Rap08W1RrijQW_Ta"
"St. Johns River - Buzzard Island","Putnam",2022-07-11,"SJRWMD","No","Co-dominant taxa were: Microcystis aeruginosa and Cylindrospermopsis raciborskii","Yes","Yes",,,0.24,"I (I qualifier indicates that the reported value is between the laboratory method detection limit and the laboratory practical quantitation limit.)",,,,,,,"Anatoxin-a: not detected; Cylindrospermopsin: 0.24 I (I qualifier indicates that the reported value is between the laboratory method detection limit and the laboratory practical quantitation limit.); Nodularin-R: not detected; Saxitoxins: not detected","Cloudy, humid",2022-07-11 15:01:00,29.604007,-81.5995463,0.301,"https://services1.arcgis.com/nRHtyn3uE1kyzoYc/ArcGIS/rest/services/service_c1026ff3b55f468d9f2edd834cb807f8/FeatureServer/0/5679/attachments/2107?token=esFGg2N_4QUkCtU1tiMztDW4hm2M0GdusSqnOkviQULZsKWy6cHlYSpBrHqloDkjMDORyL7vHp8tCloK_rT_6I4OA4EY19edP5rFzXcDxs3_bvd6rAbKq0BqhoPk7exiwoF-z98H5LJH5jJbe4dDOjffY9Bj9w3g5kWvPrs5PpMeAdY4Rap08W1RrijQW_Ta"
"Lake George - Center (LEO)","Volusia",2022-07-11,"SJRWMD","No","Co-dominant taxa were: Microcystis aeruginosa and Cylindrospermopsis raciborskii","Yes","Yes",,,0.27,"I (I qualifier indicates that the reported value is between the laboratory method detection limit and the laboratory practical quantitation limit.)",,,,,,,"Anatoxin-a: not detected; Cylindrospermopsin: 0.27 I (I qualifier indicates that the reported value is between the laboratory method detection limit and the laboratory practical quantitation limit.); Nodularin-R: not detected; Saxitoxins: not detected","Sunny, partly cloudy",2022-07-11 13:13:00,29.30830556,-81.60638889,0.319,"https://services1.arcgis.com/nRHtyn3uE1kyzoYc/ArcGIS/rest/services/service_c1026ff3b55f468d9f2edd834cb807f8/FeatureServer/0/5678/attachments/2106?token=esFGg2N_4QUkCtU1tiMztDW4hm2M0GdusSqnOkviQULZsKWy6cHlYSpBrHqloDkjMDORyL7vHp8tCloK_rT_6I4OA4EY19edP5rFzXcDxs3_bvd6rAbKq0BqhoPk7exiwoF-z98H5LJH5jJbe4dDOjffY9Bj9w3g5kWvPrs5PpMeAdY4Rap08W1RrijQW_Ta"
"Georges Lake - Center","Putnam",2022-07-11,"SJRWMD","No","Co-dominant taxa were: Microcystis aeruginosa and Aphanizomenon flos-aquae","Yes","Yes",2.3,"I (I qualifier indicates that the reported value is between the laboratory method detection limit and the laboratory practical quantitation limit.)",,,,,,,,,"Anatoxin-a: not detected; Cylindrospermopsin: not detected; Nodularin-R: not detected; Saxitoxins: not detected",,2022-07-11 12:17:00,29.7990832,-81.8489957,0.294,"https://services1.arcgis.com/nRHtyn3uE1kyzoYc/ArcGIS/rest/services/service_c1026ff3b55f468d9f2edd834cb807f8/FeatureServer/0/5677/attachments/2105?token=esFGg2N_4QUkCtU1tiMztDW4hm2M0GdusSqnOkviQULZsKWy6cHlYSpBrHqloDkjMDORyL7vHp8tCloK_rT_6I4OA4EY19edP5rFzXcDxs3_bvd6rAbKq0BqhoPk7exiwoF-z98H5LJH5jJbe4dDOjffY9Bj9w3g5kWvPrs5PpMeAdY4Rap08W1RrijQW_Ta"
"Bivens Lake - outflow at US441","Alachua",2022-07-07,"County","Yes","mixed algae; no dominant species in sample","No","No",,,,,,,,,,,"Anatoxin-a: not detected; Cylindrospermopsin: not detected; Nodularin-R: not detected",,2022-07-07 18:10:00,29.62163,-82.34003,0.5,"https://services1.arcgis.com/nRHtyn3uE1kyzoYc/ArcGIS/rest/services/service_c1026ff3b55f468d9f2edd834cb807f8/FeatureServer/0/5676/attachments/2104?token=esFGg2N_4QUkCtU1tiMztDW4hm2M0GdusSqnOkviQULZsKWy6cHlYSpBrHqloDkjMDORyL7vHp8tCloK_rT_6I4OA4EY19edP5rFzXcDxs3_bvd6rAbKq0BqhoPk7exiwoF-z98H5LJH5jJbe4dDOjffY9Bj9w3g5kWvPrs5PpMeAdY4Rap08W1RrijQW_Ta"
"Lake Wauberg - end of UF Dock","Alachua",2022-07-07,"County","No","Co-dominant taxa were: Microcystis aeruginosa and Microcystis wesenbergii","Yes","Yes",,,,,0.29,"I (I qualifier indicates that the reported value is between the laboratory method detection limit and the laboratory practical quantitation limit.)",,,,,"Anatoxin-a: 0.29 I (I qualifier indicates that the reported value is between the laboratory method detection limit and the laboratory practical quantitation limit.); Cylindrospermopsin: not detected; Nodularin-R: not detected",,2022-07-07 17:15:00,29.53442,-82.30436,0.5,"https://services1.arcgis.com/nRHtyn3uE1kyzoYc/ArcGIS/rest/services/service_c1026ff3b55f468d9f2edd834cb807f8/FeatureServer/0/5675/attachments/2103?token=esFGg2N_4QUkCtU1tiMztDW4hm2M0GdusSqnOkviQULZsKWy6cHlYSpBrHqloDkjMDORyL7vHp8tCloK_rT_6I4OA4EY19edP5rFzXcDxs3_bvd6rAbKq0BqhoPk7exiwoF-z98H5LJH5jJbe4dDOjffY9Bj9w3g5kWvPrs5PpMeAdY4Rap08W1RrijQW_Ta"
"St. Johns River - 2930 SR 13","StJohns",2022-07-07,"NEROC","Yes","Dominant taxon: Microcystis aeruginosa","Yes","No",,,,,,,,,,,"Anatoxin-a: not detected; Cylindrospermopsin: not detected; Nodularin-R: not detected",,2022-07-07 17:10:00,30.0503268,-81.6692103,0.3,"https://services1.arcgis.com/nRHtyn3uE1kyzoYc/ArcGIS/rest/services/service_c1026ff3b55f468d9f2edd834cb807f8/FeatureServer/0/5648/attachments/2079?token=esFGg2N_4QUkCtU1tiMztDW4hm2M0GdusSqnOkviQULZsKWy6cHlYSpBrHqloDkjMDORyL7vHp8tCloK_rT_6I4OA4EY19edP5rFzXcDxs3_bvd6rAbKq0BqhoPk7exiwoF-z98H5LJH5jJbe4dDOjffY9Bj9w3g5kWvPrs5PpMeAdY4Rap08W1RrijQW_Ta"
"Lake Kathryn - West Lobe","Seminole",2022-07-07,"CEROC","Yes","Dominant taxon: Microcystis aeruginosa","Yes","No",,,,,,,,,,,"Anatoxin-a: not detected; Cylindrospermopsin: not detected; Nodularin-R: not detected","Sunny. Appears to have algae specks in water column - possible bloom",2022-07-07 16:50:00,28.6843735,-81.3327,0.1,"https://services1.arcgis.com/nRHtyn3uE1kyzoYc/ArcGIS/rest/services/service_c1026ff3b55f468d9f2edd834cb807f8/FeatureServer/0/5672/attachments/2099?token=esFGg2N_4QUkCtU1tiMztDW4hm2M0GdusSqnOkviQULZsKWy6cHlYSpBrHqloDkjMDORyL7vHp8tCloK_rT_6I4OA4EY19edP5rFzXcDxs3_bvd6rAbKq0BqhoPk7exiwoF-z98H5LJH5jJbe4dDOjffY9Bj9w3g5kWvPrs5PpMeAdY4Rap08W1RrijQW_Ta"
"Lake Griffin - at easement","Seminole",2022-07-07,"CEROC","Yes","mixed algae; no dominant species in sample","No","Yes",,,0.11,"I (I qualifier indicates that the reported value is between the laboratory method detection limit and the laboratory practical quantitation limit.)",,,,,,,"Anatoxin-a: not detected; Cylindrospermopsin: 0.11 I (I qualifier indicates that the reported value is between the laboratory method detection limit and the laboratory practical quantitation limit.); Nodularin-R: not detected","Sunny. Surface scum detached/dying filamentous algae",2022-07-07 16:10:00,28.6796914,-81.339108,0.1,"https://services1.arcgis.com/nRHtyn3uE1kyzoYc/ArcGIS/rest/services/service_c1026ff3b55f468d9f2edd834cb807f8/FeatureServer/0/5666/attachments/2096?token=esFGg2N_4QUkCtU1tiMztDW4hm2M0GdusSqnOkviQULZsKWy6cHlYSpBrHqloDkjMDORyL7vHp8tCloK_rT_6I4OA4EY19edP5rFzXcDxs3_bvd6rAbKq0BqhoPk7exiwoF-z98H5LJH5jJbe4dDOjffY9Bj9w3g5kWvPrs5PpMeAdY4Rap08W1RrijQW_Ta"
"Lake Jesup - Center (OW-CTR)","Seminole",2022-07-07,"SJRWMD","No","mixed algae; no dominant species in sample","No","No",,,,,,,,,,,"Anatoxin-a: not detected; Cylindrospermopsin: not detected; Nodularin-R: not detected; Saxitoxins: not detected","Sunny ",2022-07-07 16:05:00,28.7268,-81.2111,0.3,
"Orange Lake - McIntosh Bay","Alachua",2022-07-07,"County","No","Dominant taxon: Microcystis aeruginosa","Yes","No",,,,,,,,,,,"Anatoxin-a: not detected; Cylindrospermopsin: not detected; Nodularin-R: not detected",,2022-07-07 15:50:00,29.43673,-82.19029,0.5,"https://services1.arcgis.com/nRHtyn3uE1kyzoYc/ArcGIS/rest/services/service_c1026ff3b55f468d9f2edd834cb807f8/FeatureServer/0/5674/attachments/2102?token=esFGg2N_4QUkCtU1tiMztDW4hm2M0GdusSqnOkviQULZsKWy6cHlYSpBrHqloDkjMDORyL7vHp8tCloK_rT_6I4OA4EY19edP5rFzXcDxs3_bvd6rAbKq0BqhoPk7exiwoF-z98H5LJH5jJbe4dDOjffY9Bj9w3g5kWvPrs5PpMeAdY4Rap08W1RrijQW_Ta"
"Doctors Lake - Mill Cove","Clay",2022-07-07,"NEROC","Yes","Dominant taxon: Microcystis aeruginosa","Yes","Yes",2,,,,,,,,,,"Anatoxin-a: not detected; Cylindrospermopsin: not detected; Nodularin-R: not detected",,2022-07-07 15:15:00,30.1241527,-81.7272564,0.3,"https://services1.arcgis.com/nRHtyn3uE1kyzoYc/ArcGIS/rest/services/service_c1026ff3b55f468d9f2edd834cb807f8/FeatureServer/0/5647/attachments/2076?token=esFGg2N_4QUkCtU1tiMztDW4hm2M0GdusSqnOkviQULZsKWy6cHlYSpBrHqloDkjMDORyL7vHp8tCloK_rT_6I4OA4EY19edP5rFzXcDxs3_bvd6rAbKq0BqhoPk7exiwoF-z98H5LJH5jJbe4dDOjffY9Bj9w3g5kWvPrs5PpMeAdY4Rap08W1RrijQW_Ta"
"Lake Dot - fishing pier","Seminole",2022-07-07,"CEROC","Yes","Co-dominant taxa were: Microcystis wesenbergii and Cylindrospermopsis raciborskii","Yes","No",,,,,,,,,,,"Anatoxin-a: not detected; Cylindrospermopsin: not detected; Nodularin-R: not detected","Sunny. Water still very green",2022-07-07 15:00:00,28.7502734,-81.286561,0.3,"https://services1.arcgis.com/nRHtyn3uE1kyzoYc/ArcGIS/rest/services/service_c1026ff3b55f468d9f2edd834cb807f8/FeatureServer/0/5655/attachments/2087?token=esFGg2N_4QUkCtU1tiMztDW4hm2M0GdusSqnOkviQULZsKWy6cHlYSpBrHqloDkjMDORyL7vHp8tCloK_rT_6I4OA4EY19edP5rFzXcDxs3_bvd6rAbKq0BqhoPk7exiwoF-z98H5LJH5jJbe4dDOjffY9Bj9w3g5kWvPrs5PpMeAdY4Rap08W1RrijQW_Ta"
"Doctors Lake - at Camp Echockotee","Clay",2022-07-07,"NEROC","Yes","Dominant taxon: Microcystis aeruginosa","Yes","Yes",1.8,,,,,,,,,,"Anatoxin-a: not detected; Cylindrospermopsin: not detected; Nodularin-R: not detected",,2022-07-07 14:55:00,30.1502191,-81.7250285,0.3,"https://services1.arcgis.com/nRHtyn3uE1kyzoYc/ArcGIS/rest/services/service_c1026ff3b55f468d9f2edd834cb807f8/FeatureServer/0/5646/attachments/2073?token=esFGg2N_4QUkCtU1tiMztDW4hm2M0GdusSqnOkviQULZsKWy6cHlYSpBrHqloDkjMDORyL7vHp8tCloK_rT_6I4OA4EY19edP5rFzXcDxs3_bvd6rAbKq0BqhoPk7exiwoF-z98H5LJH5jJbe4dDOjffY9Bj9w3g5kWvPrs5PpMeAdY4Rap08W1RrijQW_Ta"
"Doctors Lake - Near Lucy Branch","Clay",2022-07-07,"NEROC","Yes","Dominant taxon: Microcystis aeruginosa","Yes","Yes",7.6,,,,,,,,,,"Anatoxin-a: not detected; Cylindrospermopsin: not detected; Nodularin-R: not detected",,2022-07-07 14:35:00,30.1397015,-81.7446836,0.3,"https://services1.arcgis.com/nRHtyn3uE1kyzoYc/ArcGIS/rest/services/service_c1026ff3b55f468d9f2edd834cb807f8/FeatureServer/0/5645/attachments/2070?token=esFGg2N_4QUkCtU1tiMztDW4hm2M0GdusSqnOkviQULZsKWy6cHlYSpBrHqloDkjMDORyL7vHp8tCloK_rT_6I4OA4EY19edP5rFzXcDxs3_bvd6rAbKq0BqhoPk7exiwoF-z98H5LJH5jJbe4dDOjffY9Bj9w3g5kWvPrs5PpMeAdY4Rap08W1RrijQW_Ta"
"Doctors Lake - end of Lawrence Rd","Clay",2022-07-07,"NEROC","Yes","Dominant taxon: Microcystis aeruginosa","Yes","Yes",5.4,,,,,,,,,,"Anatoxin-a: not detected; Cylindrospermopsin: not detected; Nodularin-R: not detected",,2022-07-07 14:15:00,30.1290582,-81.7515704,0.3,"https://services1.arcgis.com/nRHtyn3uE1kyzoYc/ArcGIS/rest/services/service_c1026ff3b55f468d9f2edd834cb807f8/FeatureServer/0/5643/attachments/2067?token=esFGg2N_4QUkCtU1tiMztDW4hm2M0GdusSqnOkviQULZsKWy6cHlYSpBrHqloDkjMDORyL7vHp8tCloK_rT_6I4OA4EY19edP5rFzXcDxs3_bvd6rAbKq0BqhoPk7exiwoF-z98H5LJH5jJbe4dDOjffY9Bj9w3g5kWvPrs5PpMeAdY4Rap08W1RrijQW_Ta"
"Lake Monroe - Center (LMAC)","Volusia",2022-07-07,"SJRWMD","No","mixed algae; no dominant species in sample","No","No",,,,,,,,,,,"Anatoxin-a: not detected; Cylindrospermopsin: not detected; Nodularin-R: not detected; Saxitoxins: not detected","Sunny and light wind",2022-07-07 13:53:00,28.83496,-81.27091,0.3,
"Swimming Pen Creek - Whitey's Fish Camp","Clay",2022-07-07,"NEROC","Yes","Dominant taxon: Microcystis aeruginosa","Yes","Yes",18,,,,,,,,,,"Anatoxin-a: not detected; Cylindrospermopsin: not detected; Nodularin-R: not detected",,2022-07-07 13:50:00,30.1015679,-81.7471806,0.3,"https://services1.arcgis.com/nRHtyn3uE1kyzoYc/ArcGIS/rest/services/service_c1026ff3b55f468d9f2edd834cb807f8/FeatureServer/0/5642/attachments/2064?token=esFGg2N_4QUkCtU1tiMztDW4hm2M0GdusSqnOkviQULZsKWy6cHlYSpBrHqloDkjMDORyL7vHp8tCloK_rT_6I4OA4EY19edP5rFzXcDxs3_bvd6rAbKq0BqhoPk7exiwoF-z98H5LJH5jJbe4dDOjffY9Bj9w3g5kWvPrs5PpMeAdY4Rap08W1RrijQW_Ta"
"Lake Marian - Pavilion","Osceola",2022-07-07,"SEROC","Yes","Dominant taxon: Microcystis aeruginosa","Yes","Yes",4.5,,,,,,,,,,"Anatoxin-a: not detected; Cylindrospermopsin: not detected; Nodularin-R: not detected",,2022-07-07 13:30:00,27.8718208,-81.0518591,0.3,"https://services1.arcgis.com/nRHtyn3uE1kyzoYc/ArcGIS/rest/services/service_c1026ff3b55f468d9f2edd834cb807f8/FeatureServer/0/5641/attachments/2061?token=esFGg2N_4QUkCtU1tiMztDW4hm2M0GdusSqnOkviQULZsKWy6cHlYSpBrHqloDkjMDORyL7vHp8tCloK_rT_6I4OA4EY19edP5rFzXcDxs3_bvd6rAbKq0BqhoPk7exiwoF-z98H5LJH5jJbe4dDOjffY9Bj9w3g5kWvPrs5PpMeAdY4Rap08W1RrijQW_Ta"
"Orange Lake - at Cross Creek","Alachua",2022-07-07,"County","No","Dominant taxon: Microcystis aeruginosa","Yes","No",,,,,,,,,,,"Anatoxin-a: not detected; Cylindrospermopsin: not detected; Nodularin-R: not detected",,2022-07-07 13:30:00,29.4844045435499,-82.1660459852205,0.5,"https://services1.arcgis.com/nRHtyn3uE1kyzoYc/ArcGIS/rest/services/service_c1026ff3b55f468d9f2edd834cb807f8/FeatureServer/0/5684/attachments/2108?token=esFGg2N_4QUkCtU1tiMztDW4hm2M0GdusSqnOkviQULZsKWy6cHlYSpBrHqloDkjMDORyL7vHp8tCloK_rT_6I4OA4EY19edP5rFzXcDxs3_bvd6rAbKq0BqhoPk7exiwoF-z98H5LJH5jJbe4dDOjffY9Bj9w3g5kWvPrs5PpMeAdY4Rap08W1RrijQW_Ta"
"Trout Creek - Trout Creek Park Boat Ramp","StJohns",2022-07-07,"SJRWMD","Yes","Dominant taxon: Microcystis aeruginosa","Yes","No",,,,,,,,,,,"Anatoxin-a: not detected; Cylindrospermopsin: not detected; Nodularin-R: not detected; Saxitoxins: not detected","Sunny, humid",2022-07-07 12:44:00,29.9847699,-81.563725,0.298,"https://services1.arcgis.com/nRHtyn3uE1kyzoYc/ArcGIS/rest/services/service_c1026ff3b55f468d9f2edd834cb807f8/FeatureServer/0/5650/attachments/2082?token=esFGg2N_4QUkCtU1tiMztDW4hm2M0GdusSqnOkviQULZsKWy6cHlYSpBrHqloDkjMDORyL7vHp8tCloK_rT_6I4OA4EY19edP5rFzXcDxs3_bvd6rAbKq0BqhoPk7exiwoF-z98H5LJH5jJbe4dDOjffY9Bj9w3g5kWvPrs5PpMeAdY4Rap08W1RrijQW_Ta"
"St. Johns River - off Astor City Boat Ramp","Lake",2022-07-06,"SJRWMD","Yes","Dominant taxon: Dolichospermum circinale","Yes","No",,,,,,,,,,,"Anatoxin-a: not detected; Cylindrospermopsin: not detected; Nodularin-R: not detected; Saxitoxins: not detected","Hot, humid, partly cloudy",2022-07-06 17:28:00,29.162895,-81.524118,0.305,
"Nassau River - Police Lodge Rd Bridge","Nassau",2022-07-06,"SJRWMD","Yes","mixed algae; no dominant species in sample","No","No",,,,,,,,,,,"Anatoxin-a: not detected; Cylindrospermopsin: not detected; Nodularin-R: not detected; Saxitoxins: not detected","Warm, sunny",2022-07-06 14:08:00,30.581393611057,-81.685389460401,0.306,"https://services1.arcgis.com/nRHtyn3uE1kyzoYc/ArcGIS/rest/services/service_c1026ff3b55f468d9f2edd834cb807f8/FeatureServer/0/5625/attachments/2058?token=esFGg2N_4QUkCtU1tiMztDW4hm2M0GdusSqnOkviQULZsKWy6cHlYSpBrHqloDkjMDORyL7vHp8tCloK_rT_6I4OA4EY19edP5rFzXcDxs3_bvd6rAbKq0BqhoPk7exiwoF-z98H5LJH5jJbe4dDOjffY9Bj9w3g5kWvPrs5PpMeAdY4Rap08W1RrijQW_Ta"
"Lake Speer - NW Lobe","Orange",2022-07-05,"CEROC","Yes","Dominant taxon: Microcystis aeruginosa","Yes","Yes",3.2,,,,,,,,,,"Anatoxin-a: not detected; Cylindrospermopsin: not detected; Nodularin-R: not detected","Sunny. Bright green specks and globs of algae on surface and in water column. Paint like accumulation on surface near shore. Scattered blue-green scum near shore. Strange smell ",2022-07-05 15:07:00,28.483104,-81.602176,0.3,"https://services1.arcgis.com/nRHtyn3uE1kyzoYc/ArcGIS/rest/services/service_c1026ff3b55f468d9f2edd834cb807f8/FeatureServer/0/5622/attachments/2055?token=esFGg2N_4QUkCtU1tiMztDW4hm2M0GdusSqnOkviQULZsKWy6cHlYSpBrHqloDkjMDORyL7vHp8tCloK_rT_6I4OA4EY19edP5rFzXcDxs3_bvd6rAbKq0BqhoPk7exiwoF-z98H5LJH5jJbe4dDOjffY9Bj9w3g5kWvPrs5PpMeAdY4Rap08W1RrijQW_Ta"
"Lake Harris - S of Monkey Island","Lake",2022-06-30,"CEROC","Yes","Co-dominant taxa were: Microcystis aeruginosa and Cylindrospermopsis raciborskii","Yes","No",,,,,,,,,,,"Anatoxin-a: not detected; Cylindrospermopsin: not detected; Nodularin-R: not detected",,2022-06-30 18:46:00,28.7992834,-81.870783,0.3,"https://services1.arcgis.com/nRHtyn3uE1kyzoYc/ArcGIS/rest/services/service_c1026ff3b55f468d9f2edd834cb807f8/FeatureServer/0/5619/attachments/2053?token=esFGg2N_4QUkCtU1tiMztDW4hm2M0GdusSqnOkviQULZsKWy6cHlYSpBrHqloDkjMDORyL7vHp8tCloK_rT_6I4OA4EY19edP5rFzXcDxs3_bvd6rAbKq0BqhoPk7exiwoF-z98H5LJH5jJbe4dDOjffY9Bj9w3g5kWvPrs5PpMeAdY4Rap08W1RrijQW_Ta"
"Lake Griffin - South Lobe","Lake",2022-06-30,"CEROC","Yes","Dominant taxon: Microcystis aeruginosa","Yes","No",,,,,,,,,,,"Anatoxin-a: not detected; Cylindrospermopsin: not detected; Nodularin-R: not detected",,2022-06-30 16:11:00,28.8251933,-81.8641526,0.3,
"Lake Washington - Center (LWC)","Brevard",2022-06-30,"SJRWMD","No","mixed algae; no dominant species in sample","No","No",,,,,,,,,,,"Anatoxin-a: not detected; Cylindrospermopsin: not detected; Nodularin-R: not detected; Saxitoxins: not detected",,2022-06-30 13:13:00,28.142439,-80.746111,0.305,"https://services1.arcgis.com/nRHtyn3uE1kyzoYc/ArcGIS/rest/services/service_c1026ff3b55f468d9f2edd834cb807f8/FeatureServer/0/5617/attachments/2050?token=esFGg2N_4QUkCtU1tiMztDW4hm2M0GdusSqnOkviQULZsKWy6cHlYSpBrHqloDkjMDORyL7vHp8tCloK_rT_6I4OA4EY19edP5rFzXcDxs3_bvd6rAbKq0BqhoPk7exiwoF-z98H5LJH5jJbe4dDOjffY9Bj9w3g5kWvPrs5PpMeAdY4Rap08W1RrijQW_Ta"
"Georges Lake - Center","Putnam",2022-06-29,"SJRWMD","Yes","Dominant taxon: Microcystis aeruginosa","Yes","Yes",3.5,,,,,,,,,,"Anatoxin-a: not detected; Cylindrospermopsin: not detected; Nodularin-R: not detected; Saxitoxins: not detected",,2022-06-29 12:56:00,29.7983055555556,-81.8487861111111,0.3,
"Lochloosa Lake - Lochloosa Park and Boat Ramp","Alachua",2022-06-28,"NEROC","Yes","Dominant taxon: Microcystis aeruginosa","Yes","Yes",2.1,,,,,,,,,,"Anatoxin-a: not detected; Cylindrospermopsin: not detected; Nodularin-R: not detected",,2022-06-28 16:25:00,29.5057769,-82.1040295,0.3,"https://services1.arcgis.com/nRHtyn3uE1kyzoYc/ArcGIS/rest/services/service_c1026ff3b55f468d9f2edd834cb807f8/FeatureServer/0/5598/attachments/2031?token=esFGg2N_4QUkCtU1tiMztDW4hm2M0GdusSqnOkviQULZsKWy6cHlYSpBrHqloDkjMDORyL7vHp8tCloK_rT_6I4OA4EY19edP5rFzXcDxs3_bvd6rAbKq0BqhoPk7exiwoF-z98H5LJH5jJbe4dDOjffY9Bj9w3g5kWvPrs5PpMeAdY4Rap08W1RrijQW_Ta"
"St. Johns River - just north of Buffalo Bluff bridge","Putnam",2022-06-28,"SJRWMD","Yes","Dominant taxon: Cylindrospermopsis raciborskii","Yes","Yes",,,0.29,"I (I qualifier indicates that the reported value is between the laboratory method detection limit and the laboratory practical quantitation limit.)",,,,,,,"Anatoxin-a: not detected; Cylindrospermopsin: 0.29 I (I qualifier indicates that the reported value is between the laboratory method detection limit and the laboratory practical quantitation limit.); Nodularin-R: not detected; Saxitoxins: not detected",,2022-06-28 16:16:00,29.59403299,-81.67733384,0.318,"https://services1.arcgis.com/nRHtyn3uE1kyzoYc/ArcGIS/rest/services/service_c1026ff3b55f468d9f2edd834cb807f8/FeatureServer/0/5603/attachments/2040?token=esFGg2N_4QUkCtU1tiMztDW4hm2M0GdusSqnOkviQULZsKWy6cHlYSpBrHqloDkjMDORyL7vHp8tCloK_rT_6I4OA4EY19edP5rFzXcDxs3_bvd6rAbKq0BqhoPk7exiwoF-z98H5LJH5jJbe4dDOjffY9Bj9w3g5kWvPrs5PpMeAdY4Rap08W1RrijQW_Ta"
"Lochloosa Lake - entrance to Cross Creek","Alachua",2022-06-28,"NEROC","Yes","Co-dominant taxa were: Microcystis aeruginosa and Microcystis wesenbergii","Yes","Yes",1.9,,,,,,,,,,"Anatoxin-a: not detected; Cylindrospermopsin: not detected; Nodularin-R: not detected",,2022-06-28 16:00:00,29.5073659,-82.149349,0.3,"https://services1.arcgis.com/nRHtyn3uE1kyzoYc/ArcGIS/rest/services/service_c1026ff3b55f468d9f2edd834cb807f8/FeatureServer/0/5597/attachments/2028?token=esFGg2N_4QUkCtU1tiMztDW4hm2M0GdusSqnOkviQULZsKWy6cHlYSpBrHqloDkjMDORyL7vHp8tCloK_rT_6I4OA4EY19edP5rFzXcDxs3_bvd6rAbKq0BqhoPk7exiwoF-z98H5LJH5jJbe4dDOjffY9Bj9w3g5kWvPrs5PpMeAdY4Rap08W1RrijQW_Ta"
"Lochloosa Lake - NE in Veg","Alachua",2022-06-28,"NEROC","Yes","Co-dominant taxa were: Microcystis aeruginosa and Microcystis wesenbergii","Yes","Yes",1.9,,,,,,,,,,"Anatoxin-a: not detected; Cylindrospermopsin: not detected; Nodularin-R: not detected",,2022-06-28 15:25:00,29.544505,-82.1223292,0.3,"https://services1.arcgis.com/nRHtyn3uE1kyzoYc/ArcGIS/rest/services/service_c1026ff3b55f468d9f2edd834cb807f8/FeatureServer/0/5596/attachments/2025?token=esFGg2N_4QUkCtU1tiMztDW4hm2M0GdusSqnOkviQULZsKWy6cHlYSpBrHqloDkjMDORyL7vHp8tCloK_rT_6I4OA4EY19edP5rFzXcDxs3_bvd6rAbKq0BqhoPk7exiwoF-z98H5LJH5jJbe4dDOjffY9Bj9w3g5kWvPrs5PpMeAdY4Rap08W1RrijQW_Ta"
"Bull Creek - at Fish Camp","Flagler",2022-06-28,"SJRWMD","Yes","Dominant taxon: Aphanizomenon flos-aquae","Yes","Yes",0.49,"I (I qualifier indicates that the reported value is between the laboratory method detection limit and the laboratory practical quantitation limit.)",,,,,,,,,"Anatoxin-a: not detected; Cylindrospermopsin: not detected; Nodularin-R: not detected; Saxitoxins: not detected","Partly cloudy, humid, hot",2022-06-28 14:27:00,29.4229885,-81.4357338,0.312,"https://services1.arcgis.com/nRHtyn3uE1kyzoYc/ArcGIS/rest/services/service_c1026ff3b55f468d9f2edd834cb807f8/FeatureServer/0/5599/attachments/2034?token=esFGg2N_4QUkCtU1tiMztDW4hm2M0GdusSqnOkviQULZsKWy6cHlYSpBrHqloDkjMDORyL7vHp8tCloK_rT_6I4OA4EY19edP5rFzXcDxs3_bvd6rAbKq0BqhoPk7exiwoF-z98H5LJH5jJbe4dDOjffY9Bj9w3g5kWvPrs5PpMeAdY4Rap08W1RrijQW_Ta"
"St. Johns River - Shands Bridge (20030157)","StJohns",2022-06-28,"SJRWMD","No","Dominant taxon: Microcystis sp.","Yes","No",,,,,,,,,,,"Anatoxin-a: not detected; Cylindrospermopsin: not detected; Nodularin-R: not detected; Saxitoxins: not detected",,2022-06-28 14:12:00,29.98163056,-81.62213889,0.323,"https://services1.arcgis.com/nRHtyn3uE1kyzoYc/ArcGIS/rest/services/service_c1026ff3b55f468d9f2edd834cb807f8/FeatureServer/0/5606/attachments/2043?token=esFGg2N_4QUkCtU1tiMztDW4hm2M0GdusSqnOkviQULZsKWy6cHlYSpBrHqloDkjMDORyL7vHp8tCloK_rT_6I4OA4EY19edP5rFzXcDxs3_bvd6rAbKq0BqhoPk7exiwoF-z98H5LJH5jJbe4dDOjffY9Bj9w3g5kWvPrs5PpMeAdY4Rap08W1RrijQW_Ta"
"Blue Cypress Lake - Center (BCL)","IndianRiver",2022-06-28,"SJRWMD","No","mixed algae; no dominant species in sample","No","No",,,,,,,,,,,"Anatoxin-a: not detected; Cylindrospermopsin: not detected; Nodularin-R: not detected; Saxitoxins: not detected","HAB routine sample no bloom observed",2022-06-28 13:44:00,27.7266,-80.7536,0.304,"https://services1.arcgis.com/nRHtyn3uE1kyzoYc/ArcGIS/rest/services/service_c1026ff3b55f468d9f2edd834cb807f8/FeatureServer/0/5607/attachments/2044?token=esFGg2N_4QUkCtU1tiMztDW4hm2M0GdusSqnOkviQULZsKWy6cHlYSpBrHqloDkjMDORyL7vHp8tCloK_rT_6I4OA4EY19edP5rFzXcDxs3_bvd6rAbKq0BqhoPk7exiwoF-z98H5LJH5jJbe4dDOjffY9Bj9w3g5kWvPrs5PpMeAdY4Rap08W1RrijQW_Ta"
"Doctors Lake - Center (DTL)","Clay",2022-06-28,"SJRWMD","Yes","Dominant taxon: Microcystis aeruginosa","Yes","Yes",1.2,,,,,,,,,,"Anatoxin-a: not detected; Cylindrospermopsin: not detected; Nodularin-R: not detected; Saxitoxins: not detected","Patchy across surface",2022-06-28 13:21:00,30.1380556,-81.7272222,0.313,"https://services1.arcgis.com/nRHtyn3uE1kyzoYc/ArcGIS/rest/services/service_c1026ff3b55f468d9f2edd834cb807f8/FeatureServer/0/5605/attachments/2042?token=esFGg2N_4QUkCtU1tiMztDW4hm2M0GdusSqnOkviQULZsKWy6cHlYSpBrHqloDkjMDORyL7vHp8tCloK_rT_6I4OA4EY19edP5rFzXcDxs3_bvd6rAbKq0BqhoPk7exiwoF-z98H5LJH5jJbe4dDOjffY9Bj9w3g5kWvPrs5PpMeAdY4Rap08W1RrijQW_Ta"
"St. Johns River - Mandarin Point (MP72)","Duval",2022-06-28,"SJRWMD","No","mixed algae; no dominant species in sample","No","Yes",0.28,"I (I qualifier indicates that the reported value is between the laboratory method detection limit and the laboratory practical quantitation limit.)",,,,,,,,,"Anatoxin-a: not detected; Cylindrospermopsin: not detected; Nodularin-R: not detected; Saxitoxins: not detected",,2022-06-28 12:41:00,30.15666667,-81.68388889,0.31,"https://services1.arcgis.com/nRHtyn3uE1kyzoYc/ArcGIS/rest/services/service_c1026ff3b55f468d9f2edd834cb807f8/FeatureServer/0/5604/attachments/2041?token=esFGg2N_4QUkCtU1tiMztDW4hm2M0GdusSqnOkviQULZsKWy6cHlYSpBrHqloDkjMDORyL7vHp8tCloK_rT_6I4OA4EY19edP5rFzXcDxs3_bvd6rAbKq0BqhoPk7exiwoF-z98H5LJH5jJbe4dDOjffY9Bj9w3g5kWvPrs5PpMeAdY4Rap08W1RrijQW_Ta"
"Lake Sue - Lakeshore Dr West Lobe","Orange",2022-06-27,"CEROC","Yes","Dominant taxon: Microcystis aeruginosa","Yes","Yes",0.27,"I (I qualifier indicates that the reported value is between the laboratory method detection limit and the laboratory practical quantitation limit.)",0.35,"I (I qualifier indicates that the reported value is between the laboratory method detection limit and the laboratory practical quantitation limit.)",,,,,,,"Anatoxin-a: not detected; Cylindrospermopsin: 0.35 I (I qualifier indicates that the reported value is between the laboratory method detection limit and the laboratory practical quantitation limit.); Nodularin-R: not detected","Smell coming from decaying veg on shore",2022-06-27 19:18:00,28.5769,-81.3595,0.3,"https://services1.arcgis.com/nRHtyn3uE1kyzoYc/ArcGIS/rest/services/service_c1026ff3b55f468d9f2edd834cb807f8/FeatureServer/0/5593/attachments/2023?token=esFGg2N_4QUkCtU1tiMztDW4hm2M0GdusSqnOkviQULZsKWy6cHlYSpBrHqloDkjMDORyL7vHp8tCloK_rT_6I4OA4EY19edP5rFzXcDxs3_bvd6rAbKq0BqhoPk7exiwoF-z98H5LJH5jJbe4dDOjffY9Bj9w3g5kWvPrs5PpMeAdY4Rap08W1RrijQW_Ta"
"Lake Ivanhoe - Center of Eastern Lobe","Orange",2022-06-27,"CEROC","No","Dominant taxon: Microcystis aeruginosa","Yes","Yes",,,0.13,"I (I qualifier indicates that the reported value is between the laboratory method detection limit and the laboratory practical quantitation limit.)",,,,,,,"Anatoxin-a: not detected; Cylindrospermopsin: 0.13 I (I qualifier indicates that the reported value is between the laboratory method detection limit and the laboratory practical quantitation limit.); Nodularin-R: not detected","Water very green",2022-06-27 18:50:00,28.5624,-81.3752,0.3,
"Lake Mann - McQueen Park","Orange",2022-06-27,"CEROC","Yes","Dominant taxon: Microcystis wesenbergii","Yes","Yes",,,0.38,"I (I qualifier indicates that the reported value is between the laboratory method detection limit and the laboratory practical quantitation limit.)",,,,,,,"Anatoxin-a: not detected; Cylindrospermopsin: 0.38 I (I qualifier indicates that the reported value is between the laboratory method detection limit and the laboratory practical quantitation limit.); Nodularin-R: not detected",,2022-06-27 18:19:00,28.5345,-81.4236,0.3,"https://services1.arcgis.com/nRHtyn3uE1kyzoYc/ArcGIS/rest/services/service_c1026ff3b55f468d9f2edd834cb807f8/FeatureServer/0/5594/attachments/2024?token=esFGg2N_4QUkCtU1tiMztDW4hm2M0GdusSqnOkviQULZsKWy6cHlYSpBrHqloDkjMDORyL7vHp8tCloK_rT_6I4OA4EY19edP5rFzXcDxs3_bvd6rAbKq0BqhoPk7exiwoF-z98H5LJH5jJbe4dDOjffY9Bj9w3g5kWvPrs5PpMeAdY4Rap08W1RrijQW_Ta"
"Lake George - North","Putnam",2022-06-27,"SJRWMD","Yes","Co-dominant taxa were: Microcystis aeruginosa and Cylindrospermopsis raciborskii","Yes","Yes",,,0.31,"I (I qualifier indicates that the reported value is between the laboratory method detection limit and the laboratory practical quantitation limit.)",,,,,,,"Anatoxin-a: not detected; Cylindrospermopsin: 0.31 I (I qualifier indicates that the reported value is between the laboratory method detection limit and the laboratory practical quantitation limit.); Nodularin-R: not detected; Saxitoxins: not detected",,2022-06-27 16:03:00,29.3537217,-81.6176033,0.306,
"Lake George - Center (LEO)","Volusia",2022-06-27,"SJRWMD","No","Co-dominant taxa were: Microcystis aeruginosa and Cylindrospermopsis raciborskii","Yes","Yes",,,0.25,"I (I qualifier indicates that the reported value is between the laboratory method detection limit and the laboratory practical quantitation limit.)",,,,,,,"Anatoxin-a: not detected; Cylindrospermopsin: 0.25 I (I qualifier indicates that the reported value is between the laboratory method detection limit and the laboratory practical quantitation limit.); Nodularin-R: not detected; Saxitoxins: not detected",,2022-06-27 15:52:00,29.30830556,-81.60638889,0.307,
"Lake Marian - Pavilion","Osceola",2022-06-27,"SEROC","Yes","Dominant taxon: Microcystis aeruginosa","Yes","Yes",5.6,,,,,,,,,,"Anatoxin-a: not detected; Cylindrospermopsin: not detected; Nodularin-R: not detected",,2022-06-27 14:45:00,27.8717971,-81.0518223,0.3,"https://services1.arcgis.com/nRHtyn3uE1kyzoYc/ArcGIS/rest/services/service_c1026ff3b55f468d9f2edd834cb807f8/FeatureServer/0/5581/attachments/2015?token=esFGg2N_4QUkCtU1tiMztDW4hm2M0GdusSqnOkviQULZsKWy6cHlYSpBrHqloDkjMDORyL7vHp8tCloK_rT_6I4OA4EY19edP5rFzXcDxs3_bvd6rAbKq0BqhoPk7exiwoF-z98H5LJH5jJbe4dDOjffY9Bj9w3g5kWvPrs5PpMeAdY4Rap08W1RrijQW_Ta"
"Stick Marsh - North (STKM)","IndianRiver",2022-06-27,"SJRWMD","No","mixed algae; no dominant species in sample","No","Yes",,,0.11,"I (I qualifier indicates that the reported value is between the laboratory method detection limit and the laboratory practical quantitation limit.)",,,,,,,"Anatoxin-a: not detected; Cylindrospermopsin: 0.11 I (I qualifier indicates that the reported value is between the laboratory method detection limit and the laboratory practical quantitation limit.); Nodularin-R: not detected; Saxitoxins: not detected",,2022-06-27 14:18:00,27.81077168,-80.72470976,0.3,"https://services1.arcgis.com/nRHtyn3uE1kyzoYc/ArcGIS/rest/services/service_c1026ff3b55f468d9f2edd834cb807f8/FeatureServer/0/5608/attachments/2045?token=esFGg2N_4QUkCtU1tiMztDW4hm2M0GdusSqnOkviQULZsKWy6cHlYSpBrHqloDkjMDORyL7vHp8tCloK_rT_6I4OA4EY19edP5rFzXcDxs3_bvd6rAbKq0BqhoPk7exiwoF-z98H5LJH5jJbe4dDOjffY9Bj9w3g5kWvPrs5PpMeAdY4Rap08W1RrijQW_Ta"
"Crescent Lake - mouth of Dunns Creek (CRESLM)","Putnam",2022-06-27,"SJRWMD","No","Co-dominant taxa were: Microcystis aeruginosa and Cylindrospermopsis raciborskii","Yes","Yes",0.73,"I (I qualifier indicates that the reported value is between the laboratory method detection limit and the laboratory practical quantitation limit.)",0.23,"I (I qualifier indicates that the reported value is between the laboratory method detection limit and the laboratory practical quantitation limit.)",,,,,,,"Anatoxin-a: not detected; Cylindrospermopsin: 0.23 I (I qualifier indicates that the reported value is between the laboratory method detection limit and the laboratory practical quantitation limit.); Nodularin-R: not detected; Saxitoxins: not detected","Partly cloudy, humid",2022-06-27 13:26:00,29.52955556,-81.55372222,0.302,
"Crescent Lake - Center","Putnam",2022-06-27,"SJRWMD","Yes","Dominant taxon: Microcystis aeruginosa","Yes","Yes",1.2,"I (I qualifier indicates that the reported value is between the laboratory method detection limit and the laboratory practical quantitation limit.)",0.14,"I (I qualifier indicates that the reported value is between the laboratory method detection limit and the laboratory practical quantitation limit.)",,,,,,,"Anatoxin-a: not detected; Cylindrospermopsin: 0.14 I (I qualifier indicates that the reported value is between the laboratory method detection limit and the laboratory practical quantitation limit.); Nodularin-R: not detected; Saxitoxins: not detected","Sunny, humid",2022-06-27 13:07:00,29.4712452,-81.5166907,0.297,
"Crescent Lake - Crescent City Public Boat Ramp","Putnam",2022-06-27,"SJRWMD","Yes","Dominant taxon: Microcystis aeruginosa","Yes","Yes",0.93,"I (I qualifier indicates that the reported value is between the laboratory method detection limit and the laboratory practical quantitation limit.)",0.18,"I (I qualifier indicates that the reported value is between the laboratory method detection limit and the laboratory practical quantitation limit.)",,,,,,,"Anatoxin-a: not detected; Cylindrospermopsin: 0.18 I (I qualifier indicates that the reported value is between the laboratory method detection limit and the laboratory practical quantitation limit.); Nodularin-R: not detected; Saxitoxins: not detected","Sunny, humid",2022-06-27 12:46:00,29.428362,-81.5063161,0.3,
"Doctors Lake - end of Lawrence Rd","Clay",2022-06-23,"NEROC","Yes","Dominant taxon: Dolichospermum circinale","Yes","Yes",1.4,,,,,,,,,,"Anatoxin-a: not detected; Cylindrospermopsin: not detected; Nodularin-R: not detected; Saxitoxins: not detected","Windy ",2022-06-23 15:05:00,30.1296139500948,-81.7517187324064,0.3,"https://services1.arcgis.com/nRHtyn3uE1kyzoYc/ArcGIS/rest/services/service_c1026ff3b55f468d9f2edd834cb807f8/FeatureServer/0/5574/attachments/2004?token=esFGg2N_4QUkCtU1tiMztDW4hm2M0GdusSqnOkviQULZsKWy6cHlYSpBrHqloDkjMDORyL7vHp8tCloK_rT_6I4OA4EY19edP5rFzXcDxs3_bvd6rAbKq0BqhoPk7exiwoF-z98H5LJH5jJbe4dDOjffY9Bj9w3g5kWvPrs5PpMeAdY4Rap08W1RrijQW_Ta"
"Doctors Lake - Near Lucy Branch","Clay",2022-06-23,"NEROC","Yes","Dominant taxon: Dolichospermum circinale","Yes","Yes",1.3,,,,,,,,,,"Anatoxin-a: not detected; Cylindrospermopsin: not detected; Nodularin-R: not detected; Saxitoxins: not detected","Windy, slight odor ",2022-06-23 14:45:00,30.1396233011146,-81.7451135598184,0.3,"https://services1.arcgis.com/nRHtyn3uE1kyzoYc/ArcGIS/rest/services/service_c1026ff3b55f468d9f2edd834cb807f8/FeatureServer/0/5573/attachments/2001?token=esFGg2N_4QUkCtU1tiMztDW4hm2M0GdusSqnOkviQULZsKWy6cHlYSpBrHqloDkjMDORyL7vHp8tCloK_rT_6I4OA4EY19edP5rFzXcDxs3_bvd6rAbKq0BqhoPk7exiwoF-z98H5LJH5jJbe4dDOjffY9Bj9w3g5kWvPrs5PpMeAdY4Rap08W1RrijQW_Ta"
"Newnans Lake - Windsor Park boat ramp","Alachua",2022-06-23,"SJRWMD","Yes","Co-dominant taxa were: Microcystis aeruginosa and Microcystis wesenbergii","Yes","No",,,,,,,,,,,"Anatoxin-a: not detected; Cylindrospermopsin: not detected; Nodularin-R: not detected; Saxitoxins: not detected",,2022-06-23 14:24:00,29.6368159,-82.2003912,0.307,"https://services1.arcgis.com/nRHtyn3uE1kyzoYc/ArcGIS/rest/services/service_c1026ff3b55f468d9f2edd834cb807f8/FeatureServer/0/5580/attachments/2014?token=esFGg2N_4QUkCtU1tiMztDW4hm2M0GdusSqnOkviQULZsKWy6cHlYSpBrHqloDkjMDORyL7vHp8tCloK_rT_6I4OA4EY19edP5rFzXcDxs3_bvd6rAbKq0BqhoPk7exiwoF-z98H5LJH5jJbe4dDOjffY9Bj9w3g5kWvPrs5PpMeAdY4Rap08W1RrijQW_Ta"
"Lake Monroe - Center (LMAC)","Volusia",2022-06-23,"SJRWMD","No","mixed algae; no dominant species in sample","No","No",,,,,,,,,,,"Anatoxin-a: not detected; Cylindrospermopsin: not detected; Nodularin-R: not detected; Saxitoxins: not detected","Clear and windy",2022-06-23 14:23:00,28.83496,-81.27091,0.3,
"Doctors Lake - at Camp Echockotee","Clay",2022-06-23,"NEROC","Yes","Dominant taxon: Dolichospermum circinale","Yes","Yes",0.71,"I (I qualifier indicates that the reported value is between the laboratory method detection limit and the laboratory practical quantitation limit.)",,,,,,,,,"Anatoxin-a: not detected; Cylindrospermopsin: not detected; Nodularin-R: not detected; Saxitoxins: not detected","Windy. Water has odor",2022-06-23 14:15:00,30.1505061812528,-81.7251375902912,0.3,"https://services1.arcgis.com/nRHtyn3uE1kyzoYc/ArcGIS/rest/services/service_c1026ff3b55f468d9f2edd834cb807f8/FeatureServer/0/5572/attachments/1998?token=esFGg2N_4QUkCtU1tiMztDW4hm2M0GdusSqnOkviQULZsKWy6cHlYSpBrHqloDkjMDORyL7vHp8tCloK_rT_6I4OA4EY19edP5rFzXcDxs3_bvd6rAbKq0BqhoPk7exiwoF-z98H5LJH5jJbe4dDOjffY9Bj9w3g5kWvPrs5PpMeAdY4Rap08W1RrijQW_Ta"
"Newnans Lake - Center (NEW)","Alachua",2022-06-23,"SJRWMD","No","Co-dominant taxa were: Microcystis aeruginosa and Microcystis wesenbergii","Yes","No",,,,,,,,,,,"Anatoxin-a: not detected; Cylindrospermopsin: not detected; Nodularin-R: not detected; Saxitoxins: not detected",,2022-06-23 13:46:00,31.62388889,-82.77222222,0.291,"https://services1.arcgis.com/nRHtyn3uE1kyzoYc/ArcGIS/rest/services/service_c1026ff3b55f468d9f2edd834cb807f8/FeatureServer/0/5579/attachments/2013?token=esFGg2N_4QUkCtU1tiMztDW4hm2M0GdusSqnOkviQULZsKWy6cHlYSpBrHqloDkjMDORyL7vHp8tCloK_rT_6I4OA4EY19edP5rFzXcDxs3_bvd6rAbKq0BqhoPk7exiwoF-z98H5LJH5jJbe4dDOjffY9Bj9w3g5kWvPrs5PpMeAdY4Rap08W1RrijQW_Ta"
"Lake Monroe - Boat Ramp","Volusia",2022-06-23,"SJRWMD","Yes","mixed algae; no dominant species in sample","No","No",,,,,,,,,,,"Anatoxin-a: not detected; Cylindrospermopsin: not detected; Nodularin-R: not detected; Saxitoxins: not detected","Clear",2022-06-23 13:19:00,28.83981607,-81.32149494,0.3,
"Lake Jesup - Center (OW-CTR)","Seminole",2022-06-22,"SJRWMD","Yes","mixed algae; no dominant species in sample","No","No",,,,,,,,,,,"Anatoxin-a: not detected; Cylindrospermopsin: not detected; Nodularin-R: not detected; Saxitoxins: not detected","Sunny, calm, and hot",2022-06-22 14:19:00,28.7268,-81.2111,0.3,
"Lake Washington - Center (LWC)","Brevard",2022-06-21,"SJRWMD","No","mixed algae; no dominant species in sample","No","No",,,,,,,,,,,"Anatoxin-a: not detected; Cylindrospermopsin: not detected; Nodularin-R: not detected; Saxitoxins: not detected","HAB Routine sample no bloom observed",2022-06-21 12:33:00,28.142439,-80.746111,0.297,"https://services1.arcgis.com/nRHtyn3uE1kyzoYc/ArcGIS/rest/services/service_c1026ff3b55f468d9f2edd834cb807f8/FeatureServer/0/5535/attachments/1981?token=esFGg2N_4QUkCtU1tiMztDW4hm2M0GdusSqnOkviQULZsKWy6cHlYSpBrHqloDkjMDORyL7vHp8tCloK_rT_6I4OA4EY19edP5rFzXcDxs3_bvd6rAbKq0BqhoPk7exiwoF-z98H5LJH5jJbe4dDOjffY9Bj9w3g5kWvPrs5PpMeAdY4Rap08W1RrijQW_Ta"
"Welaka Springs - headspring","Putnam",2022-06-20,"SJRWMD","No","Co-dominant taxa were: Cylindrospermopsis raciborskii and Pseudanabaena limnetica","Yes","Yes",,,0.2,"I (I qualifier indicates that the reported value is between the laboratory method detection limit and the laboratory practical quantitation limit.)",,,,,,,"Anatoxin-a: not detected; Cylindrospermopsin: 0.20 I (I qualifier indicates that the reported value is between the laboratory method detection limit and the laboratory practical quantitation limit.); Nodularin-R: not detected; Saxitoxins: not detected","Sunny, hot",2022-06-20 17:18:00,29.49423,-81.67375,0.317,
"Lake Minneola - Waterfront Park","Lake",2022-06-20,"CEROC","No","mixed algae; no dominant species in sample","No","No",,,,,,,,,,,"Anatoxin-a: not detected; Cylindrospermopsin: not detected; Nodularin-R: not detected",,2022-06-20 17:00:00,28.56319,-81.759473,0.3,"https://services1.arcgis.com/nRHtyn3uE1kyzoYc/ArcGIS/rest/services/service_c1026ff3b55f468d9f2edd834cb807f8/FeatureServer/0/5521/attachments/1966?token=esFGg2N_4QUkCtU1tiMztDW4hm2M0GdusSqnOkviQULZsKWy6cHlYSpBrHqloDkjMDORyL7vHp8tCloK_rT_6I4OA4EY19edP5rFzXcDxs3_bvd6rAbKq0BqhoPk7exiwoF-z98H5LJH5jJbe4dDOjffY9Bj9w3g5kWvPrs5PpMeAdY4Rap08W1RrijQW_Ta"
"Cypress Lake - West Lobe","Orange",2022-06-20,"County","No","Dominant taxon: Cylindrospermopsis raciborskii","Yes","No",,,,,,,,,,,"Anatoxin-a: not detected; Cylindrospermopsin: not detected; Nodularin-R: not detected",,2022-06-20 15:25:00,28.4807384,-81.5698778,0.3,"https://services1.arcgis.com/nRHtyn3uE1kyzoYc/ArcGIS/rest/services/service_c1026ff3b55f468d9f2edd834cb807f8/FeatureServer/0/5522/attachments/1968?token=esFGg2N_4QUkCtU1tiMztDW4hm2M0GdusSqnOkviQULZsKWy6cHlYSpBrHqloDkjMDORyL7vHp8tCloK_rT_6I4OA4EY19edP5rFzXcDxs3_bvd6rAbKq0BqhoPk7exiwoF-z98H5LJH5jJbe4dDOjffY9Bj9w3g5kWvPrs5PpMeAdY4Rap08W1RrijQW_Ta"
"Lake Kathryn - West Lobe","Seminole",2022-06-16,"CEROC","Yes","Dominant taxon: Microcystis aeruginosa","Yes","No",,,,,,,,,,,"Anatoxin-a: not detected; Cylindrospermopsin: not detected; Nodularin-R: not detected","Sunny. Possible bloom- clear water with visible green algae specks in water column ",2022-06-16 16:30:00,28.6843735,-81.3327393,0.15,"https://services1.arcgis.com/nRHtyn3uE1kyzoYc/ArcGIS/rest/services/service_c1026ff3b55f468d9f2edd834cb807f8/FeatureServer/0/5511/attachments/1946?token=esFGg2N_4QUkCtU1tiMztDW4hm2M0GdusSqnOkviQULZsKWy6cHlYSpBrHqloDkjMDORyL7vHp8tCloK_rT_6I4OA4EY19edP5rFzXcDxs3_bvd6rAbKq0BqhoPk7exiwoF-z98H5LJH5jJbe4dDOjffY9Bj9w3g5kWvPrs5PpMeAdY4Rap08W1RrijQW_Ta"
"Lake Griffin - at easement","Seminole",2022-06-16,"CEROC","Yes","Dominant taxon: Microcystis aeruginosa","Yes","No",,,,,,,,,,,"Anatoxin-a: not detected; Cylindrospermopsin: not detected; Nodularin-R: not detected","Sunny. Detached/ dying filamentous algae floating on surface ",2022-06-16 16:10:00,28.6796914,-81.3391082,0.15,"https://services1.arcgis.com/nRHtyn3uE1kyzoYc/ArcGIS/rest/services/service_c1026ff3b55f468d9f2edd834cb807f8/FeatureServer/0/5510/attachments/1943?token=esFGg2N_4QUkCtU1tiMztDW4hm2M0GdusSqnOkviQULZsKWy6cHlYSpBrHqloDkjMDORyL7vHp8tCloK_rT_6I4OA4EY19edP5rFzXcDxs3_bvd6rAbKq0BqhoPk7exiwoF-z98H5LJH5jJbe4dDOjffY9Bj9w3g5kWvPrs5PpMeAdY4Rap08W1RrijQW_Ta"
"Lake Dot - fishing pier","Seminole",2022-06-16,"CEROC","Yes","Dominant taxon: Microcystis aeruginosa","Yes","No",,,,,,,,,,,"Anatoxin-a: not detected; Cylindrospermopsin: not detected; Nodularin-R: not detected","Sunny. One deceased fish seen near dock ",2022-06-16 15:00:00,28.7502734,-81.286561,0.3,"https://services1.arcgis.com/nRHtyn3uE1kyzoYc/ArcGIS/rest/services/service_c1026ff3b55f468d9f2edd834cb807f8/FeatureServer/0/5509/attachments/1940?token=esFGg2N_4QUkCtU1tiMztDW4hm2M0GdusSqnOkviQULZsKWy6cHlYSpBrHqloDkjMDORyL7vHp8tCloK_rT_6I4OA4EY19edP5rFzXcDxs3_bvd6rAbKq0BqhoPk7exiwoF-z98H5LJH5jJbe4dDOjffY9Bj9w3g5kWvPrs5PpMeAdY4Rap08W1RrijQW_Ta"
"Lake Monroe - NE Shore","Volusia",2022-06-15,"CEROC","Yes","Co-dominant taxa were: Microcystis aeruginosa and Dolichospermum circinale","Yes","No",,,,,,,,,,,"Anatoxin-a: not detected; Cylindrospermopsin: not detected; Nodularin-R: not detected","Foul odor, western wind caused heavy accumulation in canal. Scum and decaying. ",2022-06-15 17:19:00,28.844197,-81.2347471,0.3,"https://services1.arcgis.com/nRHtyn3uE1kyzoYc/ArcGIS/rest/services/service_c1026ff3b55f468d9f2edd834cb807f8/FeatureServer/0/5501/attachments/1921?token=esFGg2N_4QUkCtU1tiMztDW4hm2M0GdusSqnOkviQULZsKWy6cHlYSpBrHqloDkjMDORyL7vHp8tCloK_rT_6I4OA4EY19edP5rFzXcDxs3_bvd6rAbKq0BqhoPk7exiwoF-z98H5LJH5jJbe4dDOjffY9Bj9w3g5kWvPrs5PpMeAdY4Rap08W1RrijQW_Ta"
"Lochloosa Lake - Lochloosa Park and Boat Ramp","Alachua",2022-06-15,"NEROC","Yes","Co-dominant taxa were: Microcystis aeruginosa and Dolichospermum circinale","Yes","Yes",1.3,,,,,,,,,,"Anatoxin-a: not detected; Cylindrospermopsin: not detected; Nodularin-R: not detected","Sunny, light wind",2022-06-15 17:05:00,29.5051381,-82.1041223,0.3,"https://services1.arcgis.com/nRHtyn3uE1kyzoYc/ArcGIS/rest/services/service_c1026ff3b55f468d9f2edd834cb807f8/FeatureServer/0/5497/attachments/1912?token=esFGg2N_4QUkCtU1tiMztDW4hm2M0GdusSqnOkviQULZsKWy6cHlYSpBrHqloDkjMDORyL7vHp8tCloK_rT_6I4OA4EY19edP5rFzXcDxs3_bvd6rAbKq0BqhoPk7exiwoF-z98H5LJH5jJbe4dDOjffY9Bj9w3g5kWvPrs5PpMeAdY4Rap08W1RrijQW_Ta"
"Lochloosa Lake - entrance to Cross Creek","Alachua",2022-06-15,"NEROC","Yes","Co-dominant taxa were: Microcystis aeruginosa and Microcystis wesenbergii","Yes","Yes",2.8,,,,,,,,,,"Anatoxin-a: not detected; Cylindrospermopsin: not detected; Nodularin-R: not detected","More clumps, less specks. Sunny, little wind.",2022-06-15 16:35:00,29.5075422,-82.1496333,0.3,"https://services1.arcgis.com/nRHtyn3uE1kyzoYc/ArcGIS/rest/services/service_c1026ff3b55f468d9f2edd834cb807f8/FeatureServer/0/5496/attachments/1909?token=esFGg2N_4QUkCtU1tiMztDW4hm2M0GdusSqnOkviQULZsKWy6cHlYSpBrHqloDkjMDORyL7vHp8tCloK_rT_6I4OA4EY19edP5rFzXcDxs3_bvd6rAbKq0BqhoPk7exiwoF-z98H5LJH5jJbe4dDOjffY9Bj9w3g5kWvPrs5PpMeAdY4Rap08W1RrijQW_Ta"
"Lochloosa Lake - NE in Veg","Alachua",2022-06-15,"NEROC","Yes","Co-dominant taxa were: Microcystis aeruginosa and Dolichospermum circinale","Yes","Yes",2.4,,,,,,,,,,"Anatoxin-a: not detected; Cylindrospermopsin: not detected; Nodularin-R: not detected","Sunny, little wind",2022-06-15 16:05:00,29.5447369,-82.1221427,0.3,"https://services1.arcgis.com/nRHtyn3uE1kyzoYc/ArcGIS/rest/services/service_c1026ff3b55f468d9f2edd834cb807f8/FeatureServer/0/5495/attachments/1906?token=esFGg2N_4QUkCtU1tiMztDW4hm2M0GdusSqnOkviQULZsKWy6cHlYSpBrHqloDkjMDORyL7vHp8tCloK_rT_6I4OA4EY19edP5rFzXcDxs3_bvd6rAbKq0BqhoPk7exiwoF-z98H5LJH5jJbe4dDOjffY9Bj9w3g5kWvPrs5PpMeAdY4Rap08W1RrijQW_Ta"
"Bivens Lake - outflow at US441","Alachua",2022-06-15,"County","Yes","mixed algae; no dominant species in sample","No","Yes",3.3,"I (I qualifier indicates that the reported value is between the laboratory method detection limit and the laboratory practical quantitation limit.)",,,,,,,,,"Anatoxin-a: not detected; Cylindrospermopsin: not detected; Nodularin-R: not detected",,2022-06-15 15:35:00,29.6216193782827,-82.3401614962975,0.5,"https://services1.arcgis.com/nRHtyn3uE1kyzoYc/ArcGIS/rest/services/service_c1026ff3b55f468d9f2edd834cb807f8/FeatureServer/0/5518/attachments/1958?token=esFGg2N_4QUkCtU1tiMztDW4hm2M0GdusSqnOkviQULZsKWy6cHlYSpBrHqloDkjMDORyL7vHp8tCloK_rT_6I4OA4EY19edP5rFzXcDxs3_bvd6rAbKq0BqhoPk7exiwoF-z98H5LJH5jJbe4dDOjffY9Bj9w3g5kWvPrs5PpMeAdY4Rap08W1RrijQW_Ta"
"Lake Wauberg - end of UF Dock","Alachua",2022-06-15,"County","Yes","mixed algae; no dominant species in sample","No","Yes",0.6,"I (I qualifier indicates that the reported value is between the laboratory method detection limit and the laboratory practical quantitation limit.)",,,,,,,,,"Anatoxin-a: not detected; Cylindrospermopsin: not detected; Nodularin-R: not detected",,2022-06-15 14:30:00,29.5344237549586,-82.3043577171276,0.5,"https://services1.arcgis.com/nRHtyn3uE1kyzoYc/ArcGIS/rest/services/service_c1026ff3b55f468d9f2edd834cb807f8/FeatureServer/0/5517/attachments/1956?token=esFGg2N_4QUkCtU1tiMztDW4hm2M0GdusSqnOkviQULZsKWy6cHlYSpBrHqloDkjMDORyL7vHp8tCloK_rT_6I4OA4EY19edP5rFzXcDxs3_bvd6rAbKq0BqhoPk7exiwoF-z98H5LJH5jJbe4dDOjffY9Bj9w3g5kWvPrs5PpMeAdY4Rap08W1RrijQW_Ta"
"Lake Marian - south of boat ramp","Osceola",2022-06-14,"SEROC","Yes","mixed algae; no dominant species in sample","No","Yes",3.6,,,,,,,,,,"Anatoxin-a: not detected; Cylindrospermopsin: not detected; Nodularin-R: not detected",,2022-06-14 18:20:00,27.8684,-81.0521,0.3,
"St. Johns River - Mandarin Point (MP72)","Duval",2022-06-14,"SJRWMD","No","mixed algae; no dominant species in sample","No","Yes",0.25,"I (I qualifier indicates that the reported value is between the laboratory method detection limit and the laboratory practical quantitation limit.)",,,,,,,,,"Anatoxin-a: not detected; Cylindrospermopsin: not detected; Nodularin-R: not detected; Saxitoxins: not detected",,2022-06-14 15:38:00,30.15666667,-81.68388889,0.3,"https://services1.arcgis.com/nRHtyn3uE1kyzoYc/ArcGIS/rest/services/service_c1026ff3b55f468d9f2edd834cb807f8/FeatureServer/0/5515/attachments/1954?token=esFGg2N_4QUkCtU1tiMztDW4hm2M0GdusSqnOkviQULZsKWy6cHlYSpBrHqloDkjMDORyL7vHp8tCloK_rT_6I4OA4EY19edP5rFzXcDxs3_bvd6rAbKq0BqhoPk7exiwoF-z98H5LJH5jJbe4dDOjffY9Bj9w3g5kWvPrs5PpMeAdY4Rap08W1RrijQW_Ta"
"Doctors Lake - Center (DTL)","Clay",2022-06-14,"SJRWMD","No","mixed algae; no dominant species in sample","No","Yes",0.53,"I (I qualifier indicates that the reported value is between the laboratory method detection limit and the laboratory practical quantitation limit.)",,,,,,,,,"Anatoxin-a: not detected; Cylindrospermopsin: not detected; Nodularin-R: not detected; Saxitoxins: not detected",,2022-06-14 15:03:00,30.13805556,-81.72722222,0.3,"https://services1.arcgis.com/nRHtyn3uE1kyzoYc/ArcGIS/rest/services/service_c1026ff3b55f468d9f2edd834cb807f8/FeatureServer/0/5514/attachments/1953?token=esFGg2N_4QUkCtU1tiMztDW4hm2M0GdusSqnOkviQULZsKWy6cHlYSpBrHqloDkjMDORyL7vHp8tCloK_rT_6I4OA4EY19edP5rFzXcDxs3_bvd6rAbKq0BqhoPk7exiwoF-z98H5LJH5jJbe4dDOjffY9Bj9w3g5kWvPrs5PpMeAdY4Rap08W1RrijQW_Ta"
"St. Johns River - Shands Bridge (20030157)","StJohns",2022-06-14,"SJRWMD","No","Dominant taxon: Cylindrospermopsis raciborskii","Yes","Yes",0.26,"I (I qualifier indicates that the reported value is between the laboratory method detection limit and the laboratory practical quantitation limit.)",,,,,,,,,"Anatoxin-a: not detected; Cylindrospermopsin: not detected; Nodularin-R: not detected; Saxitoxins: not detected",,2022-06-14 14:03:00,29.98163056,-81.62213889,0.3,"https://services1.arcgis.com/nRHtyn3uE1kyzoYc/ArcGIS/rest/services/service_c1026ff3b55f468d9f2edd834cb807f8/FeatureServer/0/5513/attachments/1952?token=esFGg2N_4QUkCtU1tiMztDW4hm2M0GdusSqnOkviQULZsKWy6cHlYSpBrHqloDkjMDORyL7vHp8tCloK_rT_6I4OA4EY19edP5rFzXcDxs3_bvd6rAbKq0BqhoPk7exiwoF-z98H5LJH5jJbe4dDOjffY9Bj9w3g5kWvPrs5PpMeAdY4Rap08W1RrijQW_Ta"
"St. Johns River - Racy Point","StJohns",2022-06-14,"SJRWMD","No","Dominant taxon: Aphanizomenon flos-aquae","Yes","No",,,,,,,,,,,"Anatoxin-a: not detected; Cylindrospermopsin: not detected; Nodularin-R: not detected; Saxitoxins: not detected",,2022-06-14 13:03:00,29.802863620634,-81.5578696463386,0.3,"https://services1.arcgis.com/nRHtyn3uE1kyzoYc/ArcGIS/rest/services/service_c1026ff3b55f468d9f2edd834cb807f8/FeatureServer/0/5516/attachments/1955?token=esFGg2N_4QUkCtU1tiMztDW4hm2M0GdusSqnOkviQULZsKWy6cHlYSpBrHqloDkjMDORyL7vHp8tCloK_rT_6I4OA4EY19edP5rFzXcDxs3_bvd6rAbKq0BqhoPk7exiwoF-z98H5LJH5jJbe4dDOjffY9Bj9w3g5kWvPrs5PpMeAdY4Rap08W1RrijQW_Ta"
"Blue Cypress Lake - Center (BCL)","IndianRiver",2022-06-13,"SJRWMD","No","mixed algae; no dominant species in sample","No","Yes",0.27,"I (I qualifier indicates that the reported value is between the laboratory method detection limit and the laboratory practical quantitation limit.)",,,,,,,,,"Anatoxin-a: not detected; Cylindrospermopsin: not detected; Nodularin-R: not detected; Saxitoxins: not detected",,2022-06-13 15:51:00,27.7266,-80.7536,0.311,"https://services1.arcgis.com/nRHtyn3uE1kyzoYc/ArcGIS/rest/services/service_c1026ff3b55f468d9f2edd834cb807f8/FeatureServer/0/5493/attachments/1903?token=esFGg2N_4QUkCtU1tiMztDW4hm2M0GdusSqnOkviQULZsKWy6cHlYSpBrHqloDkjMDORyL7vHp8tCloK_rT_6I4OA4EY19edP5rFzXcDxs3_bvd6rAbKq0BqhoPk7exiwoF-z98H5LJH5jJbe4dDOjffY9Bj9w3g5kWvPrs5PpMeAdY4Rap08W1RrijQW_Ta"
"Lake Mann - McQueen Park","Orange",2022-06-13,"CEROC","Yes","mixed algae; no dominant species in sample","No","Yes",0.28,"I (I qualifier indicates that the reported value is between the laboratory method detection limit and the laboratory practical quantitation limit.)",0.1,"I (I qualifier indicates that the reported value is between the laboratory method detection limit and the laboratory practical quantitation limit.)",,,,,,,"Anatoxin-a: not detected; Cylindrospermopsin: 0.10 I (I qualifier indicates that the reported value is between the laboratory method detection limit and the laboratory practical quantitation limit.); Nodularin-R: not detected",,2022-06-13 15:07:00,28.5344713,-81.4235901,0.3,"https://services1.arcgis.com/nRHtyn3uE1kyzoYc/ArcGIS/rest/services/service_c1026ff3b55f468d9f2edd834cb807f8/FeatureServer/0/5466/attachments/1876?token=esFGg2N_4QUkCtU1tiMztDW4hm2M0GdusSqnOkviQULZsKWy6cHlYSpBrHqloDkjMDORyL7vHp8tCloK_rT_6I4OA4EY19edP5rFzXcDxs3_bvd6rAbKq0BqhoPk7exiwoF-z98H5LJH5jJbe4dDOjffY9Bj9w3g5kWvPrs5PpMeAdY4Rap08W1RrijQW_Ta"
"Lake George - North","Putnam",2022-06-13,"SJRWMD","No","Co-dominant taxa were: Cylindrospermopsis raciborskii and Pseudanabaena limnetica","Yes","Yes",0.31,"I (I qualifier indicates that the reported value is between the laboratory method detection limit and the laboratory practical quantitation limit.)",0.22,"I (I qualifier indicates that the reported value is between the laboratory method detection limit and the laboratory practical quantitation limit.)",,,,,,,"Anatoxin-a: not detected; Cylindrospermopsin: 0.22 I (I qualifier indicates that the reported value is between the laboratory method detection limit and the laboratory practical quantitation limit.); Nodularin-R: not detected; Saxitoxins: not detected",,2022-06-13 14:40:00,29.3554999148931,-81.6202082254346,0.3,"https://services1.arcgis.com/nRHtyn3uE1kyzoYc/ArcGIS/rest/services/service_c1026ff3b55f468d9f2edd834cb807f8/FeatureServer/0/5490/attachments/1900?token=esFGg2N_4QUkCtU1tiMztDW4hm2M0GdusSqnOkviQULZsKWy6cHlYSpBrHqloDkjMDORyL7vHp8tCloK_rT_6I4OA4EY19edP5rFzXcDxs3_bvd6rAbKq0BqhoPk7exiwoF-z98H5LJH5jJbe4dDOjffY9Bj9w3g5kWvPrs5PpMeAdY4Rap08W1RrijQW_Ta"
"Lake Ivanhoe - 100m E of Poinsettia Ave ","Orange",2022-06-13,"CEROC","Yes","mixed algae; no dominant species in sample","No","Yes",0.52,"I (I qualifier indicates that the reported value is between the laboratory method detection limit and the laboratory practical quantitation limit.)",0.69,,,,,,,,"Anatoxin-a: not detected; Cylindrospermopsin: 0.69; Nodularin-R: not detected",,2022-06-13 14:32:00,28.5657,-81.3832,0.3,
"Lake George - Center (LEO)","Volusia",2022-06-13,"SJRWMD","No","Dominant taxon: Cylindrospermopsis raciborskii","Yes","Yes",,,0.21,"I (I qualifier indicates that the reported value is between the laboratory method detection limit and the laboratory practical quantitation limit.)",,,,,,,"Anatoxin-a: not detected; Cylindrospermopsin: 0.21 I (I qualifier indicates that the reported value is between the laboratory method detection limit and the laboratory practical quantitation limit.); Nodularin-R: not detected; Saxitoxins: not detected",,2022-06-13 14:21:00,29.30830556,-81.60638889,0.3,"https://services1.arcgis.com/nRHtyn3uE1kyzoYc/ArcGIS/rest/services/service_c1026ff3b55f468d9f2edd834cb807f8/FeatureServer/0/5492/attachments/1902?token=esFGg2N_4QUkCtU1tiMztDW4hm2M0GdusSqnOkviQULZsKWy6cHlYSpBrHqloDkjMDORyL7vHp8tCloK_rT_6I4OA4EY19edP5rFzXcDxs3_bvd6rAbKq0BqhoPk7exiwoF-z98H5LJH5jJbe4dDOjffY9Bj9w3g5kWvPrs5PpMeAdY4Rap08W1RrijQW_Ta"
"Lake Sue - Lakeshore Dr West Lobe","Orange",2022-06-13,"CEROC","Yes","Dominant taxon: Cylindrospermopsis raciborskii","Yes","Yes",0.26,"I (I qualifier indicates that the reported value is between the laboratory method detection limit and the laboratory practical quantitation limit.)",0.4,"I (I qualifier indicates that the reported value is between the laboratory method detection limit and the laboratory practical quantitation limit.)",,,,,,,"Anatoxin-a: not detected; Cylindrospermopsin: 0.40 I (I qualifier indicates that the reported value is between the laboratory method detection limit and the laboratory practical quantitation limit.); Nodularin-R: not detected",,2022-06-13 14:00:00,28.5769192,-81.3595279,0.3,"https://services1.arcgis.com/nRHtyn3uE1kyzoYc/ArcGIS/rest/services/service_c1026ff3b55f468d9f2edd834cb807f8/FeatureServer/0/5469/attachments/1880?token=esFGg2N_4QUkCtU1tiMztDW4hm2M0GdusSqnOkviQULZsKWy6cHlYSpBrHqloDkjMDORyL7vHp8tCloK_rT_6I4OA4EY19edP5rFzXcDxs3_bvd6rAbKq0BqhoPk7exiwoF-z98H5LJH5jJbe4dDOjffY9Bj9w3g5kWvPrs5PpMeAdY4Rap08W1RrijQW_Ta"
"Stick Marsh - North (STKM)","IndianRiver",2022-06-13,"SJRWMD","No","mixed algae; no dominant species in sample","No","Yes",,,0.13,"I (I qualifier indicates that the reported value is between the laboratory method detection limit and the laboratory practical quantitation limit.)",,,,,,,"Anatoxin-a: not detected; Cylindrospermopsin: 0.13 I (I qualifier indicates that the reported value is between the laboratory method detection limit and the laboratory practical quantitation limit.); Nodularin-R: not detected; Saxitoxins: not detected",,2022-06-13 13:59:00,27.81065,-80.724854,0.311,"https://services1.arcgis.com/nRHtyn3uE1kyzoYc/ArcGIS/rest/services/service_c1026ff3b55f468d9f2edd834cb807f8/FeatureServer/0/5494/attachments/1904?token=esFGg2N_4QUkCtU1tiMztDW4hm2M0GdusSqnOkviQULZsKWy6cHlYSpBrHqloDkjMDORyL7vHp8tCloK_rT_6I4OA4EY19edP5rFzXcDxs3_bvd6rAbKq0BqhoPk7exiwoF-z98H5LJH5jJbe4dDOjffY9Bj9w3g5kWvPrs5PpMeAdY4Rap08W1RrijQW_Ta"
"Lake Sue - Fawsett Ramp","Orange",2022-06-13,"CEROC","Yes","Dominant taxon: Microcystis aeruginosa","Yes","Yes",0.42,"I (I qualifier indicates that the reported value is between the laboratory method detection limit and the laboratory practical quantitation limit.)",0.39,"I (I qualifier indicates that the reported value is between the laboratory method detection limit and the laboratory practical quantitation limit.)",,,,,,,"Anatoxin-a: not detected; Cylindrospermopsin: 0.39 I (I qualifier indicates that the reported value is between the laboratory method detection limit and the laboratory practical quantitation limit.); Nodularin-R: not detected",,2022-06-13 13:25:00,28.5790291,-81.352016,0.3,
"Crescent Lake - Crescent City Public Boat Ramp","Putnam",2022-06-13,"SJRWMD","Yes","Dominant taxon: Microcystis aeruginosa","Yes","No",,,,,,,,,,,"Anatoxin-a: not detected; Cylindrospermopsin: not detected; Nodularin-R: not detected; Saxitoxins: not detected",,2022-06-13 13:13:00,29.4287613283233,-81.5057597124057,0.3,"https://services1.arcgis.com/nRHtyn3uE1kyzoYc/ArcGIS/rest/services/service_c1026ff3b55f468d9f2edd834cb807f8/FeatureServer/0/5489/attachments/1899?token=esFGg2N_4QUkCtU1tiMztDW4hm2M0GdusSqnOkviQULZsKWy6cHlYSpBrHqloDkjMDORyL7vHp8tCloK_rT_6I4OA4EY19edP5rFzXcDxs3_bvd6rAbKq0BqhoPk7exiwoF-z98H5LJH5jJbe4dDOjffY9Bj9w3g5kWvPrs5PpMeAdY4Rap08W1RrijQW_Ta"
"Crescent Lake - Center","Putnam",2022-06-13,"SJRWMD","No","Dominant taxon: Microcystis aeruginosa","Yes","Yes",0.26,"I (I qualifier indicates that the reported value is between the laboratory method detection limit and the laboratory practical quantitation limit.)",,,,,,,,,"Anatoxin-a: not detected; Cylindrospermopsin: not detected; Nodularin-R: not detected; Saxitoxins: not detected",,2022-06-13 12:56:00,29.4726475671764,-81.5157071907891,0.3,"https://services1.arcgis.com/nRHtyn3uE1kyzoYc/ArcGIS/rest/services/service_c1026ff3b55f468d9f2edd834cb807f8/FeatureServer/0/5480/attachments/1891?token=esFGg2N_4QUkCtU1tiMztDW4hm2M0GdusSqnOkviQULZsKWy6cHlYSpBrHqloDkjMDORyL7vHp8tCloK_rT_6I4OA4EY19edP5rFzXcDxs3_bvd6rAbKq0BqhoPk7exiwoF-z98H5LJH5jJbe4dDOjffY9Bj9w3g5kWvPrs5PpMeAdY4Rap08W1RrijQW_Ta"
"Crescent Lake - mouth of Dunns Creek (CRESLM)","Putnam",2022-06-13,"SJRWMD","No","mixed algae; no dominant species in sample","No","Yes",,,0.1,"I (I qualifier indicates that the reported value is between the laboratory method detection limit and the laboratory practical quantitation limit.)",,,,,,,"Anatoxin-a: not detected; Cylindrospermopsin: 0.10 I (I qualifier indicates that the reported value is between the laboratory method detection limit and the laboratory practical quantitation limit.); Nodularin-R: not detected; Saxitoxins: not detected",,2022-06-13 12:38:00,29.52955556,-81.55372222,0.3,"https://services1.arcgis.com/nRHtyn3uE1kyzoYc/ArcGIS/rest/services/service_c1026ff3b55f468d9f2edd834cb807f8/FeatureServer/0/5491/attachments/1901?token=esFGg2N_4QUkCtU1tiMztDW4hm2M0GdusSqnOkviQULZsKWy6cHlYSpBrHqloDkjMDORyL7vHp8tCloK_rT_6I4OA4EY19edP5rFzXcDxs3_bvd6rAbKq0BqhoPk7exiwoF-z98H5LJH5jJbe4dDOjffY9Bj9w3g5kWvPrs5PpMeAdY4Rap08W1RrijQW_Ta"
"Lake Harris - S of Monkey Island","Lake",2022-06-09,"CEROC","Yes","Dominant taxon: Microcystis aeruginosa","Yes","Yes",0.32,"I (I qualifier indicates that the reported value is between the laboratory method detection limit and the laboratory practical quantitation limit.)",,,,,,,,,"Anatoxin-a: not detected; Cylindrospermopsin: not detected; Nodularin-R: not detected","Water green with suspended bits",2022-06-09 17:03:00,28.7992778,-81.8707778,0.3,"https://services1.arcgis.com/nRHtyn3uE1kyzoYc/ArcGIS/rest/services/service_c1026ff3b55f468d9f2edd834cb807f8/FeatureServer/0/5455/attachments/1865?token=esFGg2N_4QUkCtU1tiMztDW4hm2M0GdusSqnOkviQULZsKWy6cHlYSpBrHqloDkjMDORyL7vHp8tCloK_rT_6I4OA4EY19edP5rFzXcDxs3_bvd6rAbKq0BqhoPk7exiwoF-z98H5LJH5jJbe4dDOjffY9Bj9w3g5kWvPrs5PpMeAdY4Rap08W1RrijQW_Ta"
"Lake Griffin - South Lobe","Lake",2022-06-09,"CEROC","Yes","mixed algae; no dominant species in sample","No","Yes",0.29,"I (I qualifier indicates that the reported value is between the laboratory method detection limit and the laboratory practical quantitation limit.)",,,,,,,,,"Anatoxin-a: not detected; Cylindrospermopsin: not detected; Nodularin-R: not detected","Water still very green",2022-06-09 16:20:00,28.8251944444444,-81.8641666666667,0.3,"https://services1.arcgis.com/nRHtyn3uE1kyzoYc/ArcGIS/rest/services/service_c1026ff3b55f468d9f2edd834cb807f8/FeatureServer/0/5452/attachments/1863?token=esFGg2N_4QUkCtU1tiMztDW4hm2M0GdusSqnOkviQULZsKWy6cHlYSpBrHqloDkjMDORyL7vHp8tCloK_rT_6I4OA4EY19edP5rFzXcDxs3_bvd6rAbKq0BqhoPk7exiwoF-z98H5LJH5jJbe4dDOjffY9Bj9w3g5kWvPrs5PpMeAdY4Rap08W1RrijQW_Ta"
"Lake Jesup - Center (OW-CTR)","Seminole",2022-06-09,"SJRWMD","Yes","mixed algae; no dominant species in sample","No","No",,,,,,,,,,,"Anatoxin-a: not detected; Cylindrospermopsin: not detected; Nodularin-R: not detected; Saxitoxins: not detected",,2022-06-09 16:07:00,28.7268,-81.2111,0.3,
"Doctors Lake - end of Lawrence Rd","Clay",2022-06-09,"NEROC","No","Dominant taxon: Microcystis aeruginosa","Yes","No",,,,,,,,,,,"Anatoxin-a: not detected; Cylindrospermopsin: not detected; Nodularin-R: not detected; Saxitoxins: not detected",,2022-06-09 15:10:00,30.1296189386197,-81.751831143168,0.3,"https://services1.arcgis.com/nRHtyn3uE1kyzoYc/ArcGIS/rest/services/service_c1026ff3b55f468d9f2edd834cb807f8/FeatureServer/0/5463/attachments/1867?token=esFGg2N_4QUkCtU1tiMztDW4hm2M0GdusSqnOkviQULZsKWy6cHlYSpBrHqloDkjMDORyL7vHp8tCloK_rT_6I4OA4EY19edP5rFzXcDxs3_bvd6rAbKq0BqhoPk7exiwoF-z98H5LJH5jJbe4dDOjffY9Bj9w3g5kWvPrs5PpMeAdY4Rap08W1RrijQW_Ta"
"Lake Monroe - Volusia Boat Ramp","Volusia",2022-06-09,"SJRWMD","Yes","Co-dominant taxa were: Microcystis aeruginosa and Dolichospermum circinale","Yes","Yes",0.32,"I (I qualifier indicates that the reported value is between the laboratory method detection limit and the laboratory practical quantitation limit.)",,,,,,,,,"Anatoxin-a: not detected; Cylindrospermopsin: not detected; Nodularin-R: not detected; Saxitoxins: not detected",,2022-06-09 14:57:00,28.839777,-81.3214771,0.3,
"Swimming Pen Creek - Whitey's Fish Camp","Clay",2022-06-09,"NEROC","No","mixed algae; no dominant species in sample","No","Yes",0.39,"I (I qualifier indicates that the reported value is between the laboratory method detection limit and the laboratory practical quantitation limit.)",,,,,,,,,"Anatoxin-a: not detected; Cylindrospermopsin: not detected; Nodularin-R: not detected; Saxitoxins: not detected",,2022-06-09 14:35:00,30.10098,-81.74653,0.3,"https://services1.arcgis.com/nRHtyn3uE1kyzoYc/ArcGIS/rest/services/service_c1026ff3b55f468d9f2edd834cb807f8/FeatureServer/0/5464/attachments/1870?token=esFGg2N_4QUkCtU1tiMztDW4hm2M0GdusSqnOkviQULZsKWy6cHlYSpBrHqloDkjMDORyL7vHp8tCloK_rT_6I4OA4EY19edP5rFzXcDxs3_bvd6rAbKq0BqhoPk7exiwoF-z98H5LJH5jJbe4dDOjffY9Bj9w3g5kWvPrs5PpMeAdY4Rap08W1RrijQW_Ta"
"Lake Monroe - Center (LMAC)","Volusia",2022-06-09,"SJRWMD","Yes","mixed algae; no dominant species in sample","No","Yes",0.26,"I (I qualifier indicates that the reported value is between the laboratory method detection limit and the laboratory practical quantitation limit.)",,,,,,,,,"Anatoxin-a: not detected; Cylindrospermopsin: not detected; Nodularin-R: not detected; Saxitoxins: not detected",,2022-06-09 13:50:00,28.83496,-81.27091,0.3,
"St. Johns River - 2930 SR 13","StJohns",2022-06-09,"NEROC","Yes","Dominant taxon: Cylindrospermopsis raciborskii","Yes","Yes",0.26,"I (I qualifier indicates that the reported value is between the laboratory method detection limit and the laboratory practical quantitation limit.)",,,,,,,,,"Anatoxin-a: not detected; Cylindrospermopsin: not detected; Nodularin-R: not detected; Saxitoxins: not detected",,2022-06-09 13:25:00,30.05034,-81.6692,0.3,"https://services1.arcgis.com/nRHtyn3uE1kyzoYc/ArcGIS/rest/services/service_c1026ff3b55f468d9f2edd834cb807f8/FeatureServer/0/5465/attachments/1873?token=esFGg2N_4QUkCtU1tiMztDW4hm2M0GdusSqnOkviQULZsKWy6cHlYSpBrHqloDkjMDORyL7vHp8tCloK_rT_6I4OA4EY19edP5rFzXcDxs3_bvd6rAbKq0BqhoPk7exiwoF-z98H5LJH5jJbe4dDOjffY9Bj9w3g5kWvPrs5PpMeAdY4Rap08W1RrijQW_Ta"
"Georges Lake - Center","Putnam",2022-06-07,"SJRWMD","No","Dominant taxon: Microcystis aeruginosa","Yes","Pending",,,,,,,,,,,"Anatoxin-a: Pending; Cylindrospermopsin: not detected; Nodularin-R: not detected; Saxitoxins: Pending",,2022-06-07 17:03:00,29.7939166666667,-81.8487833333333,0.3,"https://services1.arcgis.com/nRHtyn3uE1kyzoYc/arcgis/rest/services/service_5c5ebb2c750c442da2b09ddcc97bb150/FeatureServer/0/3825/attachments/3450?token=5-9B4_qFJxwE43FpRKmTcizn9xE4gyQzR7iJriH_WSdv7PgrexGGAhHhsGpscZa8SH_qjt0z84tspBh9UZdaQiiM655xl5nYilYijuNFLU5ctgA5UqoDG-yQnKzdu40YNWB8oief-0n4SY_CsI5ZrvtQHd97t_Zf1Jytpde8Gcx1_zdC8Fhz3OKM_JWL5zg6"
"St. Johns River - Buzzard Island","Putnam",2022-06-07,"SJRWMD","Yes","Co-dominant taxa were: Microcystis aeruginosa and Aphanizomenon flos-aquae","Yes","Yes",0.26,"I (I qualifier indicates that the reported value is between the laboratory method detection limit and the laboratory practical quantitation limit.)",,,,,,,,,"Anatoxin-a: Pending; Cylindrospermopsin: not detected; Nodularin-R: not detected; Saxitoxins: Pending",,2022-06-07 15:37:00,29.604245,-81.5987916666667,0.3,"https://services1.arcgis.com/nRHtyn3uE1kyzoYc/arcgis/rest/services/service_5c5ebb2c750c442da2b09ddcc97bb150/FeatureServer/0/3823/attachments/3448?token=5-9B4_qFJxwE43FpRKmTcizn9xE4gyQzR7iJriH_WSdv7PgrexGGAhHhsGpscZa8SH_qjt0z84tspBh9UZdaQiiM655xl5nYilYijuNFLU5ctgA5UqoDG-yQnKzdu40YNWB8oief-0n4SY_CsI5ZrvtQHd97t_Zf1Jytpde8Gcx1_zdC8Fhz3OKM_JWL5zg6"
"Lake Weir - Center (CLW)","Marion",2022-06-07,"SJRWMD","Yes","Co-dominant taxa were: Cylindrospermopsis raciborskii and Botryococcus braunii","Yes","Yes",0.27,"I (I qualifier indicates that the reported value is between the laboratory method detection limit and the laboratory practical quantitation limit.)",,,,,,,,,"Anatoxin-a: Pending; Cylindrospermopsin: not detected; Nodularin-R: not detected; Saxitoxins: Pending",,2022-06-07 15:06:00,29.0176035730073,-81.9496546117048,0.3,
"Dunns Creek - canal between Waterside and Shoreline Ave","Putnam",2022-06-07,"SJRWMD","Yes","Dominant taxon: Microcystis aeruginosa","Yes","Yes",0.27,"I (I qualifier indicates that the reported value is between the laboratory method detection limit and the laboratory practical quantitation limit.)",,,,,,,,,"Anatoxin-a: Pending; Cylindrospermopsin: not detected; Nodularin-R: not detected; Saxitoxins: Pending",,2022-06-07 15:00:00,29.5778016666667,-81.6119783333333,0.3,"https://services1.arcgis.com/nRHtyn3uE1kyzoYc/arcgis/rest/services/service_5c5ebb2c750c442da2b09ddcc97bb150/FeatureServer/0/3824/attachments/3449?token=5-9B4_qFJxwE43FpRKmTcizn9xE4gyQzR7iJriH_WSdv7PgrexGGAhHhsGpscZa8SH_qjt0z84tspBh9UZdaQiiM655xl5nYilYijuNFLU5ctgA5UqoDG-yQnKzdu40YNWB8oief-0n4SY_CsI5ZrvtQHd97t_Zf1Jytpde8Gcx1_zdC8Fhz3OKM_JWL5zg6"
"Bull Creek - north of Fish Camp","Flagler",2022-06-07,"SJRWMD","Yes","Dominant taxon: Aphanizomenon flos-aquae","Yes","Pending",,,,,,,,,,,"Anatoxin-a: Pending; Cylindrospermopsin: not detected; Nodularin-R: not detected; Saxitoxins: Pending",,2022-06-07 12:49:00,29.424625,-81.4370383333333,0.3,"https://services1.arcgis.com/nRHtyn3uE1kyzoYc/arcgis/rest/services/service_5c5ebb2c750c442da2b09ddcc97bb150/FeatureServer/0/3822/attachments/3447?token=5-9B4_qFJxwE43FpRKmTcizn9xE4gyQzR7iJriH_WSdv7PgrexGGAhHhsGpscZa8SH_qjt0z84tspBh9UZdaQiiM655xl5nYilYijuNFLU5ctgA5UqoDG-yQnKzdu40YNWB8oief-0n4SY_CsI5ZrvtQHd97t_Zf1Jytpde8Gcx1_zdC8Fhz3OKM_JWL5zg6"
"Bivens Lake - outflow at US441","Alachua",2022-06-02,"County","Yes","Dominant taxon: Microcystis aeruginosa","Yes","Yes",9.9,"Y (Y qualifier indicates improper preservation.)",,,,,,,,,"Anatoxin-a: not detected; Cylindrospermopsin: not detected; Nodularin-R: not detected",,2022-06-02 21:00:00,29.62163,-82.34003,0.3,
"Lake Wauberg - end of UF Dock","Alachua",2022-06-02,"County","Yes","mixed algae; no dominant species in sample","No","Yes",0.73,"IY (I qualifier indicates that the reported value is between the laboratory method detection limit and the laboratory practical quantitation limit. Y qualifier indicates improper preservation.)",,,,,,,,,"Anatoxin-a: not detected; Cylindrospermopsin: not detected; Nodularin-R: not detected",,2022-06-02 20:15:00,29.53442,-82.30436,0.3,
"Lake Griffin - at easement ","Seminole",2022-06-02,"DEP_CEN_ROC","Yes","mixed algae; no dominant species in sample","No","Yes",0.4,"I (I qualifier indicates that the reported value is between the laboratory method detection limit and the laboratory practical quantitation limit.)",,,,,,,,,"Anatoxin-a: not detected; Cylindrospermopsin: not detected; Nodularin-R: not detected","Large mats of floating periphyton throughout lake",2022-06-02 17:22:00,28.6796914,-81.3391082,0.15,
"Lake Griffin - at easement","Seminole",2022-06-02,"CEROC","Yes","mixed algae; no dominant species in sample","No","Yes",0.4,"I (I qualifier indicates that the reported value is between the laboratory method detection limit and the laboratory practical quantitation limit.)",,,,,,,,,"Anatoxin-a: not detected; Cylindrospermopsin: not detected; Nodularin-R: not detected","Large mats of floating periphyton throughout lake",2022-06-02 17:22:00,28.6796914,-81.3391082,0.15,
"Lake Kathryn - West Lobe","Seminole",2022-06-02,"DEP_CEN_ROC","No","Dominant taxon: Microcystis aeruginosa","Yes","Yes",0.28,"I (I qualifier indicates that the reported value is between the laboratory method detection limit and the laboratory practical quantitation limit.)",,,,,,,,,"Anatoxin-a: not detected; Cylindrospermopsin: not detected; Nodularin-R: not detected","Wind blowing towards sampling point with no bloom visible ",2022-06-02 16:29:00,28.6843735,-81.3327393,0.15,
"Lake Kathryn - West Lobe","Seminole",2022-06-02,"CEROC","No","Dominant taxon: Microcystis aeruginosa","Yes","Yes",0.28,"I (I qualifier indicates that the reported value is between the laboratory method detection limit and the laboratory practical quantitation limit.)",,,,,,,,,"Anatoxin-a: not detected; Cylindrospermopsin: not detected; Nodularin-R: not detected","Wind blowing towards sampling point with no bloom visible ",2022-06-02 16:29:00,28.6843735,-81.3327393,0.15,
"Crescent Lake - mouth of Dunns Creek (CRESLM)","Putnam",2022-06-02,"SJRWMD","No","Dominant taxon: Microcystis aeruginosa","Yes","Yes",0.78,"I (I qualifier indicates that the reported value is between the laboratory method detection limit and the laboratory practical quantitation limit.)",,,,,,,,,"Anatoxin-a: not detected; Cylindrospermopsin: not detected; Nodularin-R: not detected; Saxitoxins: not detected",,2022-06-02 16:09:00,29.5295555555556,-81.5537222222222,0.3,"https://services1.arcgis.com/nRHtyn3uE1kyzoYc/arcgis/rest/services/service_5c5ebb2c750c442da2b09ddcc97bb150/FeatureServer/0/3802/attachments/3436?token=5-9B4_qFJxwE43FpRKmTcizn9xE4gyQzR7iJriH_WSdv7PgrexGGAhHhsGpscZa8SH_qjt0z84tspBh9UZdaQiiM655xl5nYilYijuNFLU5ctgA5UqoDG-yQnKzdu40YNWB8oief-0n4SY_CsI5ZrvtQHd97t_Zf1Jytpde8Gcx1_zdC8Fhz3OKM_JWL5zg6"
"Crescent Lake - Center","Putnam",2022-06-02,"SJRWMD","Yes","Dominant taxon: Microcystis aeruginosa","Yes","Yes",0.75,"I (I qualifier indicates that the reported value is between the laboratory method detection limit and the laboratory practical quantitation limit.)",,,,,,,,,"Anatoxin-a: not detected; Cylindrospermopsin: not detected; Nodularin-R: not detected; Saxitoxins: not detected",,2022-06-02 15:44:00,29.4726333333333,-81.5157,0.3,"https://services1.arcgis.com/nRHtyn3uE1kyzoYc/arcgis/rest/services/service_5c5ebb2c750c442da2b09ddcc97bb150/FeatureServer/0/3805/attachments/3439?token=5-9B4_qFJxwE43FpRKmTcizn9xE4gyQzR7iJriH_WSdv7PgrexGGAhHhsGpscZa8SH_qjt0z84tspBh9UZdaQiiM655xl5nYilYijuNFLU5ctgA5UqoDG-yQnKzdu40YNWB8oief-0n4SY_CsI5ZrvtQHd97t_Zf1Jytpde8Gcx1_zdC8Fhz3OKM_JWL5zg6"
"Crescent Lake - Crescent City Public Boat Ramp","Putnam",2022-06-02,"SJRWMD","Yes","Dominant taxon: Microcystis aeruginosa","Yes","Yes",0.48,"I (I qualifier indicates that the reported value is between the laboratory method detection limit and the laboratory practical quantitation limit.)",,,,,,,,,"Anatoxin-a: not detected; Cylindrospermopsin: not detected; Nodularin-R: not detected; Saxitoxins: not detected",,2022-06-02 15:26:00,29.4287833333333,-81.5057,0.3,"https://services1.arcgis.com/nRHtyn3uE1kyzoYc/arcgis/rest/services/service_5c5ebb2c750c442da2b09ddcc97bb150/FeatureServer/0/3804/attachments/3438?token=5-9B4_qFJxwE43FpRKmTcizn9xE4gyQzR7iJriH_WSdv7PgrexGGAhHhsGpscZa8SH_qjt0z84tspBh9UZdaQiiM655xl5nYilYijuNFLU5ctgA5UqoDG-yQnKzdu40YNWB8oief-0n4SY_CsI5ZrvtQHd97t_Zf1Jytpde8Gcx1_zdC8Fhz3OKM_JWL5zg6"
"Lake Dot - fishing pier","Seminole",2022-06-02,"DEP_CEN_ROC","Yes","Dominant taxon: Microcystis aeruginosa","Yes","Yes",0.42,"I (I qualifier indicates that the reported value is between the laboratory method detection limit and the laboratory practical quantitation limit.)",,,,,,,,,"Anatoxin-a: not detected; Cylindrospermopsin: not detected; Nodularin-R: not detected",,2022-06-02 14:55:00,28.7502734,-81.286561,0.3,
"Lake Dot - fishing pier","Seminole",2022-06-02,"CEROC","Yes","Dominant taxon: Microcystis aeruginosa","Yes","Yes",0.42,"I (I qualifier indicates that the reported value is between the laboratory method detection limit and the laboratory practical quantitation limit.)",,,,,,,,,"Anatoxin-a: not detected; Cylindrospermopsin: not detected; Nodularin-R: not detected",,2022-06-02 14:55:00,28.7502734,-81.286561,0.3,
"Lake George - North","Putnam",2022-06-02,"SJRWMD","Yes","Co-dominant taxa were: Microcystis aeruginosa and Cylindrospermopsis raciborskii","Yes","Yes",0.26,"I (I qualifier indicates that the reported value is between the laboratory method detection limit and the laboratory practical quantitation limit.)",,,,,0.77,"I (I qualifier indicates that the reported value is between the laboratory method detection limit and the laboratory practical quantitation limit.)",,,"Anatoxin-a: not detected; Cylindrospermopsin: not detected; Nodularin-R: not detected; Saxitoxins: 0.77 I (I qualifier indicates that the reported value is between the laboratory method detection limit and the laboratory practical quantitation limit.)",,2022-06-02 13:02:00,29.3555166666667,-81.6202,0.3,"https://services1.arcgis.com/nRHtyn3uE1kyzoYc/arcgis/rest/services/service_5c5ebb2c750c442da2b09ddcc97bb150/FeatureServer/0/3806/attachments/3440?token=5-9B4_qFJxwE43FpRKmTcizn9xE4gyQzR7iJriH_WSdv7PgrexGGAhHhsGpscZa8SH_qjt0z84tspBh9UZdaQiiM655xl5nYilYijuNFLU5ctgA5UqoDG-yQnKzdu40YNWB8oief-0n4SY_CsI5ZrvtQHd97t_Zf1Jytpde8Gcx1_zdC8Fhz3OKM_JWL5zg6"
"Lake George - Center (LEO)","Volusia",2022-06-02,"SJRWMD","Yes","Dominant taxon: Cylindrospermopsis raciborskii","Yes","Yes",0.27,"I (I qualifier indicates that the reported value is between the laboratory method detection limit and the laboratory practical quantitation limit.)",0.1,"I (I qualifier indicates that the reported value is between the laboratory method detection limit and the laboratory practical quantitation limit.)",,,0.59,"I",,,"Anatoxin-a: not detected; Cylindrospermopsin: 0.10 I (I qualifier indicates that the reported value is between the laboratory method detection limit and the laboratory practical quantitation limit.); Nodularin-R: not detected; Saxitoxins: 0.59 I",,2022-06-02 12:38:00,29.3083055555556,-81.6063888888889,0.3,"https://services1.arcgis.com/nRHtyn3uE1kyzoYc/arcgis/rest/services/service_5c5ebb2c750c442da2b09ddcc97bb150/FeatureServer/0/3803/attachments/3437?token=5-9B4_qFJxwE43FpRKmTcizn9xE4gyQzR7iJriH_WSdv7PgrexGGAhHhsGpscZa8SH_qjt0z84tspBh9UZdaQiiM655xl5nYilYijuNFLU5ctgA5UqoDG-yQnKzdu40YNWB8oief-0n4SY_CsI5ZrvtQHd97t_Zf1Jytpde8Gcx1_zdC8Fhz3OKM_JWL5zg6"
"Lochloosa Lake - entrance to Cross Creek","Alachua",2022-06-01,"DEP_NE_ROC","Yes","Dominant taxon: Microcystis aeruginosa","Yes","Yes",1.5,,,,,,,,,,"Anatoxin-a: not detected; Cylindrospermopsin: not detected; Nodularin-R: not detected","Very windy and white capping",2022-06-01 17:20:00,29.50741,-82.14958,0.3,"https://services1.arcgis.com/nRHtyn3uE1kyzoYc/arcgis/rest/services/service_5c5ebb2c750c442da2b09ddcc97bb150/FeatureServer/0/3795/attachments/3427?token=5-9B4_qFJxwE43FpRKmTcizn9xE4gyQzR7iJriH_WSdv7PgrexGGAhHhsGpscZa8SH_qjt0z84tspBh9UZdaQiiM655xl5nYilYijuNFLU5ctgA5UqoDG-yQnKzdu40YNWB8oief-0n4SY_CsI5ZrvtQHd97t_Zf1Jytpde8Gcx1_zdC8Fhz3OKM_JWL5zg6"
"Lochloosa Lake - entrance to Cross Creek","Alachua",2022-06-01,"NEROC","Yes","Dominant taxon: Microcystis aeruginosa","Yes","Yes",1.5,,,,,,,,,,"Anatoxin-a: not detected; Cylindrospermopsin: not detected; Nodularin-R: not detected","Very windy and white capping",2022-06-01 17:20:00,29.50741,-82.14958,0.3,"https://services1.arcgis.com/nRHtyn3uE1kyzoYc/ArcGIS/rest/services/service_c1026ff3b55f468d9f2edd834cb807f8/FeatureServer/0/5401/attachments/1831?token=esFGg2N_4QUkCtU1tiMztDW4hm2M0GdusSqnOkviQULZsKWy6cHlYSpBrHqloDkjMDORyL7vHp8tCloK_rT_6I4OA4EY19edP5rFzXcDxs3_bvd6rAbKq0BqhoPk7exiwoF-z98H5LJH5jJbe4dDOjffY9Bj9w3g5kWvPrs5PpMeAdY4Rap08W1RrijQW_Ta"
"Lake Marian - south of boat ramp","Osceola",2022-06-01,"DEP_SE_ROC","Yes","Dominant taxon: Microcystis aeruginosa","Yes","Yes",6.7,,,,,,,,,,"Anatoxin-a: not detected; Cylindrospermopsin: not detected; Nodularin-R: not detected","Visible bloom in water column. No surface streaks",2022-06-01 17:00:00,27.8683883894755,-81.0521015367102,0.3,
"Lake Marian - south of boat ramp","Osceola",2022-06-01,"SEROC","Yes","Dominant taxon: Microcystis aeruginosa","Yes","Yes",6.7,,,,,,,,,,"Anatoxin-a: not detected; Cylindrospermopsin: not detected; Nodularin-R: not detected","Visible bloom in water column. No surface streaks",2022-06-01 17:00:00,27.8683883894755,-81.0521015367102,0.3,
"183rd Ave Canal - off Cross Creek","Alachua",2022-06-01,"DEP_NE_ROC","Yes","Dominant taxon: Microcystis aeruginosa","Yes","Yes",1.6,"I (I qualifier indicates that the reported value is between the laboratory method detection limit and the laboratory practical quantitation limit.)",,,,,,,,,"Anatoxin-a: not detected; Cylindrospermopsin: not detected; Nodularin-R: not detected",,2022-06-01 16:25:00,29.48508,-82.16343,0.3,"https://services1.arcgis.com/nRHtyn3uE1kyzoYc/arcgis/rest/services/service_5c5ebb2c750c442da2b09ddcc97bb150/FeatureServer/0/3797/attachments/3433?token=5-9B4_qFJxwE43FpRKmTcizn9xE4gyQzR7iJriH_WSdv7PgrexGGAhHhsGpscZa8SH_qjt0z84tspBh9UZdaQiiM655xl5nYilYijuNFLU5ctgA5UqoDG-yQnKzdu40YNWB8oief-0n4SY_CsI5ZrvtQHd97t_Zf1Jytpde8Gcx1_zdC8Fhz3OKM_JWL5zg6"
"183rd Ave Canal - off Cross Creek","Alachua",2022-06-01,"NEROC","Yes","Dominant taxon: Microcystis aeruginosa","Yes","Yes",1.6,"I (I qualifier indicates that the reported value is between the laboratory method detection limit and the laboratory practical quantitation limit.)",,,,,,,,,"Anatoxin-a: not detected; Cylindrospermopsin: not detected; Nodularin-R: not detected",,2022-06-01 16:25:00,29.48508,-82.16343,0.3,"https://services1.arcgis.com/nRHtyn3uE1kyzoYc/ArcGIS/rest/services/service_c1026ff3b55f468d9f2edd834cb807f8/FeatureServer/0/5403/attachments/1837?token=esFGg2N_4QUkCtU1tiMztDW4hm2M0GdusSqnOkviQULZsKWy6cHlYSpBrHqloDkjMDORyL7vHp8tCloK_rT_6I4OA4EY19edP5rFzXcDxs3_bvd6rAbKq0BqhoPk7exiwoF-z98H5LJH5jJbe4dDOjffY9Bj9w3g5kWvPrs5PpMeAdY4Rap08W1RrijQW_Ta"
"Orange Lake - McIntosh Bay","Alachua",2022-06-01,"DEP_NE_ROC","Yes","Dominant taxon: Microcystis aeruginosa","Yes","Yes",0.78,"I (I qualifier indicates that the reported value is between the laboratory method detection limit and the laboratory practical quantitation limit.)",,,,,,,,,"Anatoxin-a: not detected; Cylindrospermopsin: not detected; Nodularin-R: not detected",,2022-06-01 15:40:00,29.43785,-82.18916,0.3,"https://services1.arcgis.com/nRHtyn3uE1kyzoYc/arcgis/rest/services/service_5c5ebb2c750c442da2b09ddcc97bb150/FeatureServer/0/3796/attachments/3430?token=5-9B4_qFJxwE43FpRKmTcizn9xE4gyQzR7iJriH_WSdv7PgrexGGAhHhsGpscZa8SH_qjt0z84tspBh9UZdaQiiM655xl5nYilYijuNFLU5ctgA5UqoDG-yQnKzdu40YNWB8oief-0n4SY_CsI5ZrvtQHd97t_Zf1Jytpde8Gcx1_zdC8Fhz3OKM_JWL5zg6"
"Orange Lake - McIntosh Bay","Alachua",2022-06-01,"NEROC","Yes","Dominant taxon: Microcystis aeruginosa","Yes","Yes",0.78,"I (I qualifier indicates that the reported value is between the laboratory method detection limit and the laboratory practical quantitation limit.)",,,,,,,,,"Anatoxin-a: not detected; Cylindrospermopsin: not detected; Nodularin-R: not detected",,2022-06-01 15:40:00,29.43785,-82.18916,0.3,"https://services1.arcgis.com/nRHtyn3uE1kyzoYc/ArcGIS/rest/services/service_c1026ff3b55f468d9f2edd834cb807f8/FeatureServer/0/5402/attachments/1834?token=esFGg2N_4QUkCtU1tiMztDW4hm2M0GdusSqnOkviQULZsKWy6cHlYSpBrHqloDkjMDORyL7vHp8tCloK_rT_6I4OA4EY19edP5rFzXcDxs3_bvd6rAbKq0BqhoPk7exiwoF-z98H5LJH5jJbe4dDOjffY9Bj9w3g5kWvPrs5PpMeAdY4Rap08W1RrijQW_Ta"
"Newnan's Lake - near Windsor Park","Alachua",2022-06-01,"DEP_NE_ROC","Yes","Dominant taxon: Microcystis wesenbergii","Yes","No",,,,,,,,,,,"Anatoxin-a: not detected; Cylindrospermopsin: not detected; Nodularin-R: not detected",,2022-06-01 14:10:00,29.63666,-82.20232,0.3,"https://services1.arcgis.com/nRHtyn3uE1kyzoYc/arcgis/rest/services/service_5c5ebb2c750c442da2b09ddcc97bb150/FeatureServer/0/3794/attachments/3424?token=5-9B4_qFJxwE43FpRKmTcizn9xE4gyQzR7iJriH_WSdv7PgrexGGAhHhsGpscZa8SH_qjt0z84tspBh9UZdaQiiM655xl5nYilYijuNFLU5ctgA5UqoDG-yQnKzdu40YNWB8oief-0n4SY_CsI5ZrvtQHd97t_Zf1Jytpde8Gcx1_zdC8Fhz3OKM_JWL5zg6"
"Newnans Lake - near Windsor Park","Alachua",2022-06-01,"NEROC","Yes","Dominant taxon: Microcystis wesenbergii","Yes","No",,,,,,,,,,,"Anatoxin-a: not detected; Cylindrospermopsin: not detected; Nodularin-R: not detected",,2022-06-01 14:10:00,29.63666,-82.20232,0.3,"https://services1.arcgis.com/nRHtyn3uE1kyzoYc/ArcGIS/rest/services/service_c1026ff3b55f468d9f2edd834cb807f8/FeatureServer/0/5400/attachments/1828?token=esFGg2N_4QUkCtU1tiMztDW4hm2M0GdusSqnOkviQULZsKWy6cHlYSpBrHqloDkjMDORyL7vHp8tCloK_rT_6I4OA4EY19edP5rFzXcDxs3_bvd6rAbKq0BqhoPk7exiwoF-z98H5LJH5jJbe4dDOjffY9Bj9w3g5kWvPrs5PpMeAdY4Rap08W1RrijQW_Ta"
"St. Johns River - Mandarin Point (MP72)","Duval",2022-05-31,"SJRWMD","No","mixed algae; no dominant species in sample","No","No",,,,,,,,,,,"Anatoxin-a: not detected; Cylindrospermopsin: not detected; Nodularin-R: not detected; Saxitoxins: not detected",,2022-05-31 16:51:00,30.1566666666667,-81.6838888888889,0.3,"https://services1.arcgis.com/nRHtyn3uE1kyzoYc/arcgis/rest/services/service_5c5ebb2c750c442da2b09ddcc97bb150/FeatureServer/0/3786/attachments/3415?token=5-9B4_qFJxwE43FpRKmTcizn9xE4gyQzR7iJriH_WSdv7PgrexGGAhHhsGpscZa8SH_qjt0z84tspBh9UZdaQiiM655xl5nYilYijuNFLU5ctgA5UqoDG-yQnKzdu40YNWB8oief-0n4SY_CsI5ZrvtQHd97t_Zf1Jytpde8Gcx1_zdC8Fhz3OKM_JWL5zg6"
"Doctors Lake - Center (DTL)","Clay",2022-05-31,"SJRWMD","No","mixed algae; no dominant species in sample","No","No",,,,,,,,,,,"Anatoxin-a: not detected; Cylindrospermopsin: not detected; Nodularin-R: not detected; Saxitoxins: not detected",,2022-05-31 16:12:00,30.1380555555556,-81.7272222222222,0.3,"https://services1.arcgis.com/nRHtyn3uE1kyzoYc/arcgis/rest/services/service_5c5ebb2c750c442da2b09ddcc97bb150/FeatureServer/0/3787/attachments/3416?token=5-9B4_qFJxwE43FpRKmTcizn9xE4gyQzR7iJriH_WSdv7PgrexGGAhHhsGpscZa8SH_qjt0z84tspBh9UZdaQiiM655xl5nYilYijuNFLU5ctgA5UqoDG-yQnKzdu40YNWB8oief-0n4SY_CsI5ZrvtQHd97t_Zf1Jytpde8Gcx1_zdC8Fhz3OKM_JWL5zg6"
"St. Johns River - Shands Bridge (20030157)","StJohns",2022-05-31,"SJRWMD","No","Dominant taxon: Cylindrospermopsis raciborskii","Yes","Yes",0.3,"I (I qualifier indicates that the reported value is between the laboratory method detection limit and the laboratory practical quantitation limit.)",,,,,,,,,"Anatoxin-a: not detected; Cylindrospermopsin: not detected; Nodularin-R: not detected; Saxitoxins: not detected",,2022-05-31 15:14:00,29.9816305555556,-81.6221388888889,0.3,"https://services1.arcgis.com/nRHtyn3uE1kyzoYc/arcgis/rest/services/service_5c5ebb2c750c442da2b09ddcc97bb150/FeatureServer/0/3788/attachments/3417?token=5-9B4_qFJxwE43FpRKmTcizn9xE4gyQzR7iJriH_WSdv7PgrexGGAhHhsGpscZa8SH_qjt0z84tspBh9UZdaQiiM655xl5nYilYijuNFLU5ctgA5UqoDG-yQnKzdu40YNWB8oief-0n4SY_CsI5ZrvtQHd97t_Zf1Jytpde8Gcx1_zdC8Fhz3OKM_JWL5zg6"
"St. Johns River - Racy Point","StJohns",2022-05-31,"SJRWMD","Yes","Dominant taxon: Cylindrospermopsis raciborskii","Yes","Yes",0.28,"I (I qualifier indicates that the reported value is between the laboratory method detection limit and the laboratory practical quantitation limit.)",,,,,,,,,"Anatoxin-a: not detected; Cylindrospermopsin: not detected; Nodularin-R: not detected; Saxitoxins: not detected",,2022-05-31 14:18:00,29.80035,-81.5649833333333,0.3,"https://services1.arcgis.com/nRHtyn3uE1kyzoYc/arcgis/rest/services/service_5c5ebb2c750c442da2b09ddcc97bb150/FeatureServer/0/3785/attachments/3414?token=5-9B4_qFJxwE43FpRKmTcizn9xE4gyQzR7iJriH_WSdv7PgrexGGAhHhsGpscZa8SH_qjt0z84tspBh9UZdaQiiM655xl5nYilYijuNFLU5ctgA5UqoDG-yQnKzdu40YNWB8oief-0n4SY_CsI5ZrvtQHd97t_Zf1Jytpde8Gcx1_zdC8Fhz3OKM_JWL5zg6"
"Lake Washington - Center (LWC)","Brevard",2022-05-31,"SJRWMD","No","mixed algae; no dominant species in sample","No","No",,,,,,,,,,,"Anatoxin-a: not detected; Cylindrospermopsin: not detected; Nodularin-R: not detected; Saxitoxins: not detected","HAB routine sample",2022-05-31 12:54:00,28.14208732,-80.74463523,0.3,"https://services1.arcgis.com/nRHtyn3uE1kyzoYc/arcgis/rest/services/service_5c5ebb2c750c442da2b09ddcc97bb150/FeatureServer/0/3783/attachments/3412?token=5-9B4_qFJxwE43FpRKmTcizn9xE4gyQzR7iJriH_WSdv7PgrexGGAhHhsGpscZa8SH_qjt0z84tspBh9UZdaQiiM655xl5nYilYijuNFLU5ctgA5UqoDG-yQnKzdu40YNWB8oief-0n4SY_CsI5ZrvtQHd97t_Zf1Jytpde8Gcx1_zdC8Fhz3OKM_JWL5zg6"
"Lake Sue - Lakeshore Dr. West Lobe","Orange",2022-05-26,"DEP_CEN_ROC","Yes","mixed algae; no dominant species in sample","No","Yes",0.27,"I (I qualifier indicates that the reported value is between the laboratory method detection limit and the laboratory practical quantitation limit.)",0.13,"I (I qualifier indicates that the reported value is between the laboratory method detection limit and the laboratory practical quantitation limit.)",,,,,,,"Anatoxin-a: not detected; Cylindrospermopsin: 0.13 I (I qualifier indicates that the reported value is between the laboratory method detection limit and the laboratory practical quantitation limit.); Nodularin-R: not detected","Bloom seems to be dissipating. ",2022-05-26 17:50:00,28.5769192,-81.3595279,0.3,"https://services1.arcgis.com/nRHtyn3uE1kyzoYc/arcgis/rest/services/service_5c5ebb2c750c442da2b09ddcc97bb150/FeatureServer/0/3780/attachments/3411?token=5-9B4_qFJxwE43FpRKmTcizn9xE4gyQzR7iJriH_WSdv7PgrexGGAhHhsGpscZa8SH_qjt0z84tspBh9UZdaQiiM655xl5nYilYijuNFLU5ctgA5UqoDG-yQnKzdu40YNWB8oief-0n4SY_CsI5ZrvtQHd97t_Zf1Jytpde8Gcx1_zdC8Fhz3OKM_JWL5zg6"
"Lake Sue - Lakeshore Dr West Lobe","Orange",2022-05-26,"CEROC","Yes","mixed algae; no dominant species in sample","No","Yes",0.27,"I (I qualifier indicates that the reported value is between the laboratory method detection limit and the laboratory practical quantitation limit.)",0.13,"I (I qualifier indicates that the reported value is between the laboratory method detection limit and the laboratory practical quantitation limit.)",,,,,,,"Anatoxin-a: not detected; Cylindrospermopsin: 0.13 I (I qualifier indicates that the reported value is between the laboratory method detection limit and the laboratory practical quantitation limit.); Nodularin-R: not detected","Bloom seems to be dissipating. ",2022-05-26 17:50:00,28.5769192,-81.3595279,0.3,"https://services1.arcgis.com/nRHtyn3uE1kyzoYc/ArcGIS/rest/services/service_c1026ff3b55f468d9f2edd834cb807f8/FeatureServer/0/5386/attachments/1815?token=esFGg2N_4QUkCtU1tiMztDW4hm2M0GdusSqnOkviQULZsKWy6cHlYSpBrHqloDkjMDORyL7vHp8tCloK_rT_6I4OA4EY19edP5rFzXcDxs3_bvd6rAbKq0BqhoPk7exiwoF-z98H5LJH5jJbe4dDOjffY9Bj9w3g5kWvPrs5PpMeAdY4Rap08W1RrijQW_Ta"
"Lake Mann - McQueen Park","Orange",2022-05-26,"DEP_CEN_ROC","Yes","mixed algae; no dominant species in sample","No","No",,,,,,,,,,,"Anatoxin-a: not detected; Cylindrospermopsin: not detected; Nodularin-R: not detected",,2022-05-26 16:22:00,28.5345,-81.4236,0.3,"https://services1.arcgis.com/nRHtyn3uE1kyzoYc/arcgis/rest/services/service_5c5ebb2c750c442da2b09ddcc97bb150/FeatureServer/0/3779/attachments/3410?token=5-9B4_qFJxwE43FpRKmTcizn9xE4gyQzR7iJriH_WSdv7PgrexGGAhHhsGpscZa8SH_qjt0z84tspBh9UZdaQiiM655xl5nYilYijuNFLU5ctgA5UqoDG-yQnKzdu40YNWB8oief-0n4SY_CsI5ZrvtQHd97t_Zf1Jytpde8Gcx1_zdC8Fhz3OKM_JWL5zg6"
"Lake Mann - McQueen Park","Orange",2022-05-26,"CEROC","Yes","mixed algae; no dominant species in sample","No","No",,,,,,,,,,,"Anatoxin-a: not detected; Cylindrospermopsin: not detected; Nodularin-R: not detected",,2022-05-26 16:22:00,28.5345,-81.4236,0.3,"https://services1.arcgis.com/nRHtyn3uE1kyzoYc/ArcGIS/rest/services/service_c1026ff3b55f468d9f2edd834cb807f8/FeatureServer/0/5385/attachments/1814?token=esFGg2N_4QUkCtU1tiMztDW4hm2M0GdusSqnOkviQULZsKWy6cHlYSpBrHqloDkjMDORyL7vHp8tCloK_rT_6I4OA4EY19edP5rFzXcDxs3_bvd6rAbKq0BqhoPk7exiwoF-z98H5LJH5jJbe4dDOjffY9Bj9w3g5kWvPrs5PpMeAdY4Rap08W1RrijQW_Ta"
"Lake Ivanhoe - 100m E of Poinsetta Ave ","Orange",2022-05-26,"DEP_CEN_ROC","Yes","Dominant taxon: Cylindrospermopsis raciborskii","Yes","Yes",,,0.5,,,,,,,,"Anatoxin-a: not detected; Cylindrospermopsin: 0.50; Nodularin-R: not detected","Bloom conditions worse but present of Western and Eastern sides of Interstate 4",2022-05-26 15:10:00,28.5656963,-81.3832057,0.3,"https://services1.arcgis.com/nRHtyn3uE1kyzoYc/arcgis/rest/services/service_5c5ebb2c750c442da2b09ddcc97bb150/FeatureServer/0/3776/attachments/3402?token=5-9B4_qFJxwE43FpRKmTcizn9xE4gyQzR7iJriH_WSdv7PgrexGGAhHhsGpscZa8SH_qjt0z84tspBh9UZdaQiiM655xl5nYilYijuNFLU5ctgA5UqoDG-yQnKzdu40YNWB8oief-0n4SY_CsI5ZrvtQHd97t_Zf1Jytpde8Gcx1_zdC8Fhz3OKM_JWL5zg6"
"Lake Ivanhoe - 100m E of Poinsettia Ave ","Orange",2022-05-26,"CEROC","Yes","Dominant taxon: Cylindrospermopsis raciborskii","Yes","Yes",,,0.5,,,,,,,,"Anatoxin-a: not detected; Cylindrospermopsin: 0.50; Nodularin-R: not detected","Bloom conditions worse but present of Western and Eastern sides of Interstate 4",2022-05-26 15:10:00,28.5656963,-81.3832057,0.3,"https://services1.arcgis.com/nRHtyn3uE1kyzoYc/ArcGIS/rest/services/service_c1026ff3b55f468d9f2edd834cb807f8/FeatureServer/0/5383/attachments/1809?token=esFGg2N_4QUkCtU1tiMztDW4hm2M0GdusSqnOkviQULZsKWy6cHlYSpBrHqloDkjMDORyL7vHp8tCloK_rT_6I4OA4EY19edP5rFzXcDxs3_bvd6rAbKq0BqhoPk7exiwoF-z98H5LJH5jJbe4dDOjffY9Bj9w3g5kWvPrs5PpMeAdY4Rap08W1RrijQW_Ta"
"Lake Jesup - Center (OW-CTR)","Seminole",2022-05-25,"SJRWMD","No","Co-dominant taxa were: Microcystis aeruginosa and Cylindrospermopsis raciborskii","Yes","No",,,,,,,,,,,"Anatoxin-a: not detected; Cylindrospermopsin: not detected; Nodularin-R: not detected; Saxitoxins: not detected",,2022-05-25 14:48:00,28.7268,-81.2111,0.3,
"Bull Creek - north of Fish Camp","Flagler",2022-05-25,"SJRWMD","Yes","Co-dominant taxa were: Microcystis aeruginosa and Aphanizomenon flos-aquae","Yes","Yes",0.11,"I (I qualifier indicates that the reported value is between the laboratory method detection limit and the laboratory practical quantitation limit.)",,,,,,,,,"Anatoxin-a: not detected; Cylindrospermopsin: not detected; Nodularin-R: not detected; Saxitoxins: not detected",,2022-05-25 13:58:00,29.4246666666667,-81.4372777777778,0.3,"https://services1.arcgis.com/nRHtyn3uE1kyzoYc/arcgis/rest/services/service_5c5ebb2c750c442da2b09ddcc97bb150/FeatureServer/0/3769/attachments/3397?token=5-9B4_qFJxwE43FpRKmTcizn9xE4gyQzR7iJriH_WSdv7PgrexGGAhHhsGpscZa8SH_qjt0z84tspBh9UZdaQiiM655xl5nYilYijuNFLU5ctgA5UqoDG-yQnKzdu40YNWB8oief-0n4SY_CsI5ZrvtQHd97t_Zf1Jytpde8Gcx1_zdC8Fhz3OKM_JWL5zg6"
"Dunns Creek - canal between Waterside and Shoreline Ave","Putnam",2022-05-25,"SJRWMD","Yes","Dominant taxon: Microcystis aeruginosa","Yes","Yes",0.14,"I (I qualifier indicates that the reported value is between the laboratory method detection limit and the laboratory practical quantitation limit.)",,,,,,,,,"Anatoxin-a: not detected; Cylindrospermopsin: not detected; Nodularin-R: not detected; Saxitoxins: not detected",,2022-05-25 13:51:00,29.5777777777778,-81.6119444444444,0.3,"https://services1.arcgis.com/nRHtyn3uE1kyzoYc/arcgis/rest/services/service_5c5ebb2c750c442da2b09ddcc97bb150/FeatureServer/0/3774/attachments/3399?token=5-9B4_qFJxwE43FpRKmTcizn9xE4gyQzR7iJriH_WSdv7PgrexGGAhHhsGpscZa8SH_qjt0z84tspBh9UZdaQiiM655xl5nYilYijuNFLU5ctgA5UqoDG-yQnKzdu40YNWB8oief-0n4SY_CsI5ZrvtQHd97t_Zf1Jytpde8Gcx1_zdC8Fhz3OKM_JWL5zg6"
"Blue Cypress Lake - Center (BCL)","IndianRiver",2022-05-24,"SJRWMD","No","Dominant taxon: Microcystis aeruginosa","Yes","No",,,,,,,,,,,"Anatoxin-a: not detected; Cylindrospermopsin: not detected; Nodularin-R: not detected; Saxitoxins: not detected",,2022-05-24 14:12:00,27.7268457,-80.7538961,0.3,"https://services1.arcgis.com/nRHtyn3uE1kyzoYc/arcgis/rest/services/service_5c5ebb2c750c442da2b09ddcc97bb150/FeatureServer/0/3766/attachments/3394?token=5-9B4_qFJxwE43FpRKmTcizn9xE4gyQzR7iJriH_WSdv7PgrexGGAhHhsGpscZa8SH_qjt0z84tspBh9UZdaQiiM655xl5nYilYijuNFLU5ctgA5UqoDG-yQnKzdu40YNWB8oief-0n4SY_CsI5ZrvtQHd97t_Zf1Jytpde8Gcx1_zdC8Fhz3OKM_JWL5zg6"
"Lake Monroe - Center (LMAC)","Volusia",2022-05-24,"SJRWMD","No","mixed algae; no dominant species in sample","No","No",,,,,,,,,,,"Anatoxin-a: not detected; Cylindrospermopsin: not detected; Nodularin-R: not detected; Saxitoxins: not detected",,2022-05-24 14:05:00,28.83496,-81.27091,0.3,
"Doctors Lake - end of Lawrence Rd","Clay",2022-05-23,"DEP_NE_ROC","No","Dominant taxon: Dolichospermum circinale","Yes","No",,,,,,,,,,,"Anatoxin-a: not detected; Cylindrospermopsin: not detected; Nodularin-R: not detected",,2022-05-23 19:50:00,30.12953,-81.75179,0.3,"https://services1.arcgis.com/nRHtyn3uE1kyzoYc/arcgis/rest/services/service_5c5ebb2c750c442da2b09ddcc97bb150/FeatureServer/0/3760/attachments/3381?token=5-9B4_qFJxwE43FpRKmTcizn9xE4gyQzR7iJriH_WSdv7PgrexGGAhHhsGpscZa8SH_qjt0z84tspBh9UZdaQiiM655xl5nYilYijuNFLU5ctgA5UqoDG-yQnKzdu40YNWB8oief-0n4SY_CsI5ZrvtQHd97t_Zf1Jytpde8Gcx1_zdC8Fhz3OKM_JWL5zg6"
"Doctors Lake - end of Lawrence Rd","Clay",2022-05-23,"NEROC","No","Dominant taxon: Dolichospermum circinale","Yes","No",,,,,,,,,,,"Anatoxin-a: not detected; Cylindrospermopsin: not detected; Nodularin-R: not detected",,2022-05-23 19:50:00,30.12953,-81.75179,0.3,"https://services1.arcgis.com/nRHtyn3uE1kyzoYc/ArcGIS/rest/services/service_c1026ff3b55f468d9f2edd834cb807f8/FeatureServer/0/5367/attachments/1788?token=esFGg2N_4QUkCtU1tiMztDW4hm2M0GdusSqnOkviQULZsKWy6cHlYSpBrHqloDkjMDORyL7vHp8tCloK_rT_6I4OA4EY19edP5rFzXcDxs3_bvd6rAbKq0BqhoPk7exiwoF-z98H5LJH5jJbe4dDOjffY9Bj9w3g5kWvPrs5PpMeAdY4Rap08W1RrijQW_Ta"
"Swimming Pen Creek - Whitey's Fish Camp","Clay",2022-05-23,"DEP_NE_ROC","No","mixed algae; no dominant species in sample","No","No",,,,,,,,,,,"Anatoxin-a: not detected; Cylindrospermopsin: not detected; Nodularin-R: not detected",,2022-05-23 19:15:00,30.101,-81.74641,0.3,"https://services1.arcgis.com/nRHtyn3uE1kyzoYc/arcgis/rest/services/service_5c5ebb2c750c442da2b09ddcc97bb150/FeatureServer/0/3761/attachments/3384?token=5-9B4_qFJxwE43FpRKmTcizn9xE4gyQzR7iJriH_WSdv7PgrexGGAhHhsGpscZa8SH_qjt0z84tspBh9UZdaQiiM655xl5nYilYijuNFLU5ctgA5UqoDG-yQnKzdu40YNWB8oief-0n4SY_CsI5ZrvtQHd97t_Zf1Jytpde8Gcx1_zdC8Fhz3OKM_JWL5zg6"
"Swimming Pen Creek - Whitey's Fish Camp","Clay",2022-05-23,"NEROC","No","mixed algae; no dominant species in sample","No","No",,,,,,,,,,,"Anatoxin-a: not detected; Cylindrospermopsin: not detected; Nodularin-R: not detected",,2022-05-23 19:15:00,30.101,-81.74641,0.3,"https://services1.arcgis.com/nRHtyn3uE1kyzoYc/ArcGIS/rest/services/service_c1026ff3b55f468d9f2edd834cb807f8/FeatureServer/0/5368/attachments/1791?token=esFGg2N_4QUkCtU1tiMztDW4hm2M0GdusSqnOkviQULZsKWy6cHlYSpBrHqloDkjMDORyL7vHp8tCloK_rT_6I4OA4EY19edP5rFzXcDxs3_bvd6rAbKq0BqhoPk7exiwoF-z98H5LJH5jJbe4dDOjffY9Bj9w3g5kWvPrs5PpMeAdY4Rap08W1RrijQW_Ta"
"Georges Lake - Center","Putnam",2022-05-23,"SJRWMD","No","Dominant taxon: Microcystis aeruginosa","Yes","Yes",10,,,,,,,,,,"Anatoxin-a: not detected; Cylindrospermopsin: not detected; Nodularin-R: not detected; Saxitoxins: not detected",,2022-05-23 17:17:00,29.7930555555556,-81.8488888888889,0.3,"https://services1.arcgis.com/nRHtyn3uE1kyzoYc/arcgis/rest/services/service_5c5ebb2c750c442da2b09ddcc97bb150/FeatureServer/0/3762/attachments/3387?token=5-9B4_qFJxwE43FpRKmTcizn9xE4gyQzR7iJriH_WSdv7PgrexGGAhHhsGpscZa8SH_qjt0z84tspBh9UZdaQiiM655xl5nYilYijuNFLU5ctgA5UqoDG-yQnKzdu40YNWB8oief-0n4SY_CsI5ZrvtQHd97t_Zf1Jytpde8Gcx1_zdC8Fhz3OKM_JWL5zg6"
"Rodman Reservoir Dam - East","Putnam",2022-05-23,"DEP_NE_ROC","No","mixed algae; no dominant species in sample","No","No",,,,,,,,,,,"Anatoxin-a: not detected; Cylindrospermopsin: not detected; Nodularin-R: not detected","Stumpy, warm, water is clear, partly cloudy",2022-05-23 16:40:00,29.51077,-81.80356,0.3,"https://services1.arcgis.com/nRHtyn3uE1kyzoYc/arcgis/rest/services/service_5c5ebb2c750c442da2b09ddcc97bb150/FeatureServer/0/3759/attachments/3378?token=5-9B4_qFJxwE43FpRKmTcizn9xE4gyQzR7iJriH_WSdv7PgrexGGAhHhsGpscZa8SH_qjt0z84tspBh9UZdaQiiM655xl5nYilYijuNFLU5ctgA5UqoDG-yQnKzdu40YNWB8oief-0n4SY_CsI5ZrvtQHd97t_Zf1Jytpde8Gcx1_zdC8Fhz3OKM_JWL5zg6"
"Rodman Reservoir Dam - East","Putnam",2022-05-23,"NEROC","No","mixed algae; no dominant species in sample","No","No",,,,,,,,,,,"Anatoxin-a: not detected; Cylindrospermopsin: not detected; Nodularin-R: not detected","Stumpy, warm, water is clear, partly cloudy",2022-05-23 16:40:00,29.51077,-81.80356,0.3,"https://services1.arcgis.com/nRHtyn3uE1kyzoYc/ArcGIS/rest/services/service_c1026ff3b55f468d9f2edd834cb807f8/FeatureServer/0/5366/attachments/1785?token=esFGg2N_4QUkCtU1tiMztDW4hm2M0GdusSqnOkviQULZsKWy6cHlYSpBrHqloDkjMDORyL7vHp8tCloK_rT_6I4OA4EY19edP5rFzXcDxs3_bvd6rAbKq0BqhoPk7exiwoF-z98H5LJH5jJbe4dDOjffY9Bj9w3g5kWvPrs5PpMeAdY4Rap08W1RrijQW_Ta"
"Stickmarsh - North (STKM)","IndianRiver",2022-05-23,"SJRWMD","No","mixed algae; no dominant species in sample","No","Yes",,,0.18,"I (I qualifier indicates that the reported value is between the laboratory method detection limit and the laboratory practical quantitation limit.)",,,,,,,"Anatoxin-a: not detected; Cylindrospermopsin: 0.18 I (I qualifier indicates that the reported value is between the laboratory method detection limit and the laboratory practical quantitation limit.); Nodularin-R: not detected; Saxitoxins: not detected","HAB routine sample no bloom observed",2022-05-23 13:54:00,27.8113735,-80.7254252,0.3,"https://services1.arcgis.com/nRHtyn3uE1kyzoYc/arcgis/rest/services/service_5c5ebb2c750c442da2b09ddcc97bb150/FeatureServer/0/3756/attachments/3377?token=5-9B4_qFJxwE43FpRKmTcizn9xE4gyQzR7iJriH_WSdv7PgrexGGAhHhsGpscZa8SH_qjt0z84tspBh9UZdaQiiM655xl5nYilYijuNFLU5ctgA5UqoDG-yQnKzdu40YNWB8oief-0n4SY_CsI5ZrvtQHd97t_Zf1Jytpde8Gcx1_zdC8Fhz3OKM_JWL5zg6"
"Stick Marsh - North (STKM)","IndianRiver",2022-05-23,"SJRWMD","No","mixed algae; no dominant species in sample","No","Yes",,,0.18,"I (I qualifier indicates that the reported value is between the laboratory method detection limit and the laboratory practical quantitation limit.)",,,,,,,"Anatoxin-a: not detected; Cylindrospermopsin: 0.18 I (I qualifier indicates that the reported value is between the laboratory method detection limit and the laboratory practical quantitation limit.); Nodularin-R: not detected; Saxitoxins: not detected","HAB routine sample no bloom observed",2022-05-23 13:54:00,27.8113735,-80.7254252,0.3,"https://services1.arcgis.com/nRHtyn3uE1kyzoYc/ArcGIS/rest/services/service_c1026ff3b55f468d9f2edd834cb807f8/FeatureServer/0/5363/attachments/1784?token=esFGg2N_4QUkCtU1tiMztDW4hm2M0GdusSqnOkviQULZsKWy6cHlYSpBrHqloDkjMDORyL7vHp8tCloK_rT_6I4OA4EY19edP5rFzXcDxs3_bvd6rAbKq0BqhoPk7exiwoF-z98H5LJH5jJbe4dDOjffY9Bj9w3g5kWvPrs5PpMeAdY4Rap08W1RrijQW_Ta"
"Lake Dot - fishing pier","Seminole",2022-05-19,"DEP_CEN_ROC","Yes","Co-dominant taxa were: Microcystis aeruginosa and Aphanizomenon flos-aquae","Yes","Yes",0.29,"I (I qualifier indicates that the reported value is between the laboratory method detection limit and the laboratory practical quantitation limit.)",,,,,,,,,"Anatoxin-a: not detected; Cylindrospermopsin: not detected; Nodularin-R: not detected","No fish kill observed, 1 dead duck found",2022-05-19 18:53:00,28.7502734,-81.286561,0.3,"https://services1.arcgis.com/nRHtyn3uE1kyzoYc/arcgis/rest/services/service_5c5ebb2c750c442da2b09ddcc97bb150/FeatureServer/0/3740/attachments/3352?token=5-9B4_qFJxwE43FpRKmTcizn9xE4gyQzR7iJriH_WSdv7PgrexGGAhHhsGpscZa8SH_qjt0z84tspBh9UZdaQiiM655xl5nYilYijuNFLU5ctgA5UqoDG-yQnKzdu40YNWB8oief-0n4SY_CsI5ZrvtQHd97t_Zf1Jytpde8Gcx1_zdC8Fhz3OKM_JWL5zg6"
"Lake Dot - fishing pier","Seminole",2022-05-19,"CEROC","Yes","Co-dominant taxa were: Microcystis aeruginosa and Aphanizomenon flos-aquae","Yes","Yes",0.29,"I (I qualifier indicates that the reported value is between the laboratory method detection limit and the laboratory practical quantitation limit.)",,,,,,,,,"Anatoxin-a: not detected; Cylindrospermopsin: not detected; Nodularin-R: not detected","No fish kill observed, 1 dead duck found",2022-05-19 18:53:00,28.7502734,-81.286561,0.3,"https://services1.arcgis.com/nRHtyn3uE1kyzoYc/ArcGIS/rest/services/service_c1026ff3b55f468d9f2edd834cb807f8/FeatureServer/0/5347/attachments/1759?token=esFGg2N_4QUkCtU1tiMztDW4hm2M0GdusSqnOkviQULZsKWy6cHlYSpBrHqloDkjMDORyL7vHp8tCloK_rT_6I4OA4EY19edP5rFzXcDxs3_bvd6rAbKq0BqhoPk7exiwoF-z98H5LJH5jJbe4dDOjffY9Bj9w3g5kWvPrs5PpMeAdY4Rap08W1RrijQW_Ta"
"St. Johns River - near mouth of Rice Creek","Putnam",2022-05-19,"SJRWMD","No","Co-dominant taxa were: Microcystis wesenbergii and Cylindrospermopsis raciborskii","Yes","No",,,,,,,,,,,"Anatoxin-a: not detected; Cylindrospermopsin: not detected; Nodularin-R: not detected; Saxitoxins: not detected",,2022-05-19 17:02:00,29.6973333333333,-81.6330277777778,0.3,"https://services1.arcgis.com/nRHtyn3uE1kyzoYc/arcgis/rest/services/service_5c5ebb2c750c442da2b09ddcc97bb150/FeatureServer/0/3749/attachments/3372?token=5-9B4_qFJxwE43FpRKmTcizn9xE4gyQzR7iJriH_WSdv7PgrexGGAhHhsGpscZa8SH_qjt0z84tspBh9UZdaQiiM655xl5nYilYijuNFLU5ctgA5UqoDG-yQnKzdu40YNWB8oief-0n4SY_CsI5ZrvtQHd97t_Zf1Jytpde8Gcx1_zdC8Fhz3OKM_JWL5zg6"
"St. Johns River - near mouth of Tocoi Creek","StJohns",2022-05-19,"SJRWMD","Yes","Co-dominant taxa were: Cylindrospermopsis raciborskii and Dolichospermum circinale","Yes","No",,,,,,,,,,,"Anatoxin-a: not detected; Cylindrospermopsin: not detected; Nodularin-R: not detected; Saxitoxins: not detected",,2022-05-19 16:05:00,29.8578888888889,-81.5775555555555,0.3,"https://services1.arcgis.com/nRHtyn3uE1kyzoYc/arcgis/rest/services/service_5c5ebb2c750c442da2b09ddcc97bb150/FeatureServer/0/3750/attachments/3371?token=5-9B4_qFJxwE43FpRKmTcizn9xE4gyQzR7iJriH_WSdv7PgrexGGAhHhsGpscZa8SH_qjt0z84tspBh9UZdaQiiM655xl5nYilYijuNFLU5ctgA5UqoDG-yQnKzdu40YNWB8oief-0n4SY_CsI5ZrvtQHd97t_Zf1Jytpde8Gcx1_zdC8Fhz3OKM_JWL5zg6"
"St. Johns River - near Watson Island","StJohns",2022-05-19,"SJRWMD","Yes","Dominant taxon: Cylindrospermopsis raciborskii","Yes","No",,,,,,,,,,,"Anatoxin-a: not detected; Cylindrospermopsin: not detected; Nodularin-R: not detected; Saxitoxins: not detected",,2022-05-19 15:40:00,29.9,-81.5960555555556,0.3,"https://services1.arcgis.com/nRHtyn3uE1kyzoYc/arcgis/rest/services/service_5c5ebb2c750c442da2b09ddcc97bb150/FeatureServer/0/3748/attachments/3373?token=5-9B4_qFJxwE43FpRKmTcizn9xE4gyQzR7iJriH_WSdv7PgrexGGAhHhsGpscZa8SH_qjt0z84tspBh9UZdaQiiM655xl5nYilYijuNFLU5ctgA5UqoDG-yQnKzdu40YNWB8oief-0n4SY_CsI5ZrvtQHd97t_Zf1Jytpde8Gcx1_zdC8Fhz3OKM_JWL5zg6"
"St. Johns River - mouth of Trout Creek","StJohns",2022-05-19,"SJRWMD","Yes","Dominant taxon: Dolichospermum circinale","Yes","No",,,,,,,,,,,"Anatoxin-a: not detected; Cylindrospermopsin: not detected; Nodularin-R: not detected; Saxitoxins: not detected",,2022-05-19 15:11:00,29.9753888888889,-81.5803055555556,0.3,"https://services1.arcgis.com/nRHtyn3uE1kyzoYc/arcgis/rest/services/service_5c5ebb2c750c442da2b09ddcc97bb150/FeatureServer/0/3747/attachments/3370?token=5-9B4_qFJxwE43FpRKmTcizn9xE4gyQzR7iJriH_WSdv7PgrexGGAhHhsGpscZa8SH_qjt0z84tspBh9UZdaQiiM655xl5nYilYijuNFLU5ctgA5UqoDG-yQnKzdu40YNWB8oief-0n4SY_CsI5ZrvtQHd97t_Zf1Jytpde8Gcx1_zdC8Fhz3OKM_JWL5zg6"
"Bivens Lake - outflow at US441","Alachua",2022-05-19,"County","Yes","mixed algae; no dominant species in sample","No","Yes",5.5,,,,,,,,,,"Anatoxin-a: not detected; Cylindrospermopsin: not detected; Nodularin-R: not detected","Alachua county",2022-05-19 15:00:00,29.6218219983641,-82.3402401565017,0.3,
"St. Johns River - Shands Bridge (20030157)","StJohns",2022-05-19,"SJRWMD","No","mixed algae; no dominant species in sample","No","No",,,,,,,,,,,"Anatoxin-a: not detected; Cylindrospermopsin: not detected; Nodularin-R: not detected; Saxitoxins: not detected",,2022-05-19 14:57:00,29.9816305555556,-81.6221388888889,0.3,"https://services1.arcgis.com/nRHtyn3uE1kyzoYc/arcgis/rest/services/service_5c5ebb2c750c442da2b09ddcc97bb150/FeatureServer/0/3753/attachments/3369?token=5-9B4_qFJxwE43FpRKmTcizn9xE4gyQzR7iJriH_WSdv7PgrexGGAhHhsGpscZa8SH_qjt0z84tspBh9UZdaQiiM655xl5nYilYijuNFLU5ctgA5UqoDG-yQnKzdu40YNWB8oief-0n4SY_CsI5ZrvtQHd97t_Zf1Jytpde8Gcx1_zdC8Fhz3OKM_JWL5zg6"
"St. Johns River - near Green Cove Springs","StJohns",2022-05-19,"SJRWMD","Yes","Dominant taxon: Dolichospermum circinale","Yes","No",,,,,,,,,,,"Anatoxin-a: not detected; Cylindrospermopsin: not detected; Nodularin-R: not detected; Saxitoxins: not detected",,2022-05-19 14:31:00,30.0115,-81.6609722222222,0.3,"https://services1.arcgis.com/nRHtyn3uE1kyzoYc/arcgis/rest/services/service_5c5ebb2c750c442da2b09ddcc97bb150/FeatureServer/0/3746/attachments/3366?token=5-9B4_qFJxwE43FpRKmTcizn9xE4gyQzR7iJriH_WSdv7PgrexGGAhHhsGpscZa8SH_qjt0z84tspBh9UZdaQiiM655xl5nYilYijuNFLU5ctgA5UqoDG-yQnKzdu40YNWB8oief-0n4SY_CsI5ZrvtQHd97t_Zf1Jytpde8Gcx1_zdC8Fhz3OKM_JWL5zg6"
"Doctors Lake - Center (DTL)","Clay",2022-05-19,"SJRWMD","No","Dominant taxon: Aphanizomenon flos-aquae","Yes","No",,,,,,,,,,,"Anatoxin-a: not detected; Cylindrospermopsin: not detected; Nodularin-R: not detected; Saxitoxins: not detected",,2022-05-19 13:39:00,30.1380555555556,-81.7272222222222,0.3,"https://services1.arcgis.com/nRHtyn3uE1kyzoYc/arcgis/rest/services/service_5c5ebb2c750c442da2b09ddcc97bb150/FeatureServer/0/3752/attachments/3368?token=5-9B4_qFJxwE43FpRKmTcizn9xE4gyQzR7iJriH_WSdv7PgrexGGAhHhsGpscZa8SH_qjt0z84tspBh9UZdaQiiM655xl5nYilYijuNFLU5ctgA5UqoDG-yQnKzdu40YNWB8oief-0n4SY_CsI5ZrvtQHd97t_Zf1Jytpde8Gcx1_zdC8Fhz3OKM_JWL5zg6"
"St. Johns River - Mandarin Point (MP72)","Duval",2022-05-19,"SJRWMD","No","Dominant taxon: Dolichospermum circinale","Yes","No",,,,,,,,,,,"Anatoxin-a: not detected; Cylindrospermopsin: not detected; Nodularin-R: not detected; Saxitoxins: not detected",,2022-05-19 13:18:00,30.1566666666667,-81.6838888888889,0.3,"https://services1.arcgis.com/nRHtyn3uE1kyzoYc/arcgis/rest/services/service_5c5ebb2c750c442da2b09ddcc97bb150/FeatureServer/0/3751/attachments/3367?token=5-9B4_qFJxwE43FpRKmTcizn9xE4gyQzR7iJriH_WSdv7PgrexGGAhHhsGpscZa8SH_qjt0z84tspBh9UZdaQiiM655xl5nYilYijuNFLU5ctgA5UqoDG-yQnKzdu40YNWB8oief-0n4SY_CsI5ZrvtQHd97t_Zf1Jytpde8Gcx1_zdC8Fhz3OKM_JWL5zg6"
"183rd Ave Canal - off Cross Creek","Alachua",2022-05-18,"DEP_NE_ROC","Yes","Co-dominant taxa were: Microcystis aeruginosa and Microcystis wesenbergii","Yes","Yes",3,,,,,,,,,,"Anatoxin-a: not detected; Cylindrospermopsin: not detected; Nodularin-R: not detected; Saxitoxins: not detected",,2022-05-18 17:05:00,29.48491,-82.16341,0.3,"https://services1.arcgis.com/nRHtyn3uE1kyzoYc/arcgis/rest/services/service_5c5ebb2c750c442da2b09ddcc97bb150/FeatureServer/0/3717/attachments/3334?token=5-9B4_qFJxwE43FpRKmTcizn9xE4gyQzR7iJriH_WSdv7PgrexGGAhHhsGpscZa8SH_qjt0z84tspBh9UZdaQiiM655xl5nYilYijuNFLU5ctgA5UqoDG-yQnKzdu40YNWB8oief-0n4SY_CsI5ZrvtQHd97t_Zf1Jytpde8Gcx1_zdC8Fhz3OKM_JWL5zg6"
"183rd Ave Canal - off Cross Creek","Alachua",2022-05-18,"NEROC","Yes","Co-dominant taxa were: Microcystis aeruginosa and Microcystis wesenbergii","Yes","Yes",3,,,,,,,,,,"Anatoxin-a: not detected; Cylindrospermopsin: not detected; Nodularin-R: not detected; Saxitoxins: not detected",,2022-05-18 17:05:00,29.48491,-82.16341,0.3,"https://services1.arcgis.com/nRHtyn3uE1kyzoYc/ArcGIS/rest/services/service_c1026ff3b55f468d9f2edd834cb807f8/FeatureServer/0/5325/attachments/1741?token=esFGg2N_4QUkCtU1tiMztDW4hm2M0GdusSqnOkviQULZsKWy6cHlYSpBrHqloDkjMDORyL7vHp8tCloK_rT_6I4OA4EY19edP5rFzXcDxs3_bvd6rAbKq0BqhoPk7exiwoF-z98H5LJH5jJbe4dDOjffY9Bj9w3g5kWvPrs5PpMeAdY4Rap08W1RrijQW_Ta"
"St. Johns River - 2930 SR 13","StJohns",2022-05-18,"DEP_NE_ROC","Yes","Dominant taxon: Dolichospermum circinale","Yes","No",,,,,,,,,,,"Anatoxin-a: not detected; Cylindrospermopsin: not detected; Nodularin-R: not detected; Saxitoxins: not detected",,2022-05-18 14:40:00,30.05039,-81.66831,0.3,"https://services1.arcgis.com/nRHtyn3uE1kyzoYc/arcgis/rest/services/service_5c5ebb2c750c442da2b09ddcc97bb150/FeatureServer/0/3716/attachments/3331?token=5-9B4_qFJxwE43FpRKmTcizn9xE4gyQzR7iJriH_WSdv7PgrexGGAhHhsGpscZa8SH_qjt0z84tspBh9UZdaQiiM655xl5nYilYijuNFLU5ctgA5UqoDG-yQnKzdu40YNWB8oief-0n4SY_CsI5ZrvtQHd97t_Zf1Jytpde8Gcx1_zdC8Fhz3OKM_JWL5zg6"
"St. Johns River - 2930 SR 13","StJohns",2022-05-18,"NEROC","Yes","Dominant taxon: Dolichospermum circinale","Yes","No",,,,,,,,,,,"Anatoxin-a: not detected; Cylindrospermopsin: not detected; Nodularin-R: not detected; Saxitoxins: not detected",,2022-05-18 14:40:00,30.05039,-81.66831,0.3,"https://services1.arcgis.com/nRHtyn3uE1kyzoYc/ArcGIS/rest/services/service_c1026ff3b55f468d9f2edd834cb807f8/FeatureServer/0/5324/attachments/1738?token=esFGg2N_4QUkCtU1tiMztDW4hm2M0GdusSqnOkviQULZsKWy6cHlYSpBrHqloDkjMDORyL7vHp8tCloK_rT_6I4OA4EY19edP5rFzXcDxs3_bvd6rAbKq0BqhoPk7exiwoF-z98H5LJH5jJbe4dDOjffY9Bj9w3g5kWvPrs5PpMeAdY4Rap08W1RrijQW_Ta"
"Doctor's Lake - Mill Cove","Clay",2022-05-17,"DEP_NE_ROC","No","Dominant taxon: Aphanizomenon flos-aquae","Yes","Yes",0.49,"I (I qualifier indicates that the reported value is between the laboratory method detection limit and the laboratory practical quantitation limit.)",,,,,,,,,"Anatoxin-a: not detected; Cylindrospermopsin: not detected; Nodularin-R: not detected; Saxitoxins: not detected",,2022-05-17 17:15:00,30.12358,-81.72755,0.3,"https://services1.arcgis.com/nRHtyn3uE1kyzoYc/arcgis/rest/services/service_5c5ebb2c750c442da2b09ddcc97bb150/FeatureServer/0/3691/attachments/3305?token=5-9B4_qFJxwE43FpRKmTcizn9xE4gyQzR7iJriH_WSdv7PgrexGGAhHhsGpscZa8SH_qjt0z84tspBh9UZdaQiiM655xl5nYilYijuNFLU5ctgA5UqoDG-yQnKzdu40YNWB8oief-0n4SY_CsI5ZrvtQHd97t_Zf1Jytpde8Gcx1_zdC8Fhz3OKM_JWL5zg6"
"Doctors Lake - Mill Cove","Clay",2022-05-17,"NEROC","No","Dominant taxon: Aphanizomenon flos-aquae","Yes","Yes",0.49,"I (I qualifier indicates that the reported value is between the laboratory method detection limit and the laboratory practical quantitation limit.)",,,,,,,,,"Anatoxin-a: not detected; Cylindrospermopsin: not detected; Nodularin-R: not detected; Saxitoxins: not detected",,2022-05-17 17:15:00,30.12358,-81.72755,0.3,"https://services1.arcgis.com/nRHtyn3uE1kyzoYc/ArcGIS/rest/services/service_c1026ff3b55f468d9f2edd834cb807f8/FeatureServer/0/5307/attachments/1719?token=esFGg2N_4QUkCtU1tiMztDW4hm2M0GdusSqnOkviQULZsKWy6cHlYSpBrHqloDkjMDORyL7vHp8tCloK_rT_6I4OA4EY19edP5rFzXcDxs3_bvd6rAbKq0BqhoPk7exiwoF-z98H5LJH5jJbe4dDOjffY9Bj9w3g5kWvPrs5PpMeAdY4Rap08W1RrijQW_Ta"
"St. Johns River - Buzzard Island","Putnam",2022-05-17,"SJRWMD","No","mixed algae; no dominant species in sample","No","No",,,,,,,,,,,"Anatoxin-a: not detected; Cylindrospermopsin: not detected; Nodularin-R: not detected; Saxitoxins: not detected",,2022-05-17 15:42:00,29.6044666666667,-81.5986,0.3,
"Lake George - Center (LEO)","Volusia",2022-05-17,"SJRWMD","No","mixed algae; no dominant species in sample","No","Yes",0.48,"I (I qualifier indicates that the reported value is between the laboratory method detection limit and the laboratory practical quantitation limit.)",,,,,,,,,"Anatoxin-a: not detected; Cylindrospermopsin: not detected; Nodularin-R: not detected; Saxitoxins: not detected",,2022-05-17 13:15:00,29.3083055555556,-81.6063888888889,0.3,
"Lake Washington - Center (LWC)","Brevard",2022-05-17,"SJRWMD","No","mixed algae; no dominant species in sample","No","Yes",0.49,"I (I qualifier indicates that the reported value is between the laboratory method detection limit and the laboratory practical quantitation limit.)",,,,,,,,,"Anatoxin-a: not detected; Cylindrospermopsin: not detected; Nodularin-R: not detected; Saxitoxins: not detected","HAB Routine Sample",2022-05-17 13:01:00,28.1424182,-80.7451496,0.3,"https://services1.arcgis.com/nRHtyn3uE1kyzoYc/arcgis/rest/services/service_5c5ebb2c750c442da2b09ddcc97bb150/FeatureServer/0/3685/attachments/3301?token=5-9B4_qFJxwE43FpRKmTcizn9xE4gyQzR7iJriH_WSdv7PgrexGGAhHhsGpscZa8SH_qjt0z84tspBh9UZdaQiiM655xl5nYilYijuNFLU5ctgA5UqoDG-yQnKzdu40YNWB8oief-0n4SY_CsI5ZrvtQHd97t_Zf1Jytpde8Gcx1_zdC8Fhz3OKM_JWL5zg6"
"Crescent Lake - near Pomona Landing Rd","Putnam",2022-05-16,"SJRWMD","No","mixed algae; no dominant species in sample","No","No",,,,,,,,,,,"Anatoxin-a: not detected; Cylindrospermopsin: not detected; Nodularin-R: not detected; Saxitoxins: not detected",,2022-05-16 16:26:00,29.5061944444444,-81.5566944444444,0.3,"https://services1.arcgis.com/nRHtyn3uE1kyzoYc/arcgis/rest/services/service_5c5ebb2c750c442da2b09ddcc97bb150/FeatureServer/0/3678/attachments/3294?token=5-9B4_qFJxwE43FpRKmTcizn9xE4gyQzR7iJriH_WSdv7PgrexGGAhHhsGpscZa8SH_qjt0z84tspBh9UZdaQiiM655xl5nYilYijuNFLU5ctgA5UqoDG-yQnKzdu40YNWB8oief-0n4SY_CsI5ZrvtQHd97t_Zf1Jytpde8Gcx1_zdC8Fhz3OKM_JWL5zg6"
"Crescent Lake - mouth of Dunns Creek (CRESLM)","Putnam",2022-05-16,"SJRWMD","No","mixed algae; no dominant species in sample","No","Yes",0.3,"I (I qualifier indicates that the reported value is between the laboratory method detection limit and the laboratory practical quantitation limit.)",,,,,,,,,"Anatoxin-a: not detected; Cylindrospermopsin: not detected; Nodularin-R: not detected; Saxitoxins: not detected",,2022-05-16 16:10:00,29.5295555555556,-81.5537222222222,0.3,"https://services1.arcgis.com/nRHtyn3uE1kyzoYc/arcgis/rest/services/service_5c5ebb2c750c442da2b09ddcc97bb150/FeatureServer/0/3677/attachments/3293?token=5-9B4_qFJxwE43FpRKmTcizn9xE4gyQzR7iJriH_WSdv7PgrexGGAhHhsGpscZa8SH_qjt0z84tspBh9UZdaQiiM655xl5nYilYijuNFLU5ctgA5UqoDG-yQnKzdu40YNWB8oief-0n4SY_CsI5ZrvtQHd97t_Zf1Jytpde8Gcx1_zdC8Fhz3OKM_JWL5zg6"
"Lake Wauberg - NW near Regatta Dr","Alachua",2022-05-16,"County","Yes","Dominant taxon: Microcystis wesenbergii","Yes","Yes",1.9,"I (I qualifier indicates that the reported value is between the laboratory method detection limit and the laboratory practical quantitation limit.)",,,,,,,,,"Anatoxin-a: not detected; Cylindrospermopsin: not detected; Nodularin-R: not detected",,2022-05-16 15:30:00,29.533818206679,-82.3050603866565,3.9,
"Camps Canal - CR 234","Alachua",2022-05-16,"County","Yes","Dominant taxon: Microcystis wesenbergii","Yes","No",,,,,,,,,,,"Anatoxin-a: not detected; Cylindrospermopsin: not detected; Nodularin-R: not detected",,2022-05-16 14:00:00,29.576,-82.25,1.1,"https://services1.arcgis.com/nRHtyn3uE1kyzoYc/arcgis/rest/services/service_5c5ebb2c750c442da2b09ddcc97bb150/FeatureServer/0/3719/attachments/3340?token=5-9B4_qFJxwE43FpRKmTcizn9xE4gyQzR7iJriH_WSdv7PgrexGGAhHhsGpscZa8SH_qjt0z84tspBh9UZdaQiiM655xl5nYilYijuNFLU5ctgA5UqoDG-yQnKzdu40YNWB8oief-0n4SY_CsI5ZrvtQHd97t_Zf1Jytpde8Gcx1_zdC8Fhz3OKM_JWL5zg6"
"Lake Winnott - 147 Bakers Acres Dr","Putnam",2022-05-12,"DEP_NE_ROC","No","mixed algae; no dominant species in sample","No","No",,,,,,,,,,,"Anatoxin-a: not detected; Cylindrospermopsin: not detected; Nodularin-R: not detected; Saxitoxins: not detected",,2022-05-12 17:45:00,29.65112,-82.04719,0.3,"https://services1.arcgis.com/nRHtyn3uE1kyzoYc/arcgis/rest/services/service_5c5ebb2c750c442da2b09ddcc97bb150/FeatureServer/0/3671/attachments/3278?token=5-9B4_qFJxwE43FpRKmTcizn9xE4gyQzR7iJriH_WSdv7PgrexGGAhHhsGpscZa8SH_qjt0z84tspBh9UZdaQiiM655xl5nYilYijuNFLU5ctgA5UqoDG-yQnKzdu40YNWB8oief-0n4SY_CsI5ZrvtQHd97t_Zf1Jytpde8Gcx1_zdC8Fhz3OKM_JWL5zg6"
"Lake Winnott - 147 Bakers Acres Dr","Putnam",2022-05-12,"NEROC","No","mixed algae; no dominant species in sample","No","No",,,,,,,,,,,"Anatoxin-a: not detected; Cylindrospermopsin: not detected; Nodularin-R: not detected; Saxitoxins: not detected",,2022-05-12 17:45:00,29.65112,-82.04719,0.3,"https://services1.arcgis.com/nRHtyn3uE1kyzoYc/ArcGIS/rest/services/service_c1026ff3b55f468d9f2edd834cb807f8/FeatureServer/0/5287/attachments/1689?token=esFGg2N_4QUkCtU1tiMztDW4hm2M0GdusSqnOkviQULZsKWy6cHlYSpBrHqloDkjMDORyL7vHp8tCloK_rT_6I4OA4EY19edP5rFzXcDxs3_bvd6rAbKq0BqhoPk7exiwoF-z98H5LJH5jJbe4dDOjffY9Bj9w3g5kWvPrs5PpMeAdY4Rap08W1RrijQW_Ta"
"Santa Fe Lake - Melrose Bay","Alachua",2022-05-12,"DEP_NE_ROC","No","Dominant taxon: Aphanizomenon flos-aquae","Yes","No",,,,,,,,,,,"Anatoxin-a: not detected; Cylindrospermopsin: not detected; Nodularin-R: not detected; Saxitoxins: not detected",,2022-05-12 17:00:00,29.71617,-82.05169,0.3,"https://services1.arcgis.com/nRHtyn3uE1kyzoYc/arcgis/rest/services/service_5c5ebb2c750c442da2b09ddcc97bb150/FeatureServer/0/3672/attachments/3275?token=5-9B4_qFJxwE43FpRKmTcizn9xE4gyQzR7iJriH_WSdv7PgrexGGAhHhsGpscZa8SH_qjt0z84tspBh9UZdaQiiM655xl5nYilYijuNFLU5ctgA5UqoDG-yQnKzdu40YNWB8oief-0n4SY_CsI5ZrvtQHd97t_Zf1Jytpde8Gcx1_zdC8Fhz3OKM_JWL5zg6"
"Santa Fe Lake - Melrose Bay","Alachua",2022-05-12,"NEROC","No","Dominant taxon: Aphanizomenon flos-aquae","Yes","No",,,,,,,,,,,"Anatoxin-a: not detected; Cylindrospermopsin: not detected; Nodularin-R: not detected; Saxitoxins: not detected",,2022-05-12 17:00:00,29.71617,-82.05169,0.3,"https://services1.arcgis.com/nRHtyn3uE1kyzoYc/ArcGIS/rest/services/service_c1026ff3b55f468d9f2edd834cb807f8/FeatureServer/0/5288/attachments/1692?token=esFGg2N_4QUkCtU1tiMztDW4hm2M0GdusSqnOkviQULZsKWy6cHlYSpBrHqloDkjMDORyL7vHp8tCloK_rT_6I4OA4EY19edP5rFzXcDxs3_bvd6rAbKq0BqhoPk7exiwoF-z98H5LJH5jJbe4dDOjffY9Bj9w3g5kWvPrs5PpMeAdY4Rap08W1RrijQW_Ta"
"Lake Sue - Lakeshore Dr. West Lobe","Orange",2022-05-12,"DEP_CEN_ROC","No","Dominant taxon: Microcystis aeruginosa","Yes","No",,,,,,,,,,,"Anatoxin-a: not detected; Cylindrospermopsin: not detected; Nodularin-R: not detected",,2022-05-12 16:24:00,28.5769192,-81.3595279,0.31,
"Lake Sue - Lakeshore Dr West Lobe","Orange",2022-05-12,"CEROC","No","Dominant taxon: Microcystis aeruginosa","Yes","No",,,,,,,,,,,"Anatoxin-a: not detected; Cylindrospermopsin: not detected; Nodularin-R: not detected",,2022-05-12 16:24:00,28.5769192,-81.3595279,0.31,
"Lake Ivanhoe - Center of Eastern Lobe","Orange",2022-05-12,"DEP_CEN_ROC","Yes","Co-dominant taxa were: Microcystis aeruginosa and Cylindrospermopsis raciborskii","Yes","No",,,,,,,,,,,"Anatoxin-a: not detected; Cylindrospermopsin: not detected; Nodularin-R: not detected",,2022-05-12 15:26:00,28.5624,-81.3752,0.309,
"Lake Ivanhoe - Center of Eastern Lobe","Orange",2022-05-12,"CEROC","Yes","Co-dominant taxa were: Microcystis aeruginosa and Cylindrospermopsis raciborskii","Yes","No",,,,,,,,,,,"Anatoxin-a: not detected; Cylindrospermopsin: not detected; Nodularin-R: not detected",,2022-05-12 15:26:00,28.5624,-81.3752,0.309,
"Newnan's Lake - near Windsor Park","Alachua",2022-05-12,"DEP_NE_ROC","Yes","Co-dominant taxa were: Microcystis aeruginosa and Microcystis wesenbergii","Yes","Yes",0.31,"I (I qualifier indicates that the reported value is between the laboratory method detection limit and the laboratory practical quantitation limit.)",,,,,,,,,"Anatoxin-a: not detected; Cylindrospermopsin: not detected; Nodularin-R: not detected; Saxitoxins: not detected",,2022-05-12 15:20:00,29.63664,-82.20224,0.3,"https://services1.arcgis.com/nRHtyn3uE1kyzoYc/arcgis/rest/services/service_5c5ebb2c750c442da2b09ddcc97bb150/FeatureServer/0/3670/attachments/3269?token=5-9B4_qFJxwE43FpRKmTcizn9xE4gyQzR7iJriH_WSdv7PgrexGGAhHhsGpscZa8SH_qjt0z84tspBh9UZdaQiiM655xl5nYilYijuNFLU5ctgA5UqoDG-yQnKzdu40YNWB8oief-0n4SY_CsI5ZrvtQHd97t_Zf1Jytpde8Gcx1_zdC8Fhz3OKM_JWL5zg6"
"Newnans Lake - near Windsor Park","Alachua",2022-05-12,"NEROC","Yes","Co-dominant taxa were: Microcystis aeruginosa and Microcystis wesenbergii","Yes","Yes",0.31,"I (I qualifier indicates that the reported value is between the laboratory method detection limit and the laboratory practical quantitation limit.)",,,,,,,,,"Anatoxin-a: not detected; Cylindrospermopsin: not detected; Nodularin-R: not detected; Saxitoxins: not detected",,2022-05-12 15:20:00,29.63664,-82.20224,0.3,"https://services1.arcgis.com/nRHtyn3uE1kyzoYc/ArcGIS/rest/services/service_c1026ff3b55f468d9f2edd834cb807f8/FeatureServer/0/5286/attachments/1686?token=esFGg2N_4QUkCtU1tiMztDW4hm2M0GdusSqnOkviQULZsKWy6cHlYSpBrHqloDkjMDORyL7vHp8tCloK_rT_6I4OA4EY19edP5rFzXcDxs3_bvd6rAbKq0BqhoPk7exiwoF-z98H5LJH5jJbe4dDOjffY9Bj9w3g5kWvPrs5PpMeAdY4Rap08W1RrijQW_Ta"
"Lake Mann - McQueen Park","Orange",2022-05-12,"DEP_CEN_ROC","Yes","Dominant taxon: Microcystis aeruginosa","Yes","Yes",0.47,"I (I qualifier indicates that the reported value is between the laboratory method detection limit and the laboratory practical quantitation limit.)",,,,,,,,,"Anatoxin-a: not detected; Cylindrospermopsin: not detected; Nodularin-R: not detected","Signs of a slight bloom",2022-05-12 14:40:00,28.5344713,-81.4235901,0.3,
"Lake Mann - McQueen Park","Orange",2022-05-12,"CEROC","Yes","Dominant taxon: Microcystis aeruginosa","Yes","Yes",0.47,"I (I qualifier indicates that the reported value is between the laboratory method detection limit and the laboratory practical quantitation limit.)",,,,,,,,,"Anatoxin-a: not detected; Cylindrospermopsin: not detected; Nodularin-R: not detected","Signs of a slight bloom",2022-05-12 14:40:00,28.5344713,-81.4235901,0.3,
"Dead River Canal - Bluegill Ave","Lake",2022-05-11,"DEP_CEN_ROC","No","mixed algae; no dominant species in sample","No","No",,,,,,,,,,,"Anatoxin-a: not detected; Cylindrospermopsin: not detected; Nodularin-R: not detected","Floating plants gone",2022-05-11 18:05:00,28.8152,-81.7737,0.3,"https://services1.arcgis.com/nRHtyn3uE1kyzoYc/arcgis/rest/services/service_5c5ebb2c750c442da2b09ddcc97bb150/FeatureServer/0/3664/attachments/3268?token=5-9B4_qFJxwE43FpRKmTcizn9xE4gyQzR7iJriH_WSdv7PgrexGGAhHhsGpscZa8SH_qjt0z84tspBh9UZdaQiiM655xl5nYilYijuNFLU5ctgA5UqoDG-yQnKzdu40YNWB8oief-0n4SY_CsI5ZrvtQHd97t_Zf1Jytpde8Gcx1_zdC8Fhz3OKM_JWL5zg6"
"Dead River Canal - Bluegill Ave","Lake",2022-05-11,"CEROC","No","mixed algae; no dominant species in sample","No","No",,,,,,,,,,,"Anatoxin-a: not detected; Cylindrospermopsin: not detected; Nodularin-R: not detected","Floating plants gone",2022-05-11 18:05:00,28.8152,-81.7737,0.3,"https://services1.arcgis.com/nRHtyn3uE1kyzoYc/ArcGIS/rest/services/service_c1026ff3b55f468d9f2edd834cb807f8/FeatureServer/0/5280/attachments/1685?token=esFGg2N_4QUkCtU1tiMztDW4hm2M0GdusSqnOkviQULZsKWy6cHlYSpBrHqloDkjMDORyL7vHp8tCloK_rT_6I4OA4EY19edP5rFzXcDxs3_bvd6rAbKq0BqhoPk7exiwoF-z98H5LJH5jJbe4dDOjffY9Bj9w3g5kWvPrs5PpMeAdY4Rap08W1RrijQW_Ta"
"Lake Harris - S of Monkey Island","Lake",2022-05-11,"DEP_CEN_ROC","Yes","Co-dominant taxa were: Microcystis aeruginosa and Cylindrospermopsis raciborskii","Yes","No",,,,,,,,,,,"Anatoxin-a: not detected; Cylindrospermopsin: not detected; Nodularin-R: not detected",,2022-05-11 17:29:00,28.7992834,-81.870783,0.3,
"Lake Harris - S of Monkey Island","Lake",2022-05-11,"CEROC","Yes","Co-dominant taxa were: Microcystis aeruginosa and Cylindrospermopsis raciborskii","Yes","No",,,,,,,,,,,"Anatoxin-a: not detected; Cylindrospermopsin: not detected; Nodularin-R: not detected",,2022-05-11 17:29:00,28.7992834,-81.870783,0.3,
"Lake Griffin - South Lobe","Lake",2022-05-11,"DEP_CEN_ROC","Yes","Dominant taxon: Cylindrospermopsis raciborskii","Yes","No",,,,,,,,,,,"Anatoxin-a: not detected; Cylindrospermopsin: not detected; Nodularin-R: not detected","Lake green",2022-05-11 16:52:00,28.8252,-81.8642,0.3,
"Lake Griffin - South Lobe","Lake",2022-05-11,"CEROC","Yes","Dominant taxon: Cylindrospermopsis raciborskii","Yes","No",,,,,,,,,,,"Anatoxin-a: not detected; Cylindrospermopsin: not detected; Nodularin-R: not detected","Lake green",2022-05-11 16:52:00,28.8252,-81.8642,0.3,
"Lake Jesup - Center (OW-CTR)","Seminole",2022-05-11,"SJRWMD","No","mixed algae; no dominant species in sample","No","Yes",0.28,"I (I qualifier indicates that the reported value is between the laboratory method detection limit and the laboratory practical quantitation limit.)",,,,,,,,,"Anatoxin-a: not detected; Cylindrospermopsin: not detected; Nodularin-R: not detected; Saxitoxins: not detected",,2022-05-11 15:24:00,28.7268,-81.2111,0.3,
"Lake Monroe - Center (LMAC)","Volusia",2022-05-11,"SJRWMD","No","mixed algae; no dominant species in sample","No","No",,,,,,,,,,,"Anatoxin-a: not detected; Cylindrospermopsin: not detected; Nodularin-R: not detected; Saxitoxins: not detected",,2022-05-11 13:24:00,28.83496,-81.27091,0.3,
"Blue Cypress Lake - Center (BCL)","IndianRiver",2022-05-10,"SJRWMD","No","Dominant taxon: Microcystis aeruginosa","Yes","No",,,,,,,,,,,"Anatoxin-a: not detected; Cylindrospermopsin: not detected; Nodularin-R: not detected; Saxitoxins: not detected","HAB Routine Sample",2022-05-10 15:15:00,27.72666,-80.7537515,0.3,"https://services1.arcgis.com/nRHtyn3uE1kyzoYc/arcgis/rest/services/service_5c5ebb2c750c442da2b09ddcc97bb150/FeatureServer/0/3658/attachments/3261?token=5-9B4_qFJxwE43FpRKmTcizn9xE4gyQzR7iJriH_WSdv7PgrexGGAhHhsGpscZa8SH_qjt0z84tspBh9UZdaQiiM655xl5nYilYijuNFLU5ctgA5UqoDG-yQnKzdu40YNWB8oief-0n4SY_CsI5ZrvtQHd97t_Zf1Jytpde8Gcx1_zdC8Fhz3OKM_JWL5zg6"
"Stickmarsh - North (STKM)","IndianRiver",2022-05-10,"SJRWMD","No","mixed algae; no dominant species in sample","No","Yes",0.27,"I (I qualifier indicates that the reported value is between the laboratory method detection limit and the laboratory practical quantitation limit.)",0.33,"I (I qualifier indicates that the reported value is between the laboratory method detection limit and the laboratory practical quantitation limit.)",,,,,,,"Anatoxin-a: not detected; Cylindrospermopsin: 0.33 I (I qualifier indicates that the reported value is between the laboratory method detection limit and the laboratory practical quantitation limit.); Nodularin-R: not detected; Saxitoxins: not detected","HAB Routine Sample",2022-05-10 13:28:00,27.8103386,-80.7247378,0.3,"https://services1.arcgis.com/nRHtyn3uE1kyzoYc/arcgis/rest/services/service_5c5ebb2c750c442da2b09ddcc97bb150/FeatureServer/0/3657/attachments/3259?token=5-9B4_qFJxwE43FpRKmTcizn9xE4gyQzR7iJriH_WSdv7PgrexGGAhHhsGpscZa8SH_qjt0z84tspBh9UZdaQiiM655xl5nYilYijuNFLU5ctgA5UqoDG-yQnKzdu40YNWB8oief-0n4SY_CsI5ZrvtQHd97t_Zf1Jytpde8Gcx1_zdC8Fhz3OKM_JWL5zg6"
"Stick Marsh - North (STKM)","IndianRiver",2022-05-10,"SJRWMD","No","mixed algae; no dominant species in sample","No","Yes",0.27,"I (I qualifier indicates that the reported value is between the laboratory method detection limit and the laboratory practical quantitation limit.)",0.33,"I (I qualifier indicates that the reported value is between the laboratory method detection limit and the laboratory practical quantitation limit.)",,,,,,,"Anatoxin-a: not detected; Cylindrospermopsin: 0.33 I (I qualifier indicates that the reported value is between the laboratory method detection limit and the laboratory practical quantitation limit.); Nodularin-R: not detected; Saxitoxins: not detected","HAB Routine Sample",2022-05-10 13:28:00,27.8103386,-80.7247378,0.3,"https://services1.arcgis.com/nRHtyn3uE1kyzoYc/ArcGIS/rest/services/service_c1026ff3b55f468d9f2edd834cb807f8/FeatureServer/0/5275/attachments/1681?token=esFGg2N_4QUkCtU1tiMztDW4hm2M0GdusSqnOkviQULZsKWy6cHlYSpBrHqloDkjMDORyL7vHp8tCloK_rT_6I4OA4EY19edP5rFzXcDxs3_bvd6rAbKq0BqhoPk7exiwoF-z98H5LJH5jJbe4dDOjffY9Bj9w3g5kWvPrs5PpMeAdY4Rap08W1RrijQW_Ta"
"Bivens Lake - outflow at US441","Alachua",2022-05-09,"County","Yes","Dominant taxon: Microcystis aeruginosa","Yes","Yes",4,,,,,,,,,,"Anatoxin-a: not detected; Cylindrospermopsin: not detected; Nodularin-R: not detected",,2022-05-09 17:45:00,29.6216111111111,-82.3400833333333,0.5,
"Lake Griffin - at easement","Seminole",2022-05-05,"DEP_CEN_ROC","Yes","Dominant taxon: Microcystis aeruginosa","Yes","Yes",0.47,"I (I qualifier indicates that the reported value is between the laboratory method detection limit and the laboratory practical quantitation limit.)",,,,,,,,,"Anatoxin-a: not detected; Cylindrospermopsin: not detected; Nodularin-R: not detected","Bloom no longer turbid, only small globs suspended in water column",2022-05-05 18:14:00,28.679691,-81.3391082,0.3,"https://services1.arcgis.com/nRHtyn3uE1kyzoYc/arcgis/rest/services/service_5c5ebb2c750c442da2b09ddcc97bb150/FeatureServer/0/3642/attachments/3246?token=5-9B4_qFJxwE43FpRKmTcizn9xE4gyQzR7iJriH_WSdv7PgrexGGAhHhsGpscZa8SH_qjt0z84tspBh9UZdaQiiM655xl5nYilYijuNFLU5ctgA5UqoDG-yQnKzdu40YNWB8oief-0n4SY_CsI5ZrvtQHd97t_Zf1Jytpde8Gcx1_zdC8Fhz3OKM_JWL5zg6"
"Lake Griffin - at easement","Seminole",2022-05-05,"CEROC","Yes","Dominant taxon: Microcystis aeruginosa","Yes","Yes",0.47,"I (I qualifier indicates that the reported value is between the laboratory method detection limit and the laboratory practical quantitation limit.)",,,,,,,,,"Anatoxin-a: not detected; Cylindrospermopsin: not detected; Nodularin-R: not detected","Bloom no longer turbid, only small globs suspended in water column",2022-05-05 18:14:00,28.679691,-81.3391082,0.3,"https://services1.arcgis.com/nRHtyn3uE1kyzoYc/ArcGIS/rest/services/service_c1026ff3b55f468d9f2edd834cb807f8/FeatureServer/0/5260/attachments/1668?token=esFGg2N_4QUkCtU1tiMztDW4hm2M0GdusSqnOkviQULZsKWy6cHlYSpBrHqloDkjMDORyL7vHp8tCloK_rT_6I4OA4EY19edP5rFzXcDxs3_bvd6rAbKq0BqhoPk7exiwoF-z98H5LJH5jJbe4dDOjffY9Bj9w3g5kWvPrs5PpMeAdY4Rap08W1RrijQW_Ta"
"Lake Kathryn - West Lobe","Seminole",2022-05-05,"DEP_CEN_ROC","No","Dominant taxon: Microcystis aeruginosa","Yes","Yes",0.34,"I (I qualifier indicates that the reported value is between the laboratory method detection limit and the laboratory practical quantitation limit.)",,,,,,,,,"Anatoxin-a: not detected; Cylindrospermopsin: not detected; Nodularin-R: not detected",,2022-05-05 17:50:00,28.6843735,-81.3327393,0.3,"https://services1.arcgis.com/nRHtyn3uE1kyzoYc/arcgis/rest/services/service_5c5ebb2c750c442da2b09ddcc97bb150/FeatureServer/0/3641/attachments/3244?token=5-9B4_qFJxwE43FpRKmTcizn9xE4gyQzR7iJriH_WSdv7PgrexGGAhHhsGpscZa8SH_qjt0z84tspBh9UZdaQiiM655xl5nYilYijuNFLU5ctgA5UqoDG-yQnKzdu40YNWB8oief-0n4SY_CsI5ZrvtQHd97t_Zf1Jytpde8Gcx1_zdC8Fhz3OKM_JWL5zg6"
"Lake Kathryn - West Lobe","Seminole",2022-05-05,"CEROC","No","Dominant taxon: Microcystis aeruginosa","Yes","Yes",0.34,"I (I qualifier indicates that the reported value is between the laboratory method detection limit and the laboratory practical quantitation limit.)",,,,,,,,,"Anatoxin-a: not detected; Cylindrospermopsin: not detected; Nodularin-R: not detected",,2022-05-05 17:50:00,28.6843735,-81.3327393,0.3,"https://services1.arcgis.com/nRHtyn3uE1kyzoYc/ArcGIS/rest/services/service_c1026ff3b55f468d9f2edd834cb807f8/FeatureServer/0/5259/attachments/1666?token=esFGg2N_4QUkCtU1tiMztDW4hm2M0GdusSqnOkviQULZsKWy6cHlYSpBrHqloDkjMDORyL7vHp8tCloK_rT_6I4OA4EY19edP5rFzXcDxs3_bvd6rAbKq0BqhoPk7exiwoF-z98H5LJH5jJbe4dDOjffY9Bj9w3g5kWvPrs5PpMeAdY4Rap08W1RrijQW_Ta"
"Lake Wauberg - Center","Alachua",2022-05-04,"DEP_NE_ROC","Yes","Co-dominant taxa were: Microcystis aeruginosa and Microcystis wesenbergii","Yes","Yes",1.5,"I (I qualifier indicates that the reported value is between the laboratory method detection limit and the laboratory practical quantitation limit.)",,,,,,,,,"Anatoxin-a: not detected; Cylindrospermopsin: not detected; Nodularin-R: not detected; Saxitoxins: not detected","Very pea green water.",2022-05-04 19:05:00,29.53032,-82.30233,0.3,"https://services1.arcgis.com/nRHtyn3uE1kyzoYc/arcgis/rest/services/service_5c5ebb2c750c442da2b09ddcc97bb150/FeatureServer/0/3637/attachments/3235?token=5-9B4_qFJxwE43FpRKmTcizn9xE4gyQzR7iJriH_WSdv7PgrexGGAhHhsGpscZa8SH_qjt0z84tspBh9UZdaQiiM655xl5nYilYijuNFLU5ctgA5UqoDG-yQnKzdu40YNWB8oief-0n4SY_CsI5ZrvtQHd97t_Zf1Jytpde8Gcx1_zdC8Fhz3OKM_JWL5zg6"
"Lake Wauberg - Center","Alachua",2022-05-04,"NEROC","Yes","Co-dominant taxa were: Microcystis aeruginosa and Microcystis wesenbergii","Yes","Yes",1.5,"I (I qualifier indicates that the reported value is between the laboratory method detection limit and the laboratory practical quantitation limit.)",,,,,,,,,"Anatoxin-a: not detected; Cylindrospermopsin: not detected; Nodularin-R: not detected; Saxitoxins: not detected","Very pea green water.",2022-05-04 19:05:00,29.53032,-82.30233,0.3,"https://services1.arcgis.com/nRHtyn3uE1kyzoYc/ArcGIS/rest/services/service_c1026ff3b55f468d9f2edd834cb807f8/FeatureServer/0/5255/attachments/1657?token=esFGg2N_4QUkCtU1tiMztDW4hm2M0GdusSqnOkviQULZsKWy6cHlYSpBrHqloDkjMDORyL7vHp8tCloK_rT_6I4OA4EY19edP5rFzXcDxs3_bvd6rAbKq0BqhoPk7exiwoF-z98H5LJH5jJbe4dDOjffY9Bj9w3g5kWvPrs5PpMeAdY4Rap08W1RrijQW_Ta"
"183rd Ave Canal - off Cross Creek","Alachua",2022-05-04,"DEP_NE_ROC","Yes","Dominant taxon: Microcystis aeruginosa","Yes","Yes",2.1,,,,,,,,,,"Anatoxin-a: not detected; Cylindrospermopsin: not detected; Nodularin-R: not detected; Saxitoxins: not detected","Very low oxygen. Very little flow.",2022-05-04 16:55:00,29.48501,-82.16323,0.3,"https://services1.arcgis.com/nRHtyn3uE1kyzoYc/arcgis/rest/services/service_5c5ebb2c750c442da2b09ddcc97bb150/FeatureServer/0/3638/attachments/3238?token=5-9B4_qFJxwE43FpRKmTcizn9xE4gyQzR7iJriH_WSdv7PgrexGGAhHhsGpscZa8SH_qjt0z84tspBh9UZdaQiiM655xl5nYilYijuNFLU5ctgA5UqoDG-yQnKzdu40YNWB8oief-0n4SY_CsI5ZrvtQHd97t_Zf1Jytpde8Gcx1_zdC8Fhz3OKM_JWL5zg6"
"183rd Ave Canal - off Cross Creek","Alachua",2022-05-04,"NEROC","Yes","Dominant taxon: Microcystis aeruginosa","Yes","Yes",2.1,,,,,,,,,,"Anatoxin-a: not detected; Cylindrospermopsin: not detected; Nodularin-R: not detected; Saxitoxins: not detected","Very low oxygen. Very little flow.",2022-05-04 16:55:00,29.48501,-82.16323,0.3,"https://services1.arcgis.com/nRHtyn3uE1kyzoYc/ArcGIS/rest/services/service_c1026ff3b55f468d9f2edd834cb807f8/FeatureServer/0/5256/attachments/1660?token=esFGg2N_4QUkCtU1tiMztDW4hm2M0GdusSqnOkviQULZsKWy6cHlYSpBrHqloDkjMDORyL7vHp8tCloK_rT_6I4OA4EY19edP5rFzXcDxs3_bvd6rAbKq0BqhoPk7exiwoF-z98H5LJH5jJbe4dDOjffY9Bj9w3g5kWvPrs5PpMeAdY4Rap08W1RrijQW_Ta"
"Orange Lake - Center","Alachua",2022-05-04,"DEP_NE_ROC","Yes","Co-dominant taxa were: Microcystis aeruginosa and Microcystis wesenbergii","Yes","Yes",0.89,"I (I qualifier indicates that the reported value is between the laboratory method detection limit and the laboratory practical quantitation limit.)",,,,,,,,,"Anatoxin-a: not detected; Cylindrospermopsin: not detected; Nodularin-R: not detected; Saxitoxins: not detected","Weather: Sunnny. Algae seen evenly distributed on water surface and in water column.",2022-05-04 16:10:00,29.4656,-82.17754,0.3,
"Orange Lake - Center","Alachua",2022-05-04,"NEROC","Yes","Co-dominant taxa were: Microcystis aeruginosa and Microcystis wesenbergii","Yes","Yes",0.89,"I (I qualifier indicates that the reported value is between the laboratory method detection limit and the laboratory practical quantitation limit.)",,,,,,,,,"Anatoxin-a: not detected; Cylindrospermopsin: not detected; Nodularin-R: not detected; Saxitoxins: not detected","Weather: Sunnny. Algae seen evenly distributed on water surface and in water column.",2022-05-04 16:10:00,29.4656,-82.17754,0.3,
"Orange Lake - McIntosh Bay","Alachua",2022-05-04,"DEP_NE_ROC","Yes","Dominant taxon: Microcystis aeruginosa","Yes","Yes",0.85,"I (I qualifier indicates that the reported value is between the laboratory method detection limit and the laboratory practical quantitation limit.)",,,,,,,,,"Anatoxin-a: not detected; Cylindrospermopsin: not detected; Nodularin-R: not detected; Saxitoxins: not detected","Weather: Sunny. Specks of algae seen distributed on surface and with in water column.",2022-05-04 15:40:00,29.43618,-82.19034,0.3,"https://services1.arcgis.com/nRHtyn3uE1kyzoYc/arcgis/rest/services/service_5c5ebb2c750c442da2b09ddcc97bb150/FeatureServer/0/3636/attachments/3232?token=5-9B4_qFJxwE43FpRKmTcizn9xE4gyQzR7iJriH_WSdv7PgrexGGAhHhsGpscZa8SH_qjt0z84tspBh9UZdaQiiM655xl5nYilYijuNFLU5ctgA5UqoDG-yQnKzdu40YNWB8oief-0n4SY_CsI5ZrvtQHd97t_Zf1Jytpde8Gcx1_zdC8Fhz3OKM_JWL5zg6"
"Orange Lake - McIntosh Bay","Alachua",2022-05-04,"NEROC","Yes","Dominant taxon: Microcystis aeruginosa","Yes","Yes",0.85,"I (I qualifier indicates that the reported value is between the laboratory method detection limit and the laboratory practical quantitation limit.)",,,,,,,,,"Anatoxin-a: not detected; Cylindrospermopsin: not detected; Nodularin-R: not detected; Saxitoxins: not detected","Weather: Sunny. Specks of algae seen distributed on surface and with in water column.",2022-05-04 15:40:00,29.43618,-82.19034,0.3,"https://services1.arcgis.com/nRHtyn3uE1kyzoYc/ArcGIS/rest/services/service_c1026ff3b55f468d9f2edd834cb807f8/FeatureServer/0/5254/attachments/1654?token=esFGg2N_4QUkCtU1tiMztDW4hm2M0GdusSqnOkviQULZsKWy6cHlYSpBrHqloDkjMDORyL7vHp8tCloK_rT_6I4OA4EY19edP5rFzXcDxs3_bvd6rAbKq0BqhoPk7exiwoF-z98H5LJH5jJbe4dDOjffY9Bj9w3g5kWvPrs5PpMeAdY4Rap08W1RrijQW_Ta"
"Doctors Lake - end of Lawrence Rd","Clay",2022-05-02,"DEP_NE_ROC","Yes","Dominant taxon: Dolichospermum circinale","Yes","No",,,,,,,,,,,"Anatoxin-a: not detected; Cylindrospermopsin: not detected; Nodularin-R: not detected; Saxitoxins: not detected",,2022-05-02 15:00:00,30.1296566468903,-81.7518417450512,0.3,"https://services1.arcgis.com/nRHtyn3uE1kyzoYc/arcgis/rest/services/service_5c5ebb2c750c442da2b09ddcc97bb150/FeatureServer/0/3605/attachments/3216?token=5-9B4_qFJxwE43FpRKmTcizn9xE4gyQzR7iJriH_WSdv7PgrexGGAhHhsGpscZa8SH_qjt0z84tspBh9UZdaQiiM655xl5nYilYijuNFLU5ctgA5UqoDG-yQnKzdu40YNWB8oief-0n4SY_CsI5ZrvtQHd97t_Zf1Jytpde8Gcx1_zdC8Fhz3OKM_JWL5zg6"
"Doctors Lake - end of Lawrence Rd","Clay",2022-05-02,"NEROC","Yes","Dominant taxon: Dolichospermum circinale","Yes","No",,,,,,,,,,,"Anatoxin-a: not detected; Cylindrospermopsin: not detected; Nodularin-R: not detected; Saxitoxins: not detected",,2022-05-02 15:00:00,30.1296566468903,-81.7518417450512,0.3,"https://services1.arcgis.com/nRHtyn3uE1kyzoYc/ArcGIS/rest/services/service_c1026ff3b55f468d9f2edd834cb807f8/FeatureServer/0/5224/attachments/1639?token=esFGg2N_4QUkCtU1tiMztDW4hm2M0GdusSqnOkviQULZsKWy6cHlYSpBrHqloDkjMDORyL7vHp8tCloK_rT_6I4OA4EY19edP5rFzXcDxs3_bvd6rAbKq0BqhoPk7exiwoF-z98H5LJH5jJbe4dDOjffY9Bj9w3g5kWvPrs5PpMeAdY4Rap08W1RrijQW_Ta"
"Swimming Pen Creek - Whitey's Fish Camp","Clay",2022-05-02,"DEP_NE_ROC","Yes","Dominant taxon: Aphanizomenon flos-aquae","Yes","No",,,,,,,,,,,"Anatoxin-a: not detected; Cylindrospermopsin: not detected; Nodularin-R: not detected; Saxitoxins: not detected",,2022-05-02 14:15:00,30.100860668579,-81.7461638693996,0.3,"https://services1.arcgis.com/nRHtyn3uE1kyzoYc/arcgis/rest/services/service_5c5ebb2c750c442da2b09ddcc97bb150/FeatureServer/0/3606/attachments/3218?token=5-9B4_qFJxwE43FpRKmTcizn9xE4gyQzR7iJriH_WSdv7PgrexGGAhHhsGpscZa8SH_qjt0z84tspBh9UZdaQiiM655xl5nYilYijuNFLU5ctgA5UqoDG-yQnKzdu40YNWB8oief-0n4SY_CsI5ZrvtQHd97t_Zf1Jytpde8Gcx1_zdC8Fhz3OKM_JWL5zg6"
"Swimming Pen Creek - Whitey's Fish Camp","Clay",2022-05-02,"NEROC","Yes","Dominant taxon: Aphanizomenon flos-aquae","Yes","No",,,,,,,,,,,"Anatoxin-a: not detected; Cylindrospermopsin: not detected; Nodularin-R: not detected; Saxitoxins: not detected",,2022-05-02 14:15:00,30.100860668579,-81.7461638693996,0.3,"https://services1.arcgis.com/nRHtyn3uE1kyzoYc/ArcGIS/rest/services/service_c1026ff3b55f468d9f2edd834cb807f8/FeatureServer/0/5225/attachments/1641?token=esFGg2N_4QUkCtU1tiMztDW4hm2M0GdusSqnOkviQULZsKWy6cHlYSpBrHqloDkjMDORyL7vHp8tCloK_rT_6I4OA4EY19edP5rFzXcDxs3_bvd6rAbKq0BqhoPk7exiwoF-z98H5LJH5jJbe4dDOjffY9Bj9w3g5kWvPrs5PpMeAdY4Rap08W1RrijQW_Ta"
"Crescent Lake - mouth of Dunns Creek (CRESLM)","Putnam",2022-05-02,"SJRWMD","Yes","Dominant taxon: Microcystis aeruginosa","Yes","Yes",0.58,"I (I qualifier indicates that the reported value is between the laboratory method detection limit and the laboratory practical quantitation limit.)",,,,,,,,,"Anatoxin-a: not detected; Cylindrospermopsin: not detected; Nodularin-R: not detected; Saxitoxins: not detected",,2022-05-02 12:35:00,29.529556,-81.5537222,0.3,
"Crescent Lake - near Pomona Landing Rd","Putnam",2022-05-02,"SJRWMD","Yes","Dominant taxon: Microcystis aeruginosa","Yes","Yes",1.2,"I (I qualifier indicates that the reported value is between the laboratory method detection limit and the laboratory practical quantitation limit.)",,,,,,,,,"Anatoxin-a: not detected; Cylindrospermopsin: not detected; Nodularin-R: not detected; Saxitoxins: not detected",,2022-05-02 12:32:00,29.50535,-81.5572333333333,0.3,
"Lake George - Center (LEO)","Volusia",2022-04-28,"SJRWMD","No","mixed algae; no dominant species in sample","No","No",,,,,,,,,,,"Anatoxin-a: not detected; Cylindrospermopsin: not detected; Nodularin-R: not detected; Saxitoxins: not detected",,2022-04-28 13:36:00,29.3083055555556,-81.6063888888889,0.3,
"Lake Washington - Center (LWC)","Brevard",2022-04-28,"SJRWMD","No","mixed algae; no dominant species in sample","No","No",,,,,,,,,,,"Anatoxin-a: not detected; Cylindrospermopsin: not detected; Nodularin-R: not detected; Saxitoxins: not detected",,2022-04-28 12:35:00,28.1424397,-80.74444652,0.3,"https://services1.arcgis.com/nRHtyn3uE1kyzoYc/arcgis/rest/services/service_5c5ebb2c750c442da2b09ddcc97bb150/FeatureServer/0/3603/attachments/3214?token=5-9B4_qFJxwE43FpRKmTcizn9xE4gyQzR7iJriH_WSdv7PgrexGGAhHhsGpscZa8SH_qjt0z84tspBh9UZdaQiiM655xl5nYilYijuNFLU5ctgA5UqoDG-yQnKzdu40YNWB8oief-0n4SY_CsI5ZrvtQHd97t_Zf1Jytpde8Gcx1_zdC8Fhz3OKM_JWL5zg6"
"Lake Apopka - Newton Park dock","Orange",2022-04-27,"DEP_CEN_ROC","Yes","mixed algae; no dominant species in sample","No","No",,,,,,,,,,,"Anatoxin-a: not detected; Cylindrospermopsin: not detected; Nodularin-R: not detected","Lake very green ",2022-04-27 18:20:00,28.578227,-81.5872109,0.3,"https://services1.arcgis.com/nRHtyn3uE1kyzoYc/arcgis/rest/services/service_5c5ebb2c750c442da2b09ddcc97bb150/FeatureServer/0/3593/attachments/3198?token=5-9B4_qFJxwE43FpRKmTcizn9xE4gyQzR7iJriH_WSdv7PgrexGGAhHhsGpscZa8SH_qjt0z84tspBh9UZdaQiiM655xl5nYilYijuNFLU5ctgA5UqoDG-yQnKzdu40YNWB8oief-0n4SY_CsI5ZrvtQHd97t_Zf1Jytpde8Gcx1_zdC8Fhz3OKM_JWL5zg6"
"Lake Apopka - Newton Park dock","Orange",2022-04-27,"CEROC","Yes","mixed algae; no dominant species in sample","No","No",,,,,,,,,,,"Anatoxin-a: not detected; Cylindrospermopsin: not detected; Nodularin-R: not detected","Lake very green ",2022-04-27 18:20:00,28.578227,-81.5872109,0.3,"https://services1.arcgis.com/nRHtyn3uE1kyzoYc/ArcGIS/rest/services/service_c1026ff3b55f468d9f2edd834cb807f8/FeatureServer/0/5212/attachments/1621?token=esFGg2N_4QUkCtU1tiMztDW4hm2M0GdusSqnOkviQULZsKWy6cHlYSpBrHqloDkjMDORyL7vHp8tCloK_rT_6I4OA4EY19edP5rFzXcDxs3_bvd6rAbKq0BqhoPk7exiwoF-z98H5LJH5jJbe4dDOjffY9Bj9w3g5kWvPrs5PpMeAdY4Rap08W1RrijQW_Ta"
"Lake Griffin - South Lobe","Lake",2022-04-27,"DEP_CEN_ROC","Yes","Dominant taxon: Cylindrospermopsis raciborskii","Yes","No",,,,,,,,,,,"Anatoxin-a: not detected; Cylindrospermopsin: not detected; Nodularin-R: not detected","Whole lake very green",2022-04-27 16:35:00,28.8251933,-81.8641526,0.3,"https://services1.arcgis.com/nRHtyn3uE1kyzoYc/arcgis/rest/services/service_5c5ebb2c750c442da2b09ddcc97bb150/FeatureServer/0/3590/attachments/3195?token=5-9B4_qFJxwE43FpRKmTcizn9xE4gyQzR7iJriH_WSdv7PgrexGGAhHhsGpscZa8SH_qjt0z84tspBh9UZdaQiiM655xl5nYilYijuNFLU5ctgA5UqoDG-yQnKzdu40YNWB8oief-0n4SY_CsI5ZrvtQHd97t_Zf1Jytpde8Gcx1_zdC8Fhz3OKM_JWL5zg6"
"Lake Griffin - South Lobe","Lake",2022-04-27,"CEROC","Yes","Dominant taxon: Cylindrospermopsis raciborskii","Yes","No",,,,,,,,,,,"Anatoxin-a: not detected; Cylindrospermopsin: not detected; Nodularin-R: not detected","Whole lake very green",2022-04-27 16:35:00,28.8251933,-81.8641526,0.3,"https://services1.arcgis.com/nRHtyn3uE1kyzoYc/ArcGIS/rest/services/service_c1026ff3b55f468d9f2edd834cb807f8/FeatureServer/0/5209/attachments/1618?token=esFGg2N_4QUkCtU1tiMztDW4hm2M0GdusSqnOkviQULZsKWy6cHlYSpBrHqloDkjMDORyL7vHp8tCloK_rT_6I4OA4EY19edP5rFzXcDxs3_bvd6rAbKq0BqhoPk7exiwoF-z98H5LJH5jJbe4dDOjffY9Bj9w3g5kWvPrs5PpMeAdY4Rap08W1RrijQW_Ta"
"Lake Jesup - Center (OW-CTR)","Seminole",2022-04-27,"SJRWMD","No","mixed algae; no dominant species in sample","No","No",,,,,,,,,,,"Anatoxin-a: not detected; Cylindrospermopsin: not detected; Nodularin-R: not detected; Saxitoxins: not detected",,2022-04-27 14:35:00,28.7268,-81.2111,0.03,
"Lake Monroe - Center (LMAC)","Volusia",2022-04-27,"SJRWMD","No","mixed algae; no dominant species in sample","No","No",,,,,,,,,,,"Anatoxin-a: not detected; Cylindrospermopsin: not detected; Nodularin-R: not detected; Saxitoxins: not detected",,2022-04-27 14:11:00,28.83496,-81.27091,0.3,
"Lake Harris - Airport Control Station ","Lake",2022-04-26,"DEP_CEN_ROC","Yes","Co-dominant taxa were: Microcystis aeruginosa and Cylindrospermopsis raciborskii","Yes","No",,,,,,,,,,,"Anatoxin-a: not detected; Cylindrospermopsin: not detected; Nodularin-R: not detected",,2022-04-26 16:28:00,28.8102497,-81.8154709,0.3,"https://services1.arcgis.com/nRHtyn3uE1kyzoYc/arcgis/rest/services/service_5c5ebb2c750c442da2b09ddcc97bb150/FeatureServer/0/3589/attachments/3193?token=5-9B4_qFJxwE43FpRKmTcizn9xE4gyQzR7iJriH_WSdv7PgrexGGAhHhsGpscZa8SH_qjt0z84tspBh9UZdaQiiM655xl5nYilYijuNFLU5ctgA5UqoDG-yQnKzdu40YNWB8oief-0n4SY_CsI5ZrvtQHd97t_Zf1Jytpde8Gcx1_zdC8Fhz3OKM_JWL5zg6"
"Lake Harris - Airport Control Station ","Lake",2022-04-26,"CEROC","Yes","Co-dominant taxa were: Microcystis aeruginosa and Cylindrospermopsis raciborskii","Yes","No",,,,,,,,,,,"Anatoxin-a: not detected; Cylindrospermopsin: not detected; Nodularin-R: not detected",,2022-04-26 16:28:00,28.8102497,-81.8154709,0.3,"https://services1.arcgis.com/nRHtyn3uE1kyzoYc/ArcGIS/rest/services/service_c1026ff3b55f468d9f2edd834cb807f8/FeatureServer/0/5208/attachments/1616?token=esFGg2N_4QUkCtU1tiMztDW4hm2M0GdusSqnOkviQULZsKWy6cHlYSpBrHqloDkjMDORyL7vHp8tCloK_rT_6I4OA4EY19edP5rFzXcDxs3_bvd6rAbKq0BqhoPk7exiwoF-z98H5LJH5jJbe4dDOjffY9Bj9w3g5kWvPrs5PpMeAdY4Rap08W1RrijQW_Ta"
"Dead River Canal - Bluegill Ave","Lake",2022-04-26,"DEP_CEN_ROC","Yes","Dominant taxon: Microcystis aeruginosa","Yes","No",,,,,,,,,,,"Anatoxin-a: not detected; Cylindrospermopsin: not detected; Nodularin-R: not detected","Surface of water still covered in floating aquatic vegetation with isolated algae globs",2022-04-26 15:53:00,28.815204,-81.773676,0.3,"https://services1.arcgis.com/nRHtyn3uE1kyzoYc/arcgis/rest/services/service_5c5ebb2c750c442da2b09ddcc97bb150/FeatureServer/0/3588/attachments/3191?token=5-9B4_qFJxwE43FpRKmTcizn9xE4gyQzR7iJriH_WSdv7PgrexGGAhHhsGpscZa8SH_qjt0z84tspBh9UZdaQiiM655xl5nYilYijuNFLU5ctgA5UqoDG-yQnKzdu40YNWB8oief-0n4SY_CsI5ZrvtQHd97t_Zf1Jytpde8Gcx1_zdC8Fhz3OKM_JWL5zg6"
"Dead River Canal - Bluegill Ave","Lake",2022-04-26,"CEROC","Yes","Dominant taxon: Microcystis aeruginosa","Yes","No",,,,,,,,,,,"Anatoxin-a: not detected; Cylindrospermopsin: not detected; Nodularin-R: not detected","Surface of water still covered in floating aquatic vegetation with isolated algae globs",2022-04-26 15:53:00,28.815204,-81.773676,0.3,"https://services1.arcgis.com/nRHtyn3uE1kyzoYc/ArcGIS/rest/services/service_c1026ff3b55f468d9f2edd834cb807f8/FeatureServer/0/5207/attachments/1614?token=esFGg2N_4QUkCtU1tiMztDW4hm2M0GdusSqnOkviQULZsKWy6cHlYSpBrHqloDkjMDORyL7vHp8tCloK_rT_6I4OA4EY19edP5rFzXcDxs3_bvd6rAbKq0BqhoPk7exiwoF-z98H5LJH5jJbe4dDOjffY9Bj9w3g5kWvPrs5PpMeAdY4Rap08W1RrijQW_Ta"
"St. Johns River - Mandarin Point (MP72)","Duval",2022-04-26,"SJRWMD","No","mixed algae; no dominant species in sample","No","No",,,,,,,,,,,"Anatoxin-a: not detected; Cylindrospermopsin: not detected; Nodularin-R: not detected; Saxitoxins: not detected",,2022-04-26 15:23:00,30.1566666666667,-81.6838888888889,0.3,
"Alexander Spring - downstream of vent","Lake",2022-04-26,"DEP_CEN_ROC","No","Co-dominant taxa were: Plectonema wollei and Hydrodictyon reticulatum","Yes","No",,,,,,,,,,,"Anatoxin-a: not detected; Cylindrospermopsin: not detected; Nodularin-R: not detected","Filamentous anchored to the bottom and attached to vegetation",2022-04-26 15:18:00,29.081784,-81.576346,0.3,
"Alexander Spring - downstream of vent","Lake",2022-04-26,"CEROC","No","Co-dominant taxa were: Plectonema wollei and Hydrodictyon reticulatum","Yes","No",,,,,,,,,,,"Anatoxin-a: not detected; Cylindrospermopsin: not detected; Nodularin-R: not detected","Filamentous anchored to the bottom and attached to vegetation",2022-04-26 15:18:00,29.081784,-81.576346,0.3,
"Doctors Lake - Center (DTL)","Clay",2022-04-26,"SJRWMD","No","mixed algae; no dominant species in sample","No","No",,,,,,,,,,,"Anatoxin-a: not detected; Cylindrospermopsin: not detected; Nodularin-R: not detected; Saxitoxins: not detected",,2022-04-26 15:00:00,30.1380555555556,-81.7272222222222,0.3,
"St. Johns River - Shands Bridge (20030157)","StJohns",2022-04-26,"SJRWMD","No","mixed algae; no dominant species in sample","No","No",,,,,,,,,,,"Anatoxin-a: not detected; Cylindrospermopsin: not detected; Nodularin-R: not detected; Saxitoxins: not detected",,2022-04-26 14:02:00,29.9816305555556,-81.6221388888889,0.3,
"Blue Cypress Lake - Center (BCL)","IndianRiver",2022-04-26,"SJRWMD","Yes","Dominant taxon: Microcystis aeruginosa","Yes","No",,,,,,,,,,,"Anatoxin-a: not detected; Cylindrospermopsin: not detected; Nodularin-R: not detected; Saxitoxins: not detected","HAB Routine Sample Bloom observed",2022-04-26 13:23:00,27.7265622992558,-80.7541829076748,0.3,"https://services1.arcgis.com/nRHtyn3uE1kyzoYc/arcgis/rest/services/service_5c5ebb2c750c442da2b09ddcc97bb150/FeatureServer/0/3585/attachments/3186?token=5-9B4_qFJxwE43FpRKmTcizn9xE4gyQzR7iJriH_WSdv7PgrexGGAhHhsGpscZa8SH_qjt0z84tspBh9UZdaQiiM655xl5nYilYijuNFLU5ctgA5UqoDG-yQnKzdu40YNWB8oief-0n4SY_CsI5ZrvtQHd97t_Zf1Jytpde8Gcx1_zdC8Fhz3OKM_JWL5zg6"
"Stickmarsh - North (STKM)","IndianRiver",2022-04-26,"SJRWMD","Yes","Dominant taxon: Microcystis aeruginosa","Yes","No",,,,,,,,,,,"Anatoxin-a: not detected; Cylindrospermopsin: not detected; Nodularin-R: not detected; Saxitoxins: not detected","HAB Routine Sample Bloom observed",2022-04-26 13:10:00,27.8106011,-80.7248164,0.3,"https://services1.arcgis.com/nRHtyn3uE1kyzoYc/arcgis/rest/services/service_5c5ebb2c750c442da2b09ddcc97bb150/FeatureServer/0/3591/attachments/3197?token=5-9B4_qFJxwE43FpRKmTcizn9xE4gyQzR7iJriH_WSdv7PgrexGGAhHhsGpscZa8SH_qjt0z84tspBh9UZdaQiiM655xl5nYilYijuNFLU5ctgA5UqoDG-yQnKzdu40YNWB8oief-0n4SY_CsI5ZrvtQHd97t_Zf1Jytpde8Gcx1_zdC8Fhz3OKM_JWL5zg6"
"Stick Marsh - North (STKM)","IndianRiver",2022-04-26,"SJRWMD","Yes","Dominant taxon: Microcystis aeruginosa","Yes","No",,,,,,,,,,,"Anatoxin-a: not detected; Cylindrospermopsin: not detected; Nodularin-R: not detected; Saxitoxins: not detected","HAB Routine Sample Bloom observed",2022-04-26 13:10:00,27.8106011,-80.7248164,0.3,"https://services1.arcgis.com/nRHtyn3uE1kyzoYc/ArcGIS/rest/services/service_c1026ff3b55f468d9f2edd834cb807f8/FeatureServer/0/5210/attachments/1620?token=esFGg2N_4QUkCtU1tiMztDW4hm2M0GdusSqnOkviQULZsKWy6cHlYSpBrHqloDkjMDORyL7vHp8tCloK_rT_6I4OA4EY19edP5rFzXcDxs3_bvd6rAbKq0BqhoPk7exiwoF-z98H5LJH5jJbe4dDOjffY9Bj9w3g5kWvPrs5PpMeAdY4Rap08W1RrijQW_Ta"
"Lake Sue - Lakeshore Dr. West Lobe","Orange",2022-04-25,"DEP_CEN_ROC","Yes","Dominant taxon: Microcystis aeruginosa","Yes","Yes",0.94,"I (I qualifier indicates that the reported value is between the laboratory method detection limit and the laboratory practical quantitation limit.)",,,,,,,,,"Anatoxin-a: not detected; Cylindrospermopsin: not detected; Nodularin-R: not detected",,2022-04-25 17:24:00,28.5769192,-81.3595279,0.3,
"Lake Sue - Lakeshore Dr West Lobe","Orange",2022-04-25,"CEROC","Yes","Dominant taxon: Microcystis aeruginosa","Yes","Yes",0.94,"I (I qualifier indicates that the reported value is between the laboratory method detection limit and the laboratory practical quantitation limit.)",,,,,,,,,"Anatoxin-a: not detected; Cylindrospermopsin: not detected; Nodularin-R: not detected",,2022-04-25 17:24:00,28.5769192,-81.3595279,0.3,
"Lake Mann - McQueen Park","Orange",2022-04-25,"DEP_CEN_ROC","Yes","mixed algae; no dominant species in sample","No","Yes",2.2,,,,,,,,,,"Anatoxin-a: not detected; Cylindrospermopsin: not detected; Nodularin-R: not detected","Small globs still suspended in water column",2022-04-25 15:57:00,28.5344713,-81.4235901,0.3,"https://services1.arcgis.com/nRHtyn3uE1kyzoYc/arcgis/rest/services/service_5c5ebb2c750c442da2b09ddcc97bb150/FeatureServer/0/3583/attachments/3184?token=5-9B4_qFJxwE43FpRKmTcizn9xE4gyQzR7iJriH_WSdv7PgrexGGAhHhsGpscZa8SH_qjt0z84tspBh9UZdaQiiM655xl5nYilYijuNFLU5ctgA5UqoDG-yQnKzdu40YNWB8oief-0n4SY_CsI5ZrvtQHd97t_Zf1Jytpde8Gcx1_zdC8Fhz3OKM_JWL5zg6"
"Lake Mann - McQueen Park","Orange",2022-04-25,"CEROC","Yes","mixed algae; no dominant species in sample","No","Yes",2.2,,,,,,,,,,"Anatoxin-a: not detected; Cylindrospermopsin: not detected; Nodularin-R: not detected","Small globs still suspended in water column",2022-04-25 15:57:00,28.5344713,-81.4235901,0.3,"https://services1.arcgis.com/nRHtyn3uE1kyzoYc/ArcGIS/rest/services/service_c1026ff3b55f468d9f2edd834cb807f8/FeatureServer/0/5202/attachments/1607?token=esFGg2N_4QUkCtU1tiMztDW4hm2M0GdusSqnOkviQULZsKWy6cHlYSpBrHqloDkjMDORyL7vHp8tCloK_rT_6I4OA4EY19edP5rFzXcDxs3_bvd6rAbKq0BqhoPk7exiwoF-z98H5LJH5jJbe4dDOjffY9Bj9w3g5kWvPrs5PpMeAdY4Rap08W1RrijQW_Ta"
"Lake Ivanhoe - Center of Eastern Lobe","Orange",2022-04-25,"DEP_CEN_ROC","Yes","Dominant taxon: Microcystis aeruginosa","Yes","No",,,,,,,,,,,"Anatoxin-a: not detected; Cylindrospermopsin: not detected; Nodularin-R: not detected","Very turbid and green throughout most of the eastern lobe",2022-04-25 14:25:00,28.5624448,-81.3751635,0.3,"https://services1.arcgis.com/nRHtyn3uE1kyzoYc/arcgis/rest/services/service_5c5ebb2c750c442da2b09ddcc97bb150/FeatureServer/0/3582/attachments/3181?token=5-9B4_qFJxwE43FpRKmTcizn9xE4gyQzR7iJriH_WSdv7PgrexGGAhHhsGpscZa8SH_qjt0z84tspBh9UZdaQiiM655xl5nYilYijuNFLU5ctgA5UqoDG-yQnKzdu40YNWB8oief-0n4SY_CsI5ZrvtQHd97t_Zf1Jytpde8Gcx1_zdC8Fhz3OKM_JWL5zg6"
"Lake Ivanhoe - Center of Eastern Lobe","Orange",2022-04-25,"CEROC","Yes","Dominant taxon: Microcystis aeruginosa","Yes","No",,,,,,,,,,,"Anatoxin-a: not detected; Cylindrospermopsin: not detected; Nodularin-R: not detected","Very turbid and green throughout most of the eastern lobe",2022-04-25 14:25:00,28.5624448,-81.3751635,0.3,"https://services1.arcgis.com/nRHtyn3uE1kyzoYc/ArcGIS/rest/services/service_c1026ff3b55f468d9f2edd834cb807f8/FeatureServer/0/5201/attachments/1604?token=esFGg2N_4QUkCtU1tiMztDW4hm2M0GdusSqnOkviQULZsKWy6cHlYSpBrHqloDkjMDORyL7vHp8tCloK_rT_6I4OA4EY19edP5rFzXcDxs3_bvd6rAbKq0BqhoPk7exiwoF-z98H5LJH5jJbe4dDOjffY9Bj9w3g5kWvPrs5PpMeAdY4Rap08W1RrijQW_Ta"
"Lake Wauberg - NW near Regatta Dr","Alachua",2022-04-21,"County","No","Co-dominant taxa were: Microcystis aeruginosa and Microcystis wesenbergii","Yes","Yes",8.4,,,,,,,,,,"Anatoxin-a: not detected; Cylindrospermopsin: not detected; Nodularin-R: not detected",,2022-04-21 15:10:00,29.534,-82.304,0.3,
"Orange Lake - McIntosh Bay","Alachua",2022-04-21,"County","No","Dominant taxon: Microcystis aeruginosa","Yes","Yes",3.3,,,,,,,,,,"Anatoxin-a: not detected; Cylindrospermopsin: not detected; Nodularin-R: not detected",,2022-04-21 14:05:00,29.431,-82.193,0.3,
"Lake Kathryn - West Lobe","Seminole",2022-04-19,"DEP_CEN_ROC","Yes","Dominant taxon: Microcystis aeruginosa","Yes","No",,,,,,,,,,,"Anatoxin-a: not detected; Cylindrospermopsin: not detected; Nodularin-R: not detected",,2022-04-19 18:12:00,28.6843735,-81.3327393,0.3,"https://services1.arcgis.com/nRHtyn3uE1kyzoYc/arcgis/rest/services/service_5c5ebb2c750c442da2b09ddcc97bb150/FeatureServer/0/3574/attachments/3178?token=5-9B4_qFJxwE43FpRKmTcizn9xE4gyQzR7iJriH_WSdv7PgrexGGAhHhsGpscZa8SH_qjt0z84tspBh9UZdaQiiM655xl5nYilYijuNFLU5ctgA5UqoDG-yQnKzdu40YNWB8oief-0n4SY_CsI5ZrvtQHd97t_Zf1Jytpde8Gcx1_zdC8Fhz3OKM_JWL5zg6"
"Lake Kathryn - West Lobe","Seminole",2022-04-19,"CEROC","Yes","Dominant taxon: Microcystis aeruginosa","Yes","No",,,,,,,,,,,"Anatoxin-a: not detected; Cylindrospermopsin: not detected; Nodularin-R: not detected",,2022-04-19 18:12:00,28.6843735,-81.3327393,0.3,"https://services1.arcgis.com/nRHtyn3uE1kyzoYc/ArcGIS/rest/services/service_c1026ff3b55f468d9f2edd834cb807f8/FeatureServer/0/5193/attachments/1601?token=esFGg2N_4QUkCtU1tiMztDW4hm2M0GdusSqnOkviQULZsKWy6cHlYSpBrHqloDkjMDORyL7vHp8tCloK_rT_6I4OA4EY19edP5rFzXcDxs3_bvd6rAbKq0BqhoPk7exiwoF-z98H5LJH5jJbe4dDOjffY9Bj9w3g5kWvPrs5PpMeAdY4Rap08W1RrijQW_Ta"
"Lake Griffin - at easement","Seminole",2022-04-19,"DEP_CEN_ROC","Yes","Co-dominant taxa were: Microcystis aeruginosa and Dolichospermum planctonicum","Yes","Yes",0.5,"I (I qualifier indicates that the reported value is between the laboratory method detection limit and the laboratory practical quantitation limit.)",,,,,,,,,"Anatoxin-a: not detected; Cylindrospermopsin: not detected; Nodularin-R: not detected","Herbicide spraying likely",2022-04-19 17:50:00,28.6796914,-81.3391082,0.3,"https://services1.arcgis.com/nRHtyn3uE1kyzoYc/arcgis/rest/services/service_5c5ebb2c750c442da2b09ddcc97bb150/FeatureServer/0/3573/attachments/3176?token=5-9B4_qFJxwE43FpRKmTcizn9xE4gyQzR7iJriH_WSdv7PgrexGGAhHhsGpscZa8SH_qjt0z84tspBh9UZdaQiiM655xl5nYilYijuNFLU5ctgA5UqoDG-yQnKzdu40YNWB8oief-0n4SY_CsI5ZrvtQHd97t_Zf1Jytpde8Gcx1_zdC8Fhz3OKM_JWL5zg6"
"Lake Griffin - at easement","Seminole",2022-04-19,"CEROC","Yes","Co-dominant taxa were: Microcystis aeruginosa and Dolichospermum planctonicum","Yes","Yes",0.5,"I (I qualifier indicates that the reported value is between the laboratory method detection limit and the laboratory practical quantitation limit.)",,,,,,,,,"Anatoxin-a: not detected; Cylindrospermopsin: not detected; Nodularin-R: not detected","Herbicide spraying likely",2022-04-19 17:50:00,28.6796914,-81.3391082,0.3,"https://services1.arcgis.com/nRHtyn3uE1kyzoYc/ArcGIS/rest/services/service_c1026ff3b55f468d9f2edd834cb807f8/FeatureServer/0/5192/attachments/1599?token=esFGg2N_4QUkCtU1tiMztDW4hm2M0GdusSqnOkviQULZsKWy6cHlYSpBrHqloDkjMDORyL7vHp8tCloK_rT_6I4OA4EY19edP5rFzXcDxs3_bvd6rAbKq0BqhoPk7exiwoF-z98H5LJH5jJbe4dDOjffY9Bj9w3g5kWvPrs5PpMeAdY4Rap08W1RrijQW_Ta"
"Indian River Lagoon - Harbor Island Boat Basin","IndianRiver",2022-04-19,"DEP_SE_ROC","No","mixed algae; no dominant species in sample","No","No",,,,,,,,,,,"Anatoxin-a: not detected; Cylindrospermopsin: not detected; Nodularin-R: not detected",,2022-04-19 13:45:00,27.6901897868314,-80.3961474158367,0.3,
"Indian River Lagoon - Harbor Island Boat Basin","IndianRiver",2022-04-19,"SEROC","No","mixed algae; no dominant species in sample","No","No",,,,,,,,,,,"Anatoxin-a: not detected; Cylindrospermopsin: not detected; Nodularin-R: not detected",,2022-04-19 13:45:00,27.6901897868314,-80.3961474158367,0.3,
"St. Johns River - Memorial Park Shoreline","Duval",2022-04-18,"DEP_NE_ROC","No","mixed algae; no dominant species in sample","No","No",,,,,,,,,,,"Anatoxin-a: not detected; Cylindrospermopsin: not detected; Nodularin-R: not detected",,2022-04-18 18:10:00,30.3098731176351,-81.6793765889536,0.3,"https://services1.arcgis.com/nRHtyn3uE1kyzoYc/arcgis/rest/services/service_5c5ebb2c750c442da2b09ddcc97bb150/FeatureServer/0/3569/attachments/3173?token=5-9B4_qFJxwE43FpRKmTcizn9xE4gyQzR7iJriH_WSdv7PgrexGGAhHhsGpscZa8SH_qjt0z84tspBh9UZdaQiiM655xl5nYilYijuNFLU5ctgA5UqoDG-yQnKzdu40YNWB8oief-0n4SY_CsI5ZrvtQHd97t_Zf1Jytpde8Gcx1_zdC8Fhz3OKM_JWL5zg6"
"St. Johns River - Memorial Park Shoreline","Duval",2022-04-18,"NEROC","No","mixed algae; no dominant species in sample","No","No",,,,,,,,,,,"Anatoxin-a: not detected; Cylindrospermopsin: not detected; Nodularin-R: not detected",,2022-04-18 18:10:00,30.3098731176351,-81.6793765889536,0.3,"https://services1.arcgis.com/nRHtyn3uE1kyzoYc/ArcGIS/rest/services/service_c1026ff3b55f468d9f2edd834cb807f8/FeatureServer/0/5188/attachments/1596?token=esFGg2N_4QUkCtU1tiMztDW4hm2M0GdusSqnOkviQULZsKWy6cHlYSpBrHqloDkjMDORyL7vHp8tCloK_rT_6I4OA4EY19edP5rFzXcDxs3_bvd6rAbKq0BqhoPk7exiwoF-z98H5LJH5jJbe4dDOjffY9Bj9w3g5kWvPrs5PpMeAdY4Rap08W1RrijQW_Ta"
"Lake Winnott - 147 Bakers Acres Dr","Putnam",2022-04-18,"DEP_NE_ROC","Yes","Dominant taxon: Dolichospermum helicoideum","Yes","No",,,,,,,,,,,"Anatoxin-a: not detected; Cylindrospermopsin: not detected; Nodularin-R: not detected",,2022-04-18 15:40:00,29.6511402594834,-82.0473145478664,0.3,"https://services1.arcgis.com/nRHtyn3uE1kyzoYc/arcgis/rest/services/service_5c5ebb2c750c442da2b09ddcc97bb150/FeatureServer/0/3568/attachments/3170?token=5-9B4_qFJxwE43FpRKmTcizn9xE4gyQzR7iJriH_WSdv7PgrexGGAhHhsGpscZa8SH_qjt0z84tspBh9UZdaQiiM655xl5nYilYijuNFLU5ctgA5UqoDG-yQnKzdu40YNWB8oief-0n4SY_CsI5ZrvtQHd97t_Zf1Jytpde8Gcx1_zdC8Fhz3OKM_JWL5zg6"
"Lake Winnott - 147 Bakers Acres Dr","Putnam",2022-04-18,"NEROC","Yes","Dominant taxon: Dolichospermum helicoideum","Yes","No",,,,,,,,,,,"Anatoxin-a: not detected; Cylindrospermopsin: not detected; Nodularin-R: not detected",,2022-04-18 15:40:00,29.6511402594834,-82.0473145478664,0.3,"https://services1.arcgis.com/nRHtyn3uE1kyzoYc/ArcGIS/rest/services/service_c1026ff3b55f468d9f2edd834cb807f8/FeatureServer/0/5187/attachments/1593?token=esFGg2N_4QUkCtU1tiMztDW4hm2M0GdusSqnOkviQULZsKWy6cHlYSpBrHqloDkjMDORyL7vHp8tCloK_rT_6I4OA4EY19edP5rFzXcDxs3_bvd6rAbKq0BqhoPk7exiwoF-z98H5LJH5jJbe4dDOjffY9Bj9w3g5kWvPrs5PpMeAdY4Rap08W1RrijQW_Ta"
"Lake Washington - Center (LWC)","Brevard",2022-04-18,"SJRWMD","No","mixed algae; no dominant species in sample","No","No",,,,,,,,,,,"Anatoxin-a: not detected; Cylindrospermopsin: not detected; Nodularin-R: not detected; Saxitoxins: not detected","HAB routine sample",2022-04-18 13:17:00,28.1425714,-80.7444501,0.3,"https://services1.arcgis.com/nRHtyn3uE1kyzoYc/arcgis/rest/services/service_5c5ebb2c750c442da2b09ddcc97bb150/FeatureServer/0/3567/attachments/3169?token=5-9B4_qFJxwE43FpRKmTcizn9xE4gyQzR7iJriH_WSdv7PgrexGGAhHhsGpscZa8SH_qjt0z84tspBh9UZdaQiiM655xl5nYilYijuNFLU5ctgA5UqoDG-yQnKzdu40YNWB8oief-0n4SY_CsI5ZrvtQHd97t_Zf1Jytpde8Gcx1_zdC8Fhz3OKM_JWL5zg6"
"Lake Newnan - Center (NEW)","Alachua",2022-04-18,"SJRWMD","Yes","Dominant taxon: Microcystis wesenbergii","Yes","Yes",0.79,"I (I qualifier indicates that the reported value is between the laboratory method detection limit and the laboratory practical quantitation limit.)",,,,,,,,,"Anatoxin-a: not detected; Cylindrospermopsin: not detected; Nodularin-R: not detected; Saxitoxins: not detected",,2022-04-18 13:00:00,29.64455,-82.2183833333333,0.3,
"Newnans Lake - Center (NEW)","Alachua",2022-04-18,"SJRWMD","Yes","Dominant taxon: Microcystis wesenbergii","Yes","Yes",0.79,"I (I qualifier indicates that the reported value is between the laboratory method detection limit and the laboratory practical quantitation limit.)",,,,,,,,,"Anatoxin-a: not detected; Cylindrospermopsin: not detected; Nodularin-R: not detected; Saxitoxins: not detected",,2022-04-18 13:00:00,29.64455,-82.2183833333333,0.3,
"Lake Jesup - Center (OW-CTR)","Seminole",2022-04-14,"SJRWMD","No","Dominant taxon: Microcystis aeruginosa","Yes","Yes",0.31,"IY (I qualifier indicates that the reported value is between the laboratory method detection limit and the laboratory practical quantitation limit. Y qualifier indicates improper preservation.)",,,,,,,,,"Anatoxin-a: not detected; Cylindrospermopsin: not detected; Nodularin-R: not detected; Saxitoxins: not detected",,2022-04-14 15:50:00,28.7268,-81.2111,0.3,
"Lake George - Center (LEO)","Volusia",2022-04-14,"SJRWMD","No","mixed algae; no dominant species in sample","No","No",,,,,,,,,,,"Anatoxin-a: not detected; Cylindrospermopsin: not detected; Nodularin-R: not detected; Saxitoxins: not detected",,2022-04-14 14:39:00,29.3083055555556,-81.6063888888889,0.3,
"Lake Monroe - Center (LMAC)","Volusia",2022-04-14,"SJRWMD","No","Dominant taxon: Microcystis aeruginosa","Yes","No",,,,,,,,,,,"Anatoxin-a: not detected; Cylindrospermopsin: not detected; Nodularin-R: not detected; Saxitoxins: not detected",,2022-04-14 13:44:00,28.847909494731,-81.2729970156354,0.3,
"Crescent Lake - mouth of Dunns Creek (CRESLM)","Putnam",2022-04-14,"SJRWMD","Yes","Dominant taxon: Microcystis aeruginosa","Yes","Yes",1,"I (I qualifier indicates that the reported value is between the laboratory method detection limit and the laboratory practical quantitation limit.)",,,,,,,,,"Anatoxin-a: not detected; Cylindrospermopsin: not detected; Nodularin-R: not detected; Saxitoxins: not detected",,2022-04-14 13:03:00,29.5295555555556,-81.5537222222222,0.3,
"St. Johns River - Mandarin Point (MP72)","Duval",2022-04-13,"SJRWMD","No","mixed algae; no dominant species in sample","No","No",,,,,,,,,,,"Anatoxin-a: not detected; Cylindrospermopsin: not detected; Nodularin-R: not detected; Saxitoxins: not detected",,2022-04-13 16:17:00,30.1566666666667,-81.6838888888889,0.3,
"Doctors Lake - Center (DTL)","Clay",2022-04-13,"SJRWMD","No","mixed algae; no dominant species in sample","No","No",,,,,,,,,,,"Anatoxin-a: not detected; Cylindrospermopsin: not detected; Nodularin-R: not detected; Saxitoxins: not detected",,2022-04-13 15:49:00,30.1380555555556,-81.7272222222222,0.3,
"Blue Cypress Lake - Center (BCL)","IndianRiver",2022-04-13,"SJRWMD","No","mixed algae; no dominant species in sample","No","No",,,,,,,,,,,"Anatoxin-a: not detected; Cylindrospermopsin: not detected; Nodularin-R: not detected; Saxitoxins: not detected",,2022-04-13 15:08:00,27.7281881,-80.7538422,0.3,"https://services1.arcgis.com/nRHtyn3uE1kyzoYc/arcgis/rest/services/service_5c5ebb2c750c442da2b09ddcc97bb150/FeatureServer/0/3554/attachments/3154?token=5-9B4_qFJxwE43FpRKmTcizn9xE4gyQzR7iJriH_WSdv7PgrexGGAhHhsGpscZa8SH_qjt0z84tspBh9UZdaQiiM655xl5nYilYijuNFLU5ctgA5UqoDG-yQnKzdu40YNWB8oief-0n4SY_CsI5ZrvtQHd97t_Zf1Jytpde8Gcx1_zdC8Fhz3OKM_JWL5zg6"
"St. Johns River - Shands Bridge (20030157)","StJohns",2022-04-13,"SJRWMD","No","mixed algae; no dominant species in sampleding","No","No",,,,,,,,,,,"Anatoxin-a: not detected; Cylindrospermopsin: not detected; Nodularin-R: not detected; Saxitoxins: not detected",,2022-04-13 14:45:00,29.9816305555556,-81.6221388888889,0.3,
"Stickmarsh - North (STKM)","IndianRiver",2022-04-13,"SJRWMD","No","mixed algae; no dominant species in sample","No","No",,,,,,,,,,,"Anatoxin-a: not detected; Cylindrospermopsin: not detected; Nodularin-R: not detected; Saxitoxins: not detected",,2022-04-13 13:29:00,27.8109214,-80.7246085,0.3,
"Stick Marsh - North (STKM)","IndianRiver",2022-04-13,"SJRWMD","No","mixed algae; no dominant species in sample","No","No",,,,,,,,,,,"Anatoxin-a: not detected; Cylindrospermopsin: not detected; Nodularin-R: not detected; Saxitoxins: not detected",,2022-04-13 13:29:00,27.8109214,-80.7246085,0.3,
"Lake Sue - Lakeshore Dr. West Lobe","Orange",2022-04-11,"DEP_CEN_ROC","No","Dominant taxon: Microcystis aeruginosa","Yes","Yes",0.56,,,,,,,,,,"Anatoxin-a: not detected; Cylindrospermopsin: not detected; Nodularin-R: not detected",,2022-04-11 17:24:00,28.5769192,-81.3595279,0.3,"https://services1.arcgis.com/nRHtyn3uE1kyzoYc/arcgis/rest/services/service_5c5ebb2c750c442da2b09ddcc97bb150/FeatureServer/0/3551/attachments/3152?token=5-9B4_qFJxwE43FpRKmTcizn9xE4gyQzR7iJriH_WSdv7PgrexGGAhHhsGpscZa8SH_qjt0z84tspBh9UZdaQiiM655xl5nYilYijuNFLU5ctgA5UqoDG-yQnKzdu40YNWB8oief-0n4SY_CsI5ZrvtQHd97t_Zf1Jytpde8Gcx1_zdC8Fhz3OKM_JWL5zg6"
"Lake Sue - Lakeshore Dr West Lobe","Orange",2022-04-11,"CEROC","No","Dominant taxon: Microcystis aeruginosa","Yes","Yes",0.56,,,,,,,,,,"Anatoxin-a: not detected; Cylindrospermopsin: not detected; Nodularin-R: not detected",,2022-04-11 17:24:00,28.5769192,-81.3595279,0.3,"https://services1.arcgis.com/nRHtyn3uE1kyzoYc/ArcGIS/rest/services/service_c1026ff3b55f468d9f2edd834cb807f8/FeatureServer/0/5170/attachments/1575?token=esFGg2N_4QUkCtU1tiMztDW4hm2M0GdusSqnOkviQULZsKWy6cHlYSpBrHqloDkjMDORyL7vHp8tCloK_rT_6I4OA4EY19edP5rFzXcDxs3_bvd6rAbKq0BqhoPk7exiwoF-z98H5LJH5jJbe4dDOjffY9Bj9w3g5kWvPrs5PpMeAdY4Rap08W1RrijQW_Ta"
"Dead River Canal - Bluegill Ave","Lake",2022-04-11,"DEP_CEN_ROC","No","Dominant taxon: Microcystis aeruginosa","Yes","No",,,,,,,,,,,"Anatoxin-a: not detected; Cylindrospermopsin: not detected; Nodularin-R: not detected","Entire surface covered in floating aquatic vegetation. ",2022-04-11 15:45:00,28.815204,-81.773676,0.3,"https://services1.arcgis.com/nRHtyn3uE1kyzoYc/arcgis/rest/services/service_5c5ebb2c750c442da2b09ddcc97bb150/FeatureServer/0/3550/attachments/3149?token=5-9B4_qFJxwE43FpRKmTcizn9xE4gyQzR7iJriH_WSdv7PgrexGGAhHhsGpscZa8SH_qjt0z84tspBh9UZdaQiiM655xl5nYilYijuNFLU5ctgA5UqoDG-yQnKzdu40YNWB8oief-0n4SY_CsI5ZrvtQHd97t_Zf1Jytpde8Gcx1_zdC8Fhz3OKM_JWL5zg6"
"Dead River Canal - Bluegill Ave","Lake",2022-04-11,"CEROC","No","Dominant taxon: Microcystis aeruginosa","Yes","No",,,,,,,,,,,"Anatoxin-a: not detected; Cylindrospermopsin: not detected; Nodularin-R: not detected","Entire surface covered in floating aquatic vegetation. ",2022-04-11 15:45:00,28.815204,-81.773676,0.3,"https://services1.arcgis.com/nRHtyn3uE1kyzoYc/ArcGIS/rest/services/service_c1026ff3b55f468d9f2edd834cb807f8/FeatureServer/0/5169/attachments/1572?token=esFGg2N_4QUkCtU1tiMztDW4hm2M0GdusSqnOkviQULZsKWy6cHlYSpBrHqloDkjMDORyL7vHp8tCloK_rT_6I4OA4EY19edP5rFzXcDxs3_bvd6rAbKq0BqhoPk7exiwoF-z98H5LJH5jJbe4dDOjffY9Bj9w3g5kWvPrs5PpMeAdY4Rap08W1RrijQW_Ta"
"Lake Mann - McQueen Park","Orange",2022-04-06,"DEP_CEN_ROC","Yes","Dominant taxon: Microcystis aeruginosa","Yes","Yes",2.6,,,,,,,,,,"Anatoxin-a: not detected; Cylindrospermopsin: not detected; Nodularin-R: not detected","Big globs in column",2022-04-06 18:40:00,28.5344713,-81.4235901,,"https://services1.arcgis.com/nRHtyn3uE1kyzoYc/arcgis/rest/services/service_5c5ebb2c750c442da2b09ddcc97bb150/FeatureServer/0/3546/attachments/3139?token=5-9B4_qFJxwE43FpRKmTcizn9xE4gyQzR7iJriH_WSdv7PgrexGGAhHhsGpscZa8SH_qjt0z84tspBh9UZdaQiiM655xl5nYilYijuNFLU5ctgA5UqoDG-yQnKzdu40YNWB8oief-0n4SY_CsI5ZrvtQHd97t_Zf1Jytpde8Gcx1_zdC8Fhz3OKM_JWL5zg6"
"Lake Mann - McQueen Park","Orange",2022-04-06,"CEROC","Yes","Dominant taxon: Microcystis aeruginosa","Yes","Yes",2.6,,,,,,,,,,"Anatoxin-a: not detected; Cylindrospermopsin: not detected; Nodularin-R: not detected","Big globs in column",2022-04-06 18:40:00,28.5344713,-81.4235901,,"https://services1.arcgis.com/nRHtyn3uE1kyzoYc/ArcGIS/rest/services/service_c1026ff3b55f468d9f2edd834cb807f8/FeatureServer/0/5165/attachments/1562?token=esFGg2N_4QUkCtU1tiMztDW4hm2M0GdusSqnOkviQULZsKWy6cHlYSpBrHqloDkjMDORyL7vHp8tCloK_rT_6I4OA4EY19edP5rFzXcDxs3_bvd6rAbKq0BqhoPk7exiwoF-z98H5LJH5jJbe4dDOjffY9Bj9w3g5kWvPrs5PpMeAdY4Rap08W1RrijQW_Ta"
"Santa Fe Lake - Melrose Bay","Alachua",2022-04-06,"DEP_NE_ROC","Yes","Co-dominant taxa were: Cylindrospermopsis raciborskii and Aphanizomenon flos-aquae","Yes","No",,,,,,,,,,,"Anatoxin-a: not detected; Cylindrospermopsin: not detected; Nodularin-R: not detected","Water still very green but algae seems to have dissipated/moved lower in water column. ",2022-04-06 18:35:00,29.71606,-82.05157,0.3,"https://services1.arcgis.com/nRHtyn3uE1kyzoYc/arcgis/rest/services/service_5c5ebb2c750c442da2b09ddcc97bb150/FeatureServer/0/3548/attachments/3144?token=5-9B4_qFJxwE43FpRKmTcizn9xE4gyQzR7iJriH_WSdv7PgrexGGAhHhsGpscZa8SH_qjt0z84tspBh9UZdaQiiM655xl5nYilYijuNFLU5ctgA5UqoDG-yQnKzdu40YNWB8oief-0n4SY_CsI5ZrvtQHd97t_Zf1Jytpde8Gcx1_zdC8Fhz3OKM_JWL5zg6"
"Santa Fe Lake - Melrose Bay","Alachua",2022-04-06,"NEROC","Yes","Co-dominant taxa were: Cylindrospermopsis raciborskii and Aphanizomenon flos-aquae","Yes","No",,,,,,,,,,,"Anatoxin-a: not detected; Cylindrospermopsin: not detected; Nodularin-R: not detected","Water still very green but algae seems to have dissipated/moved lower in water column. ",2022-04-06 18:35:00,29.71606,-82.05157,0.3,"https://services1.arcgis.com/nRHtyn3uE1kyzoYc/ArcGIS/rest/services/service_c1026ff3b55f468d9f2edd834cb807f8/FeatureServer/0/5167/attachments/1567?token=esFGg2N_4QUkCtU1tiMztDW4hm2M0GdusSqnOkviQULZsKWy6cHlYSpBrHqloDkjMDORyL7vHp8tCloK_rT_6I4OA4EY19edP5rFzXcDxs3_bvd6rAbKq0BqhoPk7exiwoF-z98H5LJH5jJbe4dDOjffY9Bj9w3g5kWvPrs5PpMeAdY4Rap08W1RrijQW_Ta"
"Lake Mann - RMP Cove","Orange",2022-04-06,"DEP_CEN_ROC","Yes","Dominant taxon: Microcystis aeruginosa","Yes","Yes",2.4,,,,,,,,,,"Anatoxin-a: not detected; Cylindrospermopsin: not detected; Nodularin-R: not detected","Globs in column",2022-04-06 18:32:00,28.5428203,-81.4224159,0.3,"https://services1.arcgis.com/nRHtyn3uE1kyzoYc/arcgis/rest/services/service_5c5ebb2c750c442da2b09ddcc97bb150/FeatureServer/0/3545/attachments/3137?token=5-9B4_qFJxwE43FpRKmTcizn9xE4gyQzR7iJriH_WSdv7PgrexGGAhHhsGpscZa8SH_qjt0z84tspBh9UZdaQiiM655xl5nYilYijuNFLU5ctgA5UqoDG-yQnKzdu40YNWB8oief-0n4SY_CsI5ZrvtQHd97t_Zf1Jytpde8Gcx1_zdC8Fhz3OKM_JWL5zg6"
"Lake Mann - RMP Cove","Orange",2022-04-06,"CEROC","Yes","Dominant taxon: Microcystis aeruginosa","Yes","Yes",2.4,,,,,,,,,,"Anatoxin-a: not detected; Cylindrospermopsin: not detected; Nodularin-R: not detected","Globs in column",2022-04-06 18:32:00,28.5428203,-81.4224159,0.3,"https://services1.arcgis.com/nRHtyn3uE1kyzoYc/ArcGIS/rest/services/service_c1026ff3b55f468d9f2edd834cb807f8/FeatureServer/0/5164/attachments/1560?token=esFGg2N_4QUkCtU1tiMztDW4hm2M0GdusSqnOkviQULZsKWy6cHlYSpBrHqloDkjMDORyL7vHp8tCloK_rT_6I4OA4EY19edP5rFzXcDxs3_bvd6rAbKq0BqhoPk7exiwoF-z98H5LJH5jJbe4dDOjffY9Bj9w3g5kWvPrs5PpMeAdY4Rap08W1RrijQW_Ta"
"Orange Lake - McIntosh Bay","Alachua",2022-04-06,"DEP_NE_ROC","Yes","Dominant taxon: Microcystis aeruginosa","Yes","Yes",1.5,,,,,,,,,,"Anatoxin-a: not detected; Cylindrospermopsin: not detected; Nodularin-R: not detected","Bloom less prevalent than in previous sample events. Water level is approximately 1-2 feet higher than prior samples. Algae has ability to move over tops of Hyrdilla and may be contributing to bloom reduction.",2022-04-06 15:25:00,29.43633,-82.19149,0.3,"https://services1.arcgis.com/nRHtyn3uE1kyzoYc/arcgis/rest/services/service_5c5ebb2c750c442da2b09ddcc97bb150/FeatureServer/0/3547/attachments/3141?token=5-9B4_qFJxwE43FpRKmTcizn9xE4gyQzR7iJriH_WSdv7PgrexGGAhHhsGpscZa8SH_qjt0z84tspBh9UZdaQiiM655xl5nYilYijuNFLU5ctgA5UqoDG-yQnKzdu40YNWB8oief-0n4SY_CsI5ZrvtQHd97t_Zf1Jytpde8Gcx1_zdC8Fhz3OKM_JWL5zg6"
"Orange Lake - McIntosh Bay","Alachua",2022-04-06,"NEROC","Yes","Dominant taxon: Microcystis aeruginosa","Yes","Yes",1.5,,,,,,,,,,"Anatoxin-a: not detected; Cylindrospermopsin: not detected; Nodularin-R: not detected","Bloom less prevalent than in previous sample events. Water level is approximately 1-2 feet higher than prior samples. Algae has ability to move over tops of Hyrdilla and may be contributing to bloom reduction.",2022-04-06 15:25:00,29.43633,-82.19149,0.3,"https://services1.arcgis.com/nRHtyn3uE1kyzoYc/ArcGIS/rest/services/service_c1026ff3b55f468d9f2edd834cb807f8/FeatureServer/0/5166/attachments/1564?token=esFGg2N_4QUkCtU1tiMztDW4hm2M0GdusSqnOkviQULZsKWy6cHlYSpBrHqloDkjMDORyL7vHp8tCloK_rT_6I4OA4EY19edP5rFzXcDxs3_bvd6rAbKq0BqhoPk7exiwoF-z98H5LJH5jJbe4dDOjffY9Bj9w3g5kWvPrs5PpMeAdY4Rap08W1RrijQW_Ta"
"Lake Washington - Center (LWC)","Brevard",2022-04-04,"SJRWMD","No","mixed algae; no dominant species in sample","No","No",,,,,,,,,,,"Anatoxin-a: not detected; Cylindrospermopsin: not detected; Nodularin-R: not detected; Saxitoxins: not detected",,2022-04-04 14:09:00,28.1424438,-80.7446481,0.3,"https://services1.arcgis.com/nRHtyn3uE1kyzoYc/arcgis/rest/services/service_5c5ebb2c750c442da2b09ddcc97bb150/FeatureServer/0/3532/attachments/3132?token=5-9B4_qFJxwE43FpRKmTcizn9xE4gyQzR7iJriH_WSdv7PgrexGGAhHhsGpscZa8SH_qjt0z84tspBh9UZdaQiiM655xl5nYilYijuNFLU5ctgA5UqoDG-yQnKzdu40YNWB8oief-0n4SY_CsI5ZrvtQHd97t_Zf1Jytpde8Gcx1_zdC8Fhz3OKM_JWL5zg6"
"Lake Virginia - West Shore","Orange",2022-03-31,"DEP_CEN_ROC","No","mixed algae; no dominant species in sample","No","No",,,,,,,,,,,"Anatoxin-a: not detected; Cylindrospermopsin: not detected; Nodularin-R: not detected","No bloom observed, lots of periphyton on bottom. Water clear.",2022-03-31 15:58:00,28.588089,-81.3522483,0.3,"https://services1.arcgis.com/nRHtyn3uE1kyzoYc/arcgis/rest/services/service_5c5ebb2c750c442da2b09ddcc97bb150/FeatureServer/0/3528/attachments/3123?token=5-9B4_qFJxwE43FpRKmTcizn9xE4gyQzR7iJriH_WSdv7PgrexGGAhHhsGpscZa8SH_qjt0z84tspBh9UZdaQiiM655xl5nYilYijuNFLU5ctgA5UqoDG-yQnKzdu40YNWB8oief-0n4SY_CsI5ZrvtQHd97t_Zf1Jytpde8Gcx1_zdC8Fhz3OKM_JWL5zg6"
"Lake Virginia - West Shore","Orange",2022-03-31,"CEROC","No","mixed algae; no dominant species in sample","No","No",,,,,,,,,,,"Anatoxin-a: not detected; Cylindrospermopsin: not detected; Nodularin-R: not detected","No bloom observed, lots of periphyton on bottom. Water clear.",2022-03-31 15:58:00,28.588089,-81.3522483,0.3,"https://services1.arcgis.com/nRHtyn3uE1kyzoYc/ArcGIS/rest/services/service_c1026ff3b55f468d9f2edd834cb807f8/FeatureServer/0/5147/attachments/1546?token=esFGg2N_4QUkCtU1tiMztDW4hm2M0GdusSqnOkviQULZsKWy6cHlYSpBrHqloDkjMDORyL7vHp8tCloK_rT_6I4OA4EY19edP5rFzXcDxs3_bvd6rAbKq0BqhoPk7exiwoF-z98H5LJH5jJbe4dDOjffY9Bj9w3g5kWvPrs5PpMeAdY4Rap08W1RrijQW_Ta"
"Lake Formosa - SW Park","Orange",2022-03-31,"DEP_CEN_ROC","No","mixed algae; no dominant species in sample","No","No",,,,,,,,,,,"Anatoxin-a: not detected; Cylindrospermopsin: not detected; Nodularin-R: not detected","No visible bloom",2022-03-31 13:51:00,28.5678,-81.3715,0.3,"https://services1.arcgis.com/nRHtyn3uE1kyzoYc/arcgis/rest/services/service_5c5ebb2c750c442da2b09ddcc97bb150/FeatureServer/0/3530/attachments/3130?token=5-9B4_qFJxwE43FpRKmTcizn9xE4gyQzR7iJriH_WSdv7PgrexGGAhHhsGpscZa8SH_qjt0z84tspBh9UZdaQiiM655xl5nYilYijuNFLU5ctgA5UqoDG-yQnKzdu40YNWB8oief-0n4SY_CsI5ZrvtQHd97t_Zf1Jytpde8Gcx1_zdC8Fhz3OKM_JWL5zg6"
"Lake Formosa - SW Park","Orange",2022-03-31,"CEROC","No","mixed algae; no dominant species in sample","No","No",,,,,,,,,,,"Anatoxin-a: not detected; Cylindrospermopsin: not detected; Nodularin-R: not detected","No visible bloom",2022-03-31 13:51:00,28.5678,-81.3715,0.3,"https://services1.arcgis.com/nRHtyn3uE1kyzoYc/ArcGIS/rest/services/service_c1026ff3b55f468d9f2edd834cb807f8/FeatureServer/0/5149/attachments/1553?token=esFGg2N_4QUkCtU1tiMztDW4hm2M0GdusSqnOkviQULZsKWy6cHlYSpBrHqloDkjMDORyL7vHp8tCloK_rT_6I4OA4EY19edP5rFzXcDxs3_bvd6rAbKq0BqhoPk7exiwoF-z98H5LJH5jJbe4dDOjffY9Bj9w3g5kWvPrs5PpMeAdY4Rap08W1RrijQW_Ta"
"Lake Sue - Lakeshore Dr. West Lobe","Orange",2022-03-31,"DEP_CEN_ROC","Yes","Dominant taxon: Microcystis aeruginosa","Yes","Yes",0.42,,,,,,,,,,"Anatoxin-a: not detected; Cylindrospermopsin: not detected; Nodularin-R: not detected","Light bloom visible in column, no surface accumulation. Looks to be dissipating.",2022-03-31 13:32:00,28.5769,-81.3595,0.3,"https://services1.arcgis.com/nRHtyn3uE1kyzoYc/arcgis/rest/services/service_5c5ebb2c750c442da2b09ddcc97bb150/FeatureServer/0/3529/attachments/3127?token=5-9B4_qFJxwE43FpRKmTcizn9xE4gyQzR7iJriH_WSdv7PgrexGGAhHhsGpscZa8SH_qjt0z84tspBh9UZdaQiiM655xl5nYilYijuNFLU5ctgA5UqoDG-yQnKzdu40YNWB8oief-0n4SY_CsI5ZrvtQHd97t_Zf1Jytpde8Gcx1_zdC8Fhz3OKM_JWL5zg6"
"Lake Sue - Lakeshore Dr West Lobe","Orange",2022-03-31,"CEROC","Yes","Dominant taxon: Microcystis aeruginosa","Yes","Yes",0.42,,,,,,,,,,"Anatoxin-a: not detected; Cylindrospermopsin: not detected; Nodularin-R: not detected","Light bloom visible in column, no surface accumulation. Looks to be dissipating.",2022-03-31 13:32:00,28.5769,-81.3595,0.3,"https://services1.arcgis.com/nRHtyn3uE1kyzoYc/ArcGIS/rest/services/service_c1026ff3b55f468d9f2edd834cb807f8/FeatureServer/0/5148/attachments/1550?token=esFGg2N_4QUkCtU1tiMztDW4hm2M0GdusSqnOkviQULZsKWy6cHlYSpBrHqloDkjMDORyL7vHp8tCloK_rT_6I4OA4EY19edP5rFzXcDxs3_bvd6rAbKq0BqhoPk7exiwoF-z98H5LJH5jJbe4dDOjffY9Bj9w3g5kWvPrs5PpMeAdY4Rap08W1RrijQW_Ta"
"Crescent Lake - mouth of Dunns Creek (CRESLM)","Putnam",2022-03-30,"SJRWMD","No","mixed algae; no dominant species in sample","No","No",,,,,,,,,,,"Anatoxin-a: not detected; Cylindrospermopsin: not detected; Nodularin-R: not detected; Saxitoxins: not detected",,2022-03-30 13:20:00,29.5295555555556,-81.5537222222222,0.3,
"Blue Cypress Lake - Center (BCL)","IndianRiver",2022-03-29,"SJRWMD","No","Dominant taxon: Microcystis aeruginosa","Yes","No",,,,,,,,,,,"Anatoxin-a: not detected; Cylindrospermopsin: not detected; Nodularin-R: not detected; Saxitoxins: not detected","HAB routine sample",2022-03-29 14:18:00,27.7266725,-80.753474,0.3,"https://services1.arcgis.com/nRHtyn3uE1kyzoYc/arcgis/rest/services/service_5c5ebb2c750c442da2b09ddcc97bb150/FeatureServer/0/3526/attachments/3122?token=5-9B4_qFJxwE43FpRKmTcizn9xE4gyQzR7iJriH_WSdv7PgrexGGAhHhsGpscZa8SH_qjt0z84tspBh9UZdaQiiM655xl5nYilYijuNFLU5ctgA5UqoDG-yQnKzdu40YNWB8oief-0n4SY_CsI5ZrvtQHd97t_Zf1Jytpde8Gcx1_zdC8Fhz3OKM_JWL5zg6"
"Stickmarsh - North (STKM)","IndianRiver",2022-03-29,"SJRWMD","Yes","Dominant taxon: Microcystis aeruginosa","Yes","No",,,,,,,,,,,"Anatoxin-a: not detected; Cylindrospermopsin: not detected; Nodularin-R: not detected; Saxitoxins: not detected",,2022-03-29 14:00:00,27.8111719,-80.7244452,0.3,"https://services1.arcgis.com/nRHtyn3uE1kyzoYc/arcgis/rest/services/service_5c5ebb2c750c442da2b09ddcc97bb150/FeatureServer/0/3525/attachments/3120?token=5-9B4_qFJxwE43FpRKmTcizn9xE4gyQzR7iJriH_WSdv7PgrexGGAhHhsGpscZa8SH_qjt0z84tspBh9UZdaQiiM655xl5nYilYijuNFLU5ctgA5UqoDG-yQnKzdu40YNWB8oief-0n4SY_CsI5ZrvtQHd97t_Zf1Jytpde8Gcx1_zdC8Fhz3OKM_JWL5zg6"
"Stick Marsh - North (STKM)","IndianRiver",2022-03-29,"SJRWMD","Yes","Dominant taxon: Microcystis aeruginosa","Yes","No",,,,,,,,,,,"Anatoxin-a: not detected; Cylindrospermopsin: not detected; Nodularin-R: not detected; Saxitoxins: not detected",,2022-03-29 14:00:00,27.8111719,-80.7244452,0.3,"https://services1.arcgis.com/nRHtyn3uE1kyzoYc/ArcGIS/rest/services/service_c1026ff3b55f468d9f2edd834cb807f8/FeatureServer/0/5144/attachments/1543?token=esFGg2N_4QUkCtU1tiMztDW4hm2M0GdusSqnOkviQULZsKWy6cHlYSpBrHqloDkjMDORyL7vHp8tCloK_rT_6I4OA4EY19edP5rFzXcDxs3_bvd6rAbKq0BqhoPk7exiwoF-z98H5LJH5jJbe4dDOjffY9Bj9w3g5kWvPrs5PpMeAdY4Rap08W1RrijQW_Ta"
"Stickmarsh - South (FTT)","IndianRiver",2022-03-29,"SJRWMD","Yes","Dominant taxon: Microcystis aeruginosa","Yes","No",,,,,,,,,,,"Anatoxin-a: not detected; Cylindrospermopsin: not detected; Nodularin-R: not detected; Saxitoxins: not detected",,2022-03-29 13:30:00,27.7789565,-80.7260196,0.3,"https://services1.arcgis.com/nRHtyn3uE1kyzoYc/arcgis/rest/services/service_5c5ebb2c750c442da2b09ddcc97bb150/FeatureServer/0/3524/attachments/3118?token=5-9B4_qFJxwE43FpRKmTcizn9xE4gyQzR7iJriH_WSdv7PgrexGGAhHhsGpscZa8SH_qjt0z84tspBh9UZdaQiiM655xl5nYilYijuNFLU5ctgA5UqoDG-yQnKzdu40YNWB8oief-0n4SY_CsI5ZrvtQHd97t_Zf1Jytpde8Gcx1_zdC8Fhz3OKM_JWL5zg6"
"Stick Marsh - South (FTT)","IndianRiver",2022-03-29,"SJRWMD","Yes","Dominant taxon: Microcystis aeruginosa","Yes","No",,,,,,,,,,,"Anatoxin-a: not detected; Cylindrospermopsin: not detected; Nodularin-R: not detected; Saxitoxins: not detected",,2022-03-29 13:30:00,27.7789565,-80.7260196,0.3,"https://services1.arcgis.com/nRHtyn3uE1kyzoYc/ArcGIS/rest/services/service_c1026ff3b55f468d9f2edd834cb807f8/FeatureServer/0/5143/attachments/1541?token=esFGg2N_4QUkCtU1tiMztDW4hm2M0GdusSqnOkviQULZsKWy6cHlYSpBrHqloDkjMDORyL7vHp8tCloK_rT_6I4OA4EY19edP5rFzXcDxs3_bvd6rAbKq0BqhoPk7exiwoF-z98H5LJH5jJbe4dDOjffY9Bj9w3g5kWvPrs5PpMeAdY4Rap08W1RrijQW_Ta"
"Lake Jesup - Center (OW-CTR)","Seminole",2022-03-23,"SJRWMD","No","Dominant taxon: Cylindrospermopsis raciborskii","Yes","Yes",0.47,"I (I qualifier indicates that the reported value is between the laboratory method detection limit and the laboratory practical quantitation limit.)",,,,,,,,,"Anatoxin-a: not detected; Cylindrospermopsin: not detected; Nodularin-R: not detected; Saxitoxins: not detected","Southeast wind at 14mph mixing lake water with bottom sediment",2022-03-23 14:52:00,28.7268,-81.2111,0.3,
"Lake Mann - McQueen Park","Orange",2022-03-23,"DEP_CEN_ROC","Yes","Dominant taxon: Microcystis aeruginosa","Yes","Yes",3.7,,,,,,,,,,"Anatoxin-a: not detected; Cylindrospermopsin: not detected; Nodularin-R: not detected","No surface accumulation @ dock, but suspended globs in column",2022-03-23 13:30:00,28.5344713,-81.4235901,0.3,"https://services1.arcgis.com/nRHtyn3uE1kyzoYc/arcgis/rest/services/service_5c5ebb2c750c442da2b09ddcc97bb150/FeatureServer/0/3514/attachments/3107?token=5-9B4_qFJxwE43FpRKmTcizn9xE4gyQzR7iJriH_WSdv7PgrexGGAhHhsGpscZa8SH_qjt0z84tspBh9UZdaQiiM655xl5nYilYijuNFLU5ctgA5UqoDG-yQnKzdu40YNWB8oief-0n4SY_CsI5ZrvtQHd97t_Zf1Jytpde8Gcx1_zdC8Fhz3OKM_JWL5zg6"
"Lake Mann - McQueen Park","Orange",2022-03-23,"CEROC","Yes","Dominant taxon: Microcystis aeruginosa","Yes","Yes",3.7,,,,,,,,,,"Anatoxin-a: not detected; Cylindrospermopsin: not detected; Nodularin-R: not detected","No surface accumulation @ dock, but suspended globs in column",2022-03-23 13:30:00,28.5344713,-81.4235901,0.3,"https://services1.arcgis.com/nRHtyn3uE1kyzoYc/ArcGIS/rest/services/service_c1026ff3b55f468d9f2edd834cb807f8/FeatureServer/0/5133/attachments/1530?token=esFGg2N_4QUkCtU1tiMztDW4hm2M0GdusSqnOkviQULZsKWy6cHlYSpBrHqloDkjMDORyL7vHp8tCloK_rT_6I4OA4EY19edP5rFzXcDxs3_bvd6rAbKq0BqhoPk7exiwoF-z98H5LJH5jJbe4dDOjffY9Bj9w3g5kWvPrs5PpMeAdY4Rap08W1RrijQW_Ta"
"Lake Washington - Center (LWC)","Brevard",2022-03-23,"SJRWMD","No","mixed algae; no dominant species in sample","No","Yes",0.3,"I (I qualifier indicates that the reported value is between the laboratory method detection limit and the laboratory practical quantitation limit.)",,,,,,,,,"Anatoxin-a: not detected; Cylindrospermopsin: not detected; Nodularin-R: not detected; Saxitoxins: not detected",,2022-03-23 12:23:00,28.1423005,-80.7449832,0.3,"https://services1.arcgis.com/nRHtyn3uE1kyzoYc/arcgis/rest/services/service_5c5ebb2c750c442da2b09ddcc97bb150/FeatureServer/0/3513/attachments/3105?token=5-9B4_qFJxwE43FpRKmTcizn9xE4gyQzR7iJriH_WSdv7PgrexGGAhHhsGpscZa8SH_qjt0z84tspBh9UZdaQiiM655xl5nYilYijuNFLU5ctgA5UqoDG-yQnKzdu40YNWB8oief-0n4SY_CsI5ZrvtQHd97t_Zf1Jytpde8Gcx1_zdC8Fhz3OKM_JWL5zg6"
"Lake Monroe - Center (LMAC)","Volusia",2022-03-22,"SJRWMD","No","Co-dominant taxa were: Cylindrospermopsis raciborskii and Pseudanabaena limnetica","Yes","No",,,,,,,,,,,"Anatoxin-a: not detected; Cylindrospermopsin: not detected; Nodularin-R: not detected; Saxitoxins: not detected",,2022-03-22 14:44:00,28.83496,-81.27091,0.3,
"Orange Lake - McIntosh Bay","Alachua",2022-03-22,"County","Yes","Dominant taxon: Microcystis aeruginosa","Yes","Yes",16,,,,,,,,,,"Anatoxin-a: not detected; Cylindrospermopsin: not detected; Nodularin-R: not detected",,2022-03-22 14:30:00,29.4320922892912,-82.190770846556,1,"https://services1.arcgis.com/nRHtyn3uE1kyzoYc/arcgis/rest/services/service_5c5ebb2c750c442da2b09ddcc97bb150/FeatureServer/0/3515/attachments/3109?token=5-9B4_qFJxwE43FpRKmTcizn9xE4gyQzR7iJriH_WSdv7PgrexGGAhHhsGpscZa8SH_qjt0z84tspBh9UZdaQiiM655xl5nYilYijuNFLU5ctgA5UqoDG-yQnKzdu40YNWB8oief-0n4SY_CsI5ZrvtQHd97t_Zf1Jytpde8Gcx1_zdC8Fhz3OKM_JWL5zg6"
"Lake Chelton - between Forrest Rd and Glencoe Rd","Orange",2022-03-21,"DEP_CEN_ROC","No","Dominant taxon: Microcystis aeruginosa","Yes","Yes",0.21,"I (I qualifier indicates that the reported value is between the laboratory method detection limit and the laboratory practical quantitation limit.)",,,,,,,,,"Anatoxin-a: not detected; Cylindrospermopsin: not detected; Nodularin-R: not detected","Follow up",2022-03-21 17:30:00,28.5777936,-81.348973,0.3,"https://services1.arcgis.com/nRHtyn3uE1kyzoYc/arcgis/rest/services/service_5c5ebb2c750c442da2b09ddcc97bb150/FeatureServer/0/3502/attachments/3099?token=5-9B4_qFJxwE43FpRKmTcizn9xE4gyQzR7iJriH_WSdv7PgrexGGAhHhsGpscZa8SH_qjt0z84tspBh9UZdaQiiM655xl5nYilYijuNFLU5ctgA5UqoDG-yQnKzdu40YNWB8oief-0n4SY_CsI5ZrvtQHd97t_Zf1Jytpde8Gcx1_zdC8Fhz3OKM_JWL5zg6"
"Lake Chelton - between Forrest Rd and Glencoe Rd","Orange",2022-03-21,"CEROC","No","Dominant taxon: Microcystis aeruginosa","Yes","Yes",0.21,"I (I qualifier indicates that the reported value is between the laboratory method detection limit and the laboratory practical quantitation limit.)",,,,,,,,,"Anatoxin-a: not detected; Cylindrospermopsin: not detected; Nodularin-R: not detected","Follow up",2022-03-21 17:30:00,28.5777936,-81.348973,0.3,"https://services1.arcgis.com/nRHtyn3uE1kyzoYc/ArcGIS/rest/services/service_c1026ff3b55f468d9f2edd834cb807f8/FeatureServer/0/5121/attachments/1522?token=esFGg2N_4QUkCtU1tiMztDW4hm2M0GdusSqnOkviQULZsKWy6cHlYSpBrHqloDkjMDORyL7vHp8tCloK_rT_6I4OA4EY19edP5rFzXcDxs3_bvd6rAbKq0BqhoPk7exiwoF-z98H5LJH5jJbe4dDOjffY9Bj9w3g5kWvPrs5PpMeAdY4Rap08W1RrijQW_Ta"
"Lake Formosa - SW Park","Orange",2022-03-21,"DEP_CEN_ROC","No","mixed algae; no dominant species in sample","No","No",,,,,,,,,,,"Anatoxin-a: not detected; Cylindrospermopsin: not detected; Nodularin-R: not detected","Windy",2022-03-21 15:43:00,28.5678085,-81.3715482,0.3,"https://services1.arcgis.com/nRHtyn3uE1kyzoYc/arcgis/rest/services/service_5c5ebb2c750c442da2b09ddcc97bb150/FeatureServer/0/3503/attachments/3100?token=5-9B4_qFJxwE43FpRKmTcizn9xE4gyQzR7iJriH_WSdv7PgrexGGAhHhsGpscZa8SH_qjt0z84tspBh9UZdaQiiM655xl5nYilYijuNFLU5ctgA5UqoDG-yQnKzdu40YNWB8oief-0n4SY_CsI5ZrvtQHd97t_Zf1Jytpde8Gcx1_zdC8Fhz3OKM_JWL5zg6"
"Lake Formosa - SW Park","Orange",2022-03-21,"CEROC","No","mixed algae; no dominant species in sample","No","No",,,,,,,,,,,"Anatoxin-a: not detected; Cylindrospermopsin: not detected; Nodularin-R: not detected","Windy",2022-03-21 15:43:00,28.5678085,-81.3715482,0.3,"https://services1.arcgis.com/nRHtyn3uE1kyzoYc/ArcGIS/rest/services/service_c1026ff3b55f468d9f2edd834cb807f8/FeatureServer/0/5122/attachments/1523?token=esFGg2N_4QUkCtU1tiMztDW4hm2M0GdusSqnOkviQULZsKWy6cHlYSpBrHqloDkjMDORyL7vHp8tCloK_rT_6I4OA4EY19edP5rFzXcDxs3_bvd6rAbKq0BqhoPk7exiwoF-z98H5LJH5jJbe4dDOjffY9Bj9w3g5kWvPrs5PpMeAdY4Rap08W1RrijQW_Ta"
"Lake Sue - Lakeshore Dr. West Lobe","Orange",2022-03-21,"DEP_CEN_ROC","Yes","Dominant taxon: Microcystis aeruginosa","Yes","Yes",0.86,"I (I qualifier indicates that the reported value is between the laboratory method detection limit and the laboratory practical quantitation limit.)",,,,,,,,,"Anatoxin-a: not detected; Cylindrospermopsin: not detected; Nodularin-R: not detected","Light bloom still suspended",2022-03-21 15:30:00,28.5769192,-81.3595279,0.3,"https://services1.arcgis.com/nRHtyn3uE1kyzoYc/arcgis/rest/services/service_5c5ebb2c750c442da2b09ddcc97bb150/FeatureServer/0/3501/attachments/3097?token=5-9B4_qFJxwE43FpRKmTcizn9xE4gyQzR7iJriH_WSdv7PgrexGGAhHhsGpscZa8SH_qjt0z84tspBh9UZdaQiiM655xl5nYilYijuNFLU5ctgA5UqoDG-yQnKzdu40YNWB8oief-0n4SY_CsI5ZrvtQHd97t_Zf1Jytpde8Gcx1_zdC8Fhz3OKM_JWL5zg6"
"Lake Sue - Lakeshore Dr West Lobe","Orange",2022-03-21,"CEROC","Yes","Dominant taxon: Microcystis aeruginosa","Yes","Yes",0.86,"I (I qualifier indicates that the reported value is between the laboratory method detection limit and the laboratory practical quantitation limit.)",,,,,,,,,"Anatoxin-a: not detected; Cylindrospermopsin: not detected; Nodularin-R: not detected","Light bloom still suspended",2022-03-21 15:30:00,28.5769192,-81.3595279,0.3,"https://services1.arcgis.com/nRHtyn3uE1kyzoYc/ArcGIS/rest/services/service_c1026ff3b55f468d9f2edd834cb807f8/FeatureServer/0/5120/attachments/1520?token=esFGg2N_4QUkCtU1tiMztDW4hm2M0GdusSqnOkviQULZsKWy6cHlYSpBrHqloDkjMDORyL7vHp8tCloK_rT_6I4OA4EY19edP5rFzXcDxs3_bvd6rAbKq0BqhoPk7exiwoF-z98H5LJH5jJbe4dDOjffY9Bj9w3g5kWvPrs5PpMeAdY4Rap08W1RrijQW_Ta"
"Santa Fe Lake - Melrose Bay","Alachua",2022-03-17,"DEP_NE_ROC","Yes","Co-dominant taxa were: Cylindrospermopsis raciborskii and Dolichospermum sp.","Yes","No",,,,,,,,,,,"Anatoxin-a: not detected; Cylindrospermopsin: not detected; Nodularin-R: not detected",,2022-03-17 18:05:00,29.7163794,-82.051828,0.3,"https://services1.arcgis.com/nRHtyn3uE1kyzoYc/arcgis/rest/services/service_5c5ebb2c750c442da2b09ddcc97bb150/FeatureServer/0/3495/attachments/3081?token=5-9B4_qFJxwE43FpRKmTcizn9xE4gyQzR7iJriH_WSdv7PgrexGGAhHhsGpscZa8SH_qjt0z84tspBh9UZdaQiiM655xl5nYilYijuNFLU5ctgA5UqoDG-yQnKzdu40YNWB8oief-0n4SY_CsI5ZrvtQHd97t_Zf1Jytpde8Gcx1_zdC8Fhz3OKM_JWL5zg6"
"Santa Fe Lake - Melrose Bay","Alachua",2022-03-17,"NEROC","Yes","Co-dominant taxa were: Cylindrospermopsis raciborskii and Dolichospermum sp.","Yes","No",,,,,,,,,,,"Anatoxin-a: not detected; Cylindrospermopsin: not detected; Nodularin-R: not detected",,2022-03-17 18:05:00,29.7163794,-82.051828,0.3,"https://services1.arcgis.com/nRHtyn3uE1kyzoYc/ArcGIS/rest/services/service_c1026ff3b55f468d9f2edd834cb807f8/FeatureServer/0/5114/attachments/1504?token=esFGg2N_4QUkCtU1tiMztDW4hm2M0GdusSqnOkviQULZsKWy6cHlYSpBrHqloDkjMDORyL7vHp8tCloK_rT_6I4OA4EY19edP5rFzXcDxs3_bvd6rAbKq0BqhoPk7exiwoF-z98H5LJH5jJbe4dDOjffY9Bj9w3g5kWvPrs5PpMeAdY4Rap08W1RrijQW_Ta"
"Doctors Lake - Center (DTL)","Clay",2022-03-17,"SJRWMD","No","mixed algae; no dominant species in sample","No","No",,,,,,,,,,,"Anatoxin-a: not detected; Cylindrospermopsin: not detected; Nodularin-R: not detected; Saxitoxins: not detected",,2022-03-17 15:08:00,30.1380555555556,-81.7272222222222,0.3,
"St. Johns River - Mandarin Point (MP72)","Duval",2022-03-17,"SJRWMD","No","mixed algae; no dominant species in sample","No","No",,,,,,,,,,,"Anatoxin-a: not detected; Cylindrospermopsin: not detected; Nodularin-R: not detected; Saxitoxins: not detected",,2022-03-17 14:13:00,30.1566666666667,-81.6838888888889,0.3,
"St. Johns River - Shands Bridge (20030157)","StJohns",2022-03-17,"SJRWMD","No","mixed algae; no dominant species in sample","No","No",,,,,,,,,,,"Anatoxin-a: not detected; Cylindrospermopsin: not detected; Nodularin-R: not detected; Saxitoxins: not detected",,2022-03-17 13:38:00,29.9816305555556,-81.6221388888889,0.3,
"Lake George - Center (LEO)","Volusia",2022-03-15,"SJRWMD","No","mixed algae; no dominant species in sample","No","No",,,,,,,,,,,"Anatoxin-a: not detected; Cylindrospermopsin: not detected; Nodularin-R: not detected; Saxitoxins: not detected",,2022-03-15 13:47:00,29.3083055555556,-81.6063888888889,0.3,
"Indian River Lagoon - near Mullet Creek","Brevard",2022-03-14,"DEP_SE_ROC","No","mixed algae; no dominant species in sample","No","No",,,,,,,,,,,"Anatoxin-a: not detected; Cylindrospermopsin: not detected; Nodularin-R: not detected",,2022-03-14 19:30:00,27.9312884973292,-80.4987302174837,0.3,
"Indian River Lagoon - near Mullet Creek","Brevard",2022-03-14,"SEROC","No","mixed algae; no dominant species in sample","No","No",,,,,,,,,,,"Anatoxin-a: not detected; Cylindrospermopsin: not detected; Nodularin-R: not detected",,2022-03-14 19:30:00,27.9312884973292,-80.4987302174837,0.3,
"Lake Estelle - NE lobe","Orange",2022-03-08,"DEP_CEN_ROC","Yes","mixed algae; no dominant species in sample","No","No",,,,,,,,,,,"Anatoxin-a: not detected; Cylindrospermopsin: not detected; Nodularin-R: not detected","Heavy rain previous night",2022-03-08 20:30:00,28.5771377,-81.36232,0.3,
"Lake Estelle - NE lobe","Orange",2022-03-08,"CEROC","Yes","mixed algae; no dominant species in sample","No","No",,,,,,,,,,,"Anatoxin-a: not detected; Cylindrospermopsin: not detected; Nodularin-R: not detected","Heavy rain previous night",2022-03-08 20:30:00,28.5771377,-81.36232,0.3,
"Lake Formosa - SW Park","Orange",2022-03-08,"DEP_CEN_ROC","Yes","mixed algae; no dominant species in sample","No","No",,,,,,,,,,,"Anatoxin-a: not detected; Cylindrospermopsin: not detected; Nodularin-R: not detected","Heavy rain previous night. Water very green ",2022-03-08 19:37:00,28.5678085,-81.3715482,0.3,
"Lake Formosa - SW Park","Orange",2022-03-08,"CEROC","Yes","mixed algae; no dominant species in sample","No","No",,,,,,,,,,,"Anatoxin-a: not detected; Cylindrospermopsin: not detected; Nodularin-R: not detected","Heavy rain previous night. Water very green ",2022-03-08 19:37:00,28.5678085,-81.3715482,0.3,
"Lake Chelton - between Forrest Rd and Glencoe Rd","Orange",2022-03-08,"DEP_CEN_ROC","No","Dominant taxon: Microcystis aeruginosa","Yes","Yes",0.7,,,,,,,,,,"Anatoxin-a: not detected; Cylindrospermopsin: not detected; Nodularin-R: not detected","Heavy rain previous night. Milky sheen along SW portion of lake",2022-03-08 19:03:00,28.5777936,-81.348973,0.15,
"Lake Chelton - between Forrest Rd and Glencoe Rd","Orange",2022-03-08,"CEROC","No","Dominant taxon: Microcystis aeruginosa","Yes","Yes",0.7,,,,,,,,,,"Anatoxin-a: not detected; Cylindrospermopsin: not detected; Nodularin-R: not detected","Heavy rain previous night. Milky sheen along SW portion of lake",2022-03-08 19:03:00,28.5777936,-81.348973,0.15,
"Orange Lake - McIntosh Bay west of Bird Island","Alachua",2022-03-08,"DEP_NE_ROC","Yes","Dominant taxon: Microcystis aeruginosa","Yes","Yes",6.2,,,,,,,,,,"Anatoxin-a: not detected; Cylindrospermopsin: not detected; Nodularin-R: not detected",,2022-03-08 18:35:00,29.434972,-82.20277,0.3,
"Orange Lake - McIntosh Bay west of Bird Island","Alachua",2022-03-08,"NEROC","Yes","Dominant taxon: Microcystis aeruginosa","Yes","Yes",6.2,,,,,,,,,,"Anatoxin-a: not detected; Cylindrospermopsin: not detected; Nodularin-R: not detected",,2022-03-08 18:35:00,29.434972,-82.20277,0.3,
"Orange Lake - McIntosh Bay south of small islands","Alachua",2022-03-08,"DEP_NE_ROC","Yes","Dominant taxon: Microcystis aeruginosa","Yes","Yes",1.8,,,,,,,,,,"Anatoxin-a: not detected; Cylindrospermopsin: not detected; Nodularin-R: not detected",,2022-03-08 18:15:00,29.4424017,-82.1914633,0.3,"https://services1.arcgis.com/nRHtyn3uE1kyzoYc/arcgis/rest/services/service_5c5ebb2c750c442da2b09ddcc97bb150/FeatureServer/0/3482/attachments/3077?token=5-9B4_qFJxwE43FpRKmTcizn9xE4gyQzR7iJriH_WSdv7PgrexGGAhHhsGpscZa8SH_qjt0z84tspBh9UZdaQiiM655xl5nYilYijuNFLU5ctgA5UqoDG-yQnKzdu40YNWB8oief-0n4SY_CsI5ZrvtQHd97t_Zf1Jytpde8Gcx1_zdC8Fhz3OKM_JWL5zg6"
"Orange Lake - McIntosh Bay south of small islands","Alachua",2022-03-08,"NEROC","Yes","Dominant taxon: Microcystis aeruginosa","Yes","Yes",1.8,,,,,,,,,,"Anatoxin-a: not detected; Cylindrospermopsin: not detected; Nodularin-R: not detected",,2022-03-08 18:15:00,29.4424017,-82.1914633,0.3,"https://services1.arcgis.com/nRHtyn3uE1kyzoYc/ArcGIS/rest/services/service_c1026ff3b55f468d9f2edd834cb807f8/FeatureServer/0/5101/attachments/1500?token=esFGg2N_4QUkCtU1tiMztDW4hm2M0GdusSqnOkviQULZsKWy6cHlYSpBrHqloDkjMDORyL7vHp8tCloK_rT_6I4OA4EY19edP5rFzXcDxs3_bvd6rAbKq0BqhoPk7exiwoF-z98H5LJH5jJbe4dDOjffY9Bj9w3g5kWvPrs5PpMeAdY4Rap08W1RrijQW_Ta"
"Orange Lake - McIntosh Bay","Alachua",2022-03-08,"DEP_NE_ROC","Yes","Dominant taxon: Microcystis aeruginosa","Yes","Yes",24,,,,,,,,,,"Anatoxin-a: not detected; Cylindrospermopsin: not detected; Nodularin-R: not detected",,2022-03-08 17:45:00,29.4360466,-82.1919015,0.3,"https://services1.arcgis.com/nRHtyn3uE1kyzoYc/arcgis/rest/services/service_5c5ebb2c750c442da2b09ddcc97bb150/FeatureServer/0/3479/attachments/3074?token=5-9B4_qFJxwE43FpRKmTcizn9xE4gyQzR7iJriH_WSdv7PgrexGGAhHhsGpscZa8SH_qjt0z84tspBh9UZdaQiiM655xl5nYilYijuNFLU5ctgA5UqoDG-yQnKzdu40YNWB8oief-0n4SY_CsI5ZrvtQHd97t_Zf1Jytpde8Gcx1_zdC8Fhz3OKM_JWL5zg6"
"Orange Lake - McIntosh Bay","Alachua",2022-03-08,"NEROC","Yes","Dominant taxon: Microcystis aeruginosa","Yes","Yes",24,,,,,,,,,,"Anatoxin-a: not detected; Cylindrospermopsin: not detected; Nodularin-R: not detected",,2022-03-08 17:45:00,29.4360466,-82.1919015,0.3,"https://services1.arcgis.com/nRHtyn3uE1kyzoYc/ArcGIS/rest/services/service_c1026ff3b55f468d9f2edd834cb807f8/FeatureServer/0/5098/attachments/1497?token=esFGg2N_4QUkCtU1tiMztDW4hm2M0GdusSqnOkviQULZsKWy6cHlYSpBrHqloDkjMDORyL7vHp8tCloK_rT_6I4OA4EY19edP5rFzXcDxs3_bvd6rAbKq0BqhoPk7exiwoF-z98H5LJH5jJbe4dDOjffY9Bj9w3g5kWvPrs5PpMeAdY4Rap08W1RrijQW_Ta"
"Lake Sue - Lakeshore Dr. West Lobe","Orange",2022-03-07,"DEP_CEN_ROC","Yes","Dominant taxon: Microcystis aeruginosa","Yes","Yes",2.1,,,,,,,,,,"Anatoxin-a: not detected; Cylindrospermopsin: not detected; Nodularin-R: not detected","Investigated lake perimeter, dispersed throughout with some shore accumulation on the N and W shores",2022-03-07 17:20:00,28.5769,-81.3595,0.3,"https://services1.arcgis.com/nRHtyn3uE1kyzoYc/arcgis/rest/services/service_5c5ebb2c750c442da2b09ddcc97bb150/FeatureServer/0/3473/attachments/3071?token=5-9B4_qFJxwE43FpRKmTcizn9xE4gyQzR7iJriH_WSdv7PgrexGGAhHhsGpscZa8SH_qjt0z84tspBh9UZdaQiiM655xl5nYilYijuNFLU5ctgA5UqoDG-yQnKzdu40YNWB8oief-0n4SY_CsI5ZrvtQHd97t_Zf1Jytpde8Gcx1_zdC8Fhz3OKM_JWL5zg6"
"Lake Sue - Lakeshore Dr West Lobe","Orange",2022-03-07,"CEROC","Yes","Dominant taxon: Microcystis aeruginosa","Yes","Yes",2.1,,,,,,,,,,"Anatoxin-a: not detected; Cylindrospermopsin: not detected; Nodularin-R: not detected","Investigated lake perimeter, dispersed throughout with some shore accumulation on the N and W shores",2022-03-07 17:20:00,28.5769,-81.3595,0.3,"https://services1.arcgis.com/nRHtyn3uE1kyzoYc/ArcGIS/rest/services/service_c1026ff3b55f468d9f2edd834cb807f8/FeatureServer/0/5092/attachments/1494?token=esFGg2N_4QUkCtU1tiMztDW4hm2M0GdusSqnOkviQULZsKWy6cHlYSpBrHqloDkjMDORyL7vHp8tCloK_rT_6I4OA4EY19edP5rFzXcDxs3_bvd6rAbKq0BqhoPk7exiwoF-z98H5LJH5jJbe4dDOjffY9Bj9w3g5kWvPrs5PpMeAdY4Rap08W1RrijQW_Ta"
"Orange Lake - McIntosh Bay","Alachua",2022-03-01,"County","Yes","Dominant taxon: Microcystis aeruginosa","Yes","Yes",120,,,,,,,,,,"Anatoxin-a: not detected; Cylindrospermopsin: not detected; Nodularin-R: not detected",,2022-03-01 19:30:00,29.43673,-82.19029,0.6,"https://services1.arcgis.com/nRHtyn3uE1kyzoYc/arcgis/rest/services/service_5c5ebb2c750c442da2b09ddcc97bb150/FeatureServer/0/3472/attachments/3068?token=5-9B4_qFJxwE43FpRKmTcizn9xE4gyQzR7iJriH_WSdv7PgrexGGAhHhsGpscZa8SH_qjt0z84tspBh9UZdaQiiM655xl5nYilYijuNFLU5ctgA5UqoDG-yQnKzdu40YNWB8oief-0n4SY_CsI5ZrvtQHd97t_Zf1Jytpde8Gcx1_zdC8Fhz3OKM_JWL5zg6"
"Newnan's Lake - Owen Illinois Park","Alachua",2022-03-01,"County","No","Dominant taxon: Dolichospermum planctonicum","Yes","Yes",0.8,"I (I qualifier indicates that the reported value is between the laboratory method detection limit and the laboratory practical quantitation limit.)",,,,,,,,,"Anatoxin-a: not detected; Cylindrospermopsin: not detected; Nodularin-R: not detected",,2022-03-01 16:45:00,29.6366719,-82.2024117,0.3,"https://services1.arcgis.com/nRHtyn3uE1kyzoYc/arcgis/rest/services/service_5c5ebb2c750c442da2b09ddcc97bb150/FeatureServer/0/3470/attachments/3069?token=5-9B4_qFJxwE43FpRKmTcizn9xE4gyQzR7iJriH_WSdv7PgrexGGAhHhsGpscZa8SH_qjt0z84tspBh9UZdaQiiM655xl5nYilYijuNFLU5ctgA5UqoDG-yQnKzdu40YNWB8oief-0n4SY_CsI5ZrvtQHd97t_Zf1Jytpde8Gcx1_zdC8Fhz3OKM_JWL5zg6"
"Newnans Lake - Owen Illinois Park","Alachua",2022-03-01,"County","No","Dominant taxon: Dolichospermum planctonicum","Yes","Yes",0.8,"I (I qualifier indicates that the reported value is between the laboratory method detection limit and the laboratory practical quantitation limit.)",,,,,,,,,"Anatoxin-a: not detected; Cylindrospermopsin: not detected; Nodularin-R: not detected",,2022-03-01 16:45:00,29.6366719,-82.2024117,0.3,"https://services1.arcgis.com/nRHtyn3uE1kyzoYc/ArcGIS/rest/services/service_c1026ff3b55f468d9f2edd834cb807f8/FeatureServer/0/5089/attachments/1491?token=esFGg2N_4QUkCtU1tiMztDW4hm2M0GdusSqnOkviQULZsKWy6cHlYSpBrHqloDkjMDORyL7vHp8tCloK_rT_6I4OA4EY19edP5rFzXcDxs3_bvd6rAbKq0BqhoPk7exiwoF-z98H5LJH5jJbe4dDOjffY9Bj9w3g5kWvPrs5PpMeAdY4Rap08W1RrijQW_Ta"
"Lake Weir - near Eaton's Beach (HAB22AP2)","Marion",2022-03-01,"SJRWMD","No","Dominant taxon: Cylindrospermopsis raciborskii","Yes","No",,,,,,,,,,,"Anatoxin-a: not detected; Cylindrospermopsin: not detected; Nodularin-R: not detected; Saxitoxins: not detected","water was reddish brown in color",2022-03-01 14:18:00,28.9942342997686,-81.9346486829029,0.3,
"Lake Wauberg - NW near Regatta Dr","Alachua",2022-02-28,"County","No","Dominant taxon: Dolichospermum helicoideum","Yes","Yes",1,"I (I qualifier indicates that the reported value is between the laboratory method detection limit and the laboratory practical quantitation limit.)",,,,,,,,,"Anatoxin-a: not detected; Cylindrospermopsin: not detected; Nodularin-R: not detected",,2022-03-01 05:40:00,29.5344606,-82.3043152,0.3,"https://services1.arcgis.com/nRHtyn3uE1kyzoYc/arcgis/rest/services/service_5c5ebb2c750c442da2b09ddcc97bb150/FeatureServer/0/3471/attachments/3070?token=5-9B4_qFJxwE43FpRKmTcizn9xE4gyQzR7iJriH_WSdv7PgrexGGAhHhsGpscZa8SH_qjt0z84tspBh9UZdaQiiM655xl5nYilYijuNFLU5ctgA5UqoDG-yQnKzdu40YNWB8oief-0n4SY_CsI5ZrvtQHd97t_Zf1Jytpde8Gcx1_zdC8Fhz3OKM_JWL5zg6"
"Lake Chelton - between Forrest Rd and Glencoe Rd","Orange",2022-02-24,"DEP_CEN_ROC","No","mixed algae; no dominant species in sample","No","Yes",0.66,,,,,,,,,,"Anatoxin-a: not detected; Cylindrospermopsin: not detected; Nodularin-R: not detected","Rainbow sheen still visible on surface of 1/2 the lake. Filamentous algae also observed. ",2022-02-24 18:35:00,28.5777936,-81.348973,0.3,"https://services1.arcgis.com/nRHtyn3uE1kyzoYc/arcgis/rest/services/service_5c5ebb2c750c442da2b09ddcc97bb150/FeatureServer/0/3462/attachments/3056?token=5-9B4_qFJxwE43FpRKmTcizn9xE4gyQzR7iJriH_WSdv7PgrexGGAhHhsGpscZa8SH_qjt0z84tspBh9UZdaQiiM655xl5nYilYijuNFLU5ctgA5UqoDG-yQnKzdu40YNWB8oief-0n4SY_CsI5ZrvtQHd97t_Zf1Jytpde8Gcx1_zdC8Fhz3OKM_JWL5zg6"
"Lake Chelton - between Forrest Rd and Glencoe Rd","Orange",2022-02-24,"CEROC","No","mixed algae; no dominant species in sample","No","Yes",0.66,,,,,,,,,,"Anatoxin-a: not detected; Cylindrospermopsin: not detected; Nodularin-R: not detected","Rainbow sheen still visible on surface of 1/2 the lake. Filamentous algae also observed. ",2022-02-24 18:35:00,28.5777936,-81.348973,0.3,"https://services1.arcgis.com/nRHtyn3uE1kyzoYc/ArcGIS/rest/services/service_c1026ff3b55f468d9f2edd834cb807f8/FeatureServer/0/5081/attachments/1479?token=esFGg2N_4QUkCtU1tiMztDW4hm2M0GdusSqnOkviQULZsKWy6cHlYSpBrHqloDkjMDORyL7vHp8tCloK_rT_6I4OA4EY19edP5rFzXcDxs3_bvd6rAbKq0BqhoPk7exiwoF-z98H5LJH5jJbe4dDOjffY9Bj9w3g5kWvPrs5PpMeAdY4Rap08W1RrijQW_Ta"
"Lake Copeland - SE Corner","Orange",2022-02-24,"DEP_CEN_ROC","No","mixed algae; no dominant species in sample","No","No",,,,,,,,,,,"Anatoxin-a: not detected; Cylindrospermopsin: not detected; Nodularin-R: not detected","Blue green dye in water",2022-02-24 17:25:00,28.526,-81.3738,0.3,"https://services1.arcgis.com/nRHtyn3uE1kyzoYc/arcgis/rest/services/service_5c5ebb2c750c442da2b09ddcc97bb150/FeatureServer/0/3461/attachments/3054?token=5-9B4_qFJxwE43FpRKmTcizn9xE4gyQzR7iJriH_WSdv7PgrexGGAhHhsGpscZa8SH_qjt0z84tspBh9UZdaQiiM655xl5nYilYijuNFLU5ctgA5UqoDG-yQnKzdu40YNWB8oief-0n4SY_CsI5ZrvtQHd97t_Zf1Jytpde8Gcx1_zdC8Fhz3OKM_JWL5zg6"
"Lake Copeland - SE Corner","Orange",2022-02-24,"CEROC","No","mixed algae; no dominant species in sample","No","No",,,,,,,,,,,"Anatoxin-a: not detected; Cylindrospermopsin: not detected; Nodularin-R: not detected","Blue green dye in water",2022-02-24 17:25:00,28.526,-81.3738,0.3,"https://services1.arcgis.com/nRHtyn3uE1kyzoYc/ArcGIS/rest/services/service_c1026ff3b55f468d9f2edd834cb807f8/FeatureServer/0/5080/attachments/1477?token=esFGg2N_4QUkCtU1tiMztDW4hm2M0GdusSqnOkviQULZsKWy6cHlYSpBrHqloDkjMDORyL7vHp8tCloK_rT_6I4OA4EY19edP5rFzXcDxs3_bvd6rAbKq0BqhoPk7exiwoF-z98H5LJH5jJbe4dDOjffY9Bj9w3g5kWvPrs5PpMeAdY4Rap08W1RrijQW_Ta"
"Banana River- Sunset Drive ","Brevard",2022-02-24,"DEP_CEN_ROC","Yes","Co-dominant taxa were: Spirogyra sp. and Cladophora sp.; water column dominated by diatoms","No","No",,,,,,,,,,,"Anatoxin-a: not detected; Cylindrospermopsin: not detected; Nodularin-R: not detected",,2022-02-24 16:30:00,28.3178104,-80.6125303,0.3,"https://services1.arcgis.com/nRHtyn3uE1kyzoYc/arcgis/rest/services/service_5c5ebb2c750c442da2b09ddcc97bb150/FeatureServer/0/3463/attachments/3058?token=5-9B4_qFJxwE43FpRKmTcizn9xE4gyQzR7iJriH_WSdv7PgrexGGAhHhsGpscZa8SH_qjt0z84tspBh9UZdaQiiM655xl5nYilYijuNFLU5ctgA5UqoDG-yQnKzdu40YNWB8oief-0n4SY_CsI5ZrvtQHd97t_Zf1Jytpde8Gcx1_zdC8Fhz3OKM_JWL5zg6"
"Banana River- Sunset Drive ","Brevard",2022-02-24,"CEROC","Yes","Co-dominant taxa were: Spirogyra sp. and Cladophora sp.; water column dominated by diatoms","No","No",,,,,,,,,,,"Anatoxin-a: not detected; Cylindrospermopsin: not detected; Nodularin-R: not detected",,2022-02-24 16:30:00,28.3178104,-80.6125303,0.3,"https://services1.arcgis.com/nRHtyn3uE1kyzoYc/ArcGIS/rest/services/service_c1026ff3b55f468d9f2edd834cb807f8/FeatureServer/0/5082/attachments/1481?token=esFGg2N_4QUkCtU1tiMztDW4hm2M0GdusSqnOkviQULZsKWy6cHlYSpBrHqloDkjMDORyL7vHp8tCloK_rT_6I4OA4EY19edP5rFzXcDxs3_bvd6rAbKq0BqhoPk7exiwoF-z98H5LJH5jJbe4dDOjffY9Bj9w3g5kWvPrs5PpMeAdY4Rap08W1RrijQW_Ta"
"Lake Formosa - SW Park","Orange",2022-02-24,"DEP_CEN_ROC","Yes","Dominant taxon: Microcystis aeruginosa","Yes","Yes",1.2,"I (I qualifier indicates that the reported value is between the laboratory method detection limit and the laboratory practical quantitation limit.)",,,,,,,,,"Anatoxin-a: not detected; Cylindrospermopsin: not detected; Nodularin-R: not detected","Light bloom observed, filamentous algae present too.",2022-02-24 16:00:00,28.5678085,-81.3715482,0.3,"https://services1.arcgis.com/nRHtyn3uE1kyzoYc/arcgis/rest/services/service_5c5ebb2c750c442da2b09ddcc97bb150/FeatureServer/0/3460/attachments/3052?token=5-9B4_qFJxwE43FpRKmTcizn9xE4gyQzR7iJriH_WSdv7PgrexGGAhHhsGpscZa8SH_qjt0z84tspBh9UZdaQiiM655xl5nYilYijuNFLU5ctgA5UqoDG-yQnKzdu40YNWB8oief-0n4SY_CsI5ZrvtQHd97t_Zf1Jytpde8Gcx1_zdC8Fhz3OKM_JWL5zg6"
"Lake Formosa - SW Park","Orange",2022-02-24,"CEROC","Yes","Dominant taxon: Microcystis aeruginosa","Yes","Yes",1.2,"I (I qualifier indicates that the reported value is between the laboratory method detection limit and the laboratory practical quantitation limit.)",,,,,,,,,"Anatoxin-a: not detected; Cylindrospermopsin: not detected; Nodularin-R: not detected","Light bloom observed, filamentous algae present too.",2022-02-24 16:00:00,28.5678085,-81.3715482,0.3,"https://services1.arcgis.com/nRHtyn3uE1kyzoYc/ArcGIS/rest/services/service_c1026ff3b55f468d9f2edd834cb807f8/FeatureServer/0/5079/attachments/1475?token=esFGg2N_4QUkCtU1tiMztDW4hm2M0GdusSqnOkviQULZsKWy6cHlYSpBrHqloDkjMDORyL7vHp8tCloK_rT_6I4OA4EY19edP5rFzXcDxs3_bvd6rAbKq0BqhoPk7exiwoF-z98H5LJH5jJbe4dDOjffY9Bj9w3g5kWvPrs5PpMeAdY4Rap08W1RrijQW_Ta"
"Lake Estelle - NE lobe","Orange",2022-02-24,"DEP_CEN_ROC","No","Dominant taxon: Microcystis aeruginosa","Yes","Yes",0.38,"I (I qualifier indicates that the reported value is between the laboratory method detection limit and the laboratory practical quantitation limit.)",,,,,,,,,"Anatoxin-a: not detected; Cylindrospermopsin: not detected; Nodularin-R: not detected",,2022-02-24 15:23:00,28.5771377,-81.3623294,0.3,"https://services1.arcgis.com/nRHtyn3uE1kyzoYc/arcgis/rest/services/service_5c5ebb2c750c442da2b09ddcc97bb150/FeatureServer/0/3459/attachments/3050?token=5-9B4_qFJxwE43FpRKmTcizn9xE4gyQzR7iJriH_WSdv7PgrexGGAhHhsGpscZa8SH_qjt0z84tspBh9UZdaQiiM655xl5nYilYijuNFLU5ctgA5UqoDG-yQnKzdu40YNWB8oief-0n4SY_CsI5ZrvtQHd97t_Zf1Jytpde8Gcx1_zdC8Fhz3OKM_JWL5zg6"
"Lake Estelle - NE lobe","Orange",2022-02-24,"CEROC","No","Dominant taxon: Microcystis aeruginosa","Yes","Yes",0.38,"I (I qualifier indicates that the reported value is between the laboratory method detection limit and the laboratory practical quantitation limit.)",,,,,,,,,"Anatoxin-a: not detected; Cylindrospermopsin: not detected; Nodularin-R: not detected",,2022-02-24 15:23:00,28.5771377,-81.3623294,0.3,"https://services1.arcgis.com/nRHtyn3uE1kyzoYc/ArcGIS/rest/services/service_c1026ff3b55f468d9f2edd834cb807f8/FeatureServer/0/5078/attachments/1473?token=esFGg2N_4QUkCtU1tiMztDW4hm2M0GdusSqnOkviQULZsKWy6cHlYSpBrHqloDkjMDORyL7vHp8tCloK_rT_6I4OA4EY19edP5rFzXcDxs3_bvd6rAbKq0BqhoPk7exiwoF-z98H5LJH5jJbe4dDOjffY9Bj9w3g5kWvPrs5PpMeAdY4Rap08W1RrijQW_Ta"
"Lake Sue - Lakeshore Dr. West Lobe","Orange",2022-02-24,"DEP_CEN_ROC","Yes","Dominant taxon: Microcystis aeruginosa","Yes","Yes",50,,,,,,,,,,"Anatoxin-a: not detected; Cylindrospermopsin: not detected; Nodularin-R: not detected","Extensive bloom along lakeshore drive. Strong smell.",2022-02-24 14:50:00,28.5769192,-81.3595279,0.3,"https://services1.arcgis.com/nRHtyn3uE1kyzoYc/arcgis/rest/services/service_5c5ebb2c750c442da2b09ddcc97bb150/FeatureServer/0/3458/attachments/3047?token=5-9B4_qFJxwE43FpRKmTcizn9xE4gyQzR7iJriH_WSdv7PgrexGGAhHhsGpscZa8SH_qjt0z84tspBh9UZdaQiiM655xl5nYilYijuNFLU5ctgA5UqoDG-yQnKzdu40YNWB8oief-0n4SY_CsI5ZrvtQHd97t_Zf1Jytpde8Gcx1_zdC8Fhz3OKM_JWL5zg6"
"Lake Sue - Lakeshore Dr West Lobe","Orange",2022-02-24,"CEROC","Yes","Dominant taxon: Microcystis aeruginosa","Yes","Yes",50,,,,,,,,,,"Anatoxin-a: not detected; Cylindrospermopsin: not detected; Nodularin-R: not detected","Extensive bloom along lakeshore drive. Strong smell.",2022-02-24 14:50:00,28.5769192,-81.3595279,0.3,"https://services1.arcgis.com/nRHtyn3uE1kyzoYc/ArcGIS/rest/services/service_c1026ff3b55f468d9f2edd834cb807f8/FeatureServer/0/5077/attachments/1470?token=esFGg2N_4QUkCtU1tiMztDW4hm2M0GdusSqnOkviQULZsKWy6cHlYSpBrHqloDkjMDORyL7vHp8tCloK_rT_6I4OA4EY19edP5rFzXcDxs3_bvd6rAbKq0BqhoPk7exiwoF-z98H5LJH5jJbe4dDOjffY9Bj9w3g5kWvPrs5PpMeAdY4Rap08W1RrijQW_Ta"
"Crescent Lake - mouth of Dunns Creek (CRESLM)","Putnam",2022-02-23,"SJRWMD","Yes","mixed algae; no dominant species in sample","No","No",,,,,,,,,,,"Anatoxin-a: not detected; Cylindrospermopsin: not detected; Nodularin-R: not detected; Saxitoxins: not detected",,2022-02-23 16:59:00,29.5295555555556,-81.5537222222222,0.3,
"Lake Jesup - Center (OW-CTR)","Seminole",2022-02-23,"SJRWMD","Yes","Co-dominant taxa were: Microcystis aeruginosa and Cylindrospermopsis raciborskii","Yes","No",,,,,,,,,,,"Anatoxin-a: not detected; Cylindrospermopsin: not detected; Nodularin-R: not detected; Saxitoxins: not detected",,2022-02-23 15:39:00,28.7321918837466,-81.2143485950022,0.3,
"Lake Monroe - Center (LMAC)","Volusia",2022-02-23,"SJRWMD","Yes","Co-dominant taxa were: Microcystis aeruginosa and Cylindrospermopsis raciborskii","Yes","No",,,,,,,,,,,"Anatoxin-a: not detected; Cylindrospermopsin: not detected; Nodularin-R: not detected; Saxitoxins: not detected",,2022-02-23 15:00:00,28.857026971869,-81.2734345632004,0.3,
"Blue Cypress Lake - Center (BCL)","IndianRiver",2022-02-22,"SJRWMD","No","mixed algae; no dominant species in sample","No","No",,,,,,,,,,,"Anatoxin-a: not detected; Cylindrospermopsin: not detected; Nodularin-R: not detected; Saxitoxins: not detected",,2022-02-22 14:11:00,27.7268198102008,-80.7529039452422,0.3,"https://services1.arcgis.com/nRHtyn3uE1kyzoYc/arcgis/rest/services/service_5c5ebb2c750c442da2b09ddcc97bb150/FeatureServer/0/3452/attachments/3038?token=5-9B4_qFJxwE43FpRKmTcizn9xE4gyQzR7iJriH_WSdv7PgrexGGAhHhsGpscZa8SH_qjt0z84tspBh9UZdaQiiM655xl5nYilYijuNFLU5ctgA5UqoDG-yQnKzdu40YNWB8oief-0n4SY_CsI5ZrvtQHd97t_Zf1Jytpde8Gcx1_zdC8Fhz3OKM_JWL5zg6"
"Stickmarsh - North (STKM)","IndianRiver",2022-02-22,"SJRWMD","No","mixed algae; no dominant species in sample","No","No",,,,,,,,,,,"Anatoxin-a: not detected; Cylindrospermopsin: not detected; Nodularin-R: not detected; Saxitoxins: not detected",,2022-02-22 13:37:00,27.8105422,-80.7248135,0.3,"https://services1.arcgis.com/nRHtyn3uE1kyzoYc/arcgis/rest/services/service_5c5ebb2c750c442da2b09ddcc97bb150/FeatureServer/0/3453/attachments/3039?token=5-9B4_qFJxwE43FpRKmTcizn9xE4gyQzR7iJriH_WSdv7PgrexGGAhHhsGpscZa8SH_qjt0z84tspBh9UZdaQiiM655xl5nYilYijuNFLU5ctgA5UqoDG-yQnKzdu40YNWB8oief-0n4SY_CsI5ZrvtQHd97t_Zf1Jytpde8Gcx1_zdC8Fhz3OKM_JWL5zg6"
"Stick Marsh - North (STKM)","IndianRiver",2022-02-22,"SJRWMD","No","mixed algae; no dominant species in sample","No","No",,,,,,,,,,,"Anatoxin-a: not detected; Cylindrospermopsin: not detected; Nodularin-R: not detected; Saxitoxins: not detected",,2022-02-22 13:37:00,27.8105422,-80.7248135,0.3,"https://services1.arcgis.com/nRHtyn3uE1kyzoYc/ArcGIS/rest/services/service_c1026ff3b55f468d9f2edd834cb807f8/FeatureServer/0/5072/attachments/1462?token=esFGg2N_4QUkCtU1tiMztDW4hm2M0GdusSqnOkviQULZsKWy6cHlYSpBrHqloDkjMDORyL7vHp8tCloK_rT_6I4OA4EY19edP5rFzXcDxs3_bvd6rAbKq0BqhoPk7exiwoF-z98H5LJH5jJbe4dDOjffY9Bj9w3g5kWvPrs5PpMeAdY4Rap08W1RrijQW_Ta"
"Lake Hermosa - North Shore","Lake",2022-02-21,"DEP_CEN_ROC","Yes","mixed algae; no dominant species in sample","No","No",,,,,,,,,,,"Anatoxin-a: not detected; Cylindrospermopsin: not detected; Nodularin-R: not detected","Filamentous algae present",2022-02-21 16:30:00,28.8355678,-81.7033857,0.2,"https://services1.arcgis.com/nRHtyn3uE1kyzoYc/arcgis/rest/services/service_5c5ebb2c750c442da2b09ddcc97bb150/FeatureServer/0/3450/attachments/3036?token=5-9B4_qFJxwE43FpRKmTcizn9xE4gyQzR7iJriH_WSdv7PgrexGGAhHhsGpscZa8SH_qjt0z84tspBh9UZdaQiiM655xl5nYilYijuNFLU5ctgA5UqoDG-yQnKzdu40YNWB8oief-0n4SY_CsI5ZrvtQHd97t_Zf1Jytpde8Gcx1_zdC8Fhz3OKM_JWL5zg6"
"Lake Hermosa - North Shore","Lake",2022-02-21,"CEROC","Yes","mixed algae; no dominant species in sample","No","No",,,,,,,,,,,"Anatoxin-a: not detected; Cylindrospermopsin: not detected; Nodularin-R: not detected","Filamentous algae present",2022-02-21 16:30:00,28.8355678,-81.7033857,0.2,"https://services1.arcgis.com/nRHtyn3uE1kyzoYc/ArcGIS/rest/services/service_c1026ff3b55f468d9f2edd834cb807f8/FeatureServer/0/5069/attachments/1459?token=esFGg2N_4QUkCtU1tiMztDW4hm2M0GdusSqnOkviQULZsKWy6cHlYSpBrHqloDkjMDORyL7vHp8tCloK_rT_6I4OA4EY19edP5rFzXcDxs3_bvd6rAbKq0BqhoPk7exiwoF-z98H5LJH5jJbe4dDOjffY9Bj9w3g5kWvPrs5PpMeAdY4Rap08W1RrijQW_Ta"
"Newnan's Lake - near Windsor (HAB22PK14)","Alachua",2022-02-16,"SJRWMD","No","Dominant taxon: Dolichospermum planctonicum","Yes","Yes",0.42,"I (I qualifier indicates that the reported value is between the laboratory method detection limit and the laboratory practical quantitation limit.)",,,,,,,,,"Anatoxin-a: not detected; Cylindrospermopsin: not detected; Nodularin: not detected; Saxitoxins: not detected",,2022-02-16 15:15:00,29.6369398,-82.202409,0.3,
"Newnans Lake - near Windsor (HAB22PK14)","Alachua",2022-02-16,"SJRWMD","No","Dominant taxon: Dolichospermum planctonicum","Yes","Yes",0.42,"I (I qualifier indicates that the reported value is between the laboratory method detection limit and the laboratory practical quantitation limit.)",,,,,,,,,"Anatoxin-a: not detected; Cylindrospermopsin: not detected; Nodularin: not detected; Saxitoxins: not detected",,2022-02-16 15:15:00,29.6369398,-82.202409,0.3,
"Lochloosa Lake - Southeast Corner (HAB22PK15)","Alachua",2022-02-16,"SJRWMD","No","mixed algae; no dominant species in sample","No","No",,,,,,,,,,,"Anatoxin-a: not detected; Cylindrospermopsin: not detected; Nodularin: not detected; Saxitoxins: not detected",,2022-02-16 14:37:00,29.505323,-82.1021226,0.3,
"Lake Washington - Center (LWC)","Brevard",2022-02-15,"SJRWMD","No","mixed algae; no dominant species in sample","No","No",,,,,,,,,,,"Anatoxin-a: not detected; Cylindrospermopsin: not detected; Nodularin: not detected; Saxitoxins: not detected","Routine HAB Sample",2022-02-15 13:13:00,28.1423726576204,-80.7446124569437,0.306,"https://services1.arcgis.com/nRHtyn3uE1kyzoYc/arcgis/rest/services/service_5c5ebb2c750c442da2b09ddcc97bb150/FeatureServer/0/3444/attachments/3028?token=5-9B4_qFJxwE43FpRKmTcizn9xE4gyQzR7iJriH_WSdv7PgrexGGAhHhsGpscZa8SH_qjt0z84tspBh9UZdaQiiM655xl5nYilYijuNFLU5ctgA5UqoDG-yQnKzdu40YNWB8oief-0n4SY_CsI5ZrvtQHd97t_Zf1Jytpde8Gcx1_zdC8Fhz3OKM_JWL5zg6"
"Lake Chelton - between Forrest Rd and Glencoe Rd","Orange",2022-02-10,"DEP_CEN_ROC","No","mixed algae; no dominant species in sample","No","Yes",0.26,"I (I qualifier indicates that the reported value is between the laboratory method detection limit and the laboratory practical quantitation limit.)",,,,,,,,,"Anatoxin-a: not detected; Cylindrospermopsin: not detected; Nodularin: not detected",,2022-02-10 18:19:00,28.5777936,-81.348973,0.3,
"Lake Chelton - between Forrest Rd and Glencoe Rd","Orange",2022-02-10,"CEROC","No","mixed algae; no dominant species in sample","No","Yes",0.26,"I (I qualifier indicates that the reported value is between the laboratory method detection limit and the laboratory practical quantitation limit.)",,,,,,,,,"Anatoxin-a: not detected; Cylindrospermopsin: not detected; Nodularin: not detected",,2022-02-10 18:19:00,28.5777936,-81.348973,0.3,
"Lake Formosa - pedestrian bridge","Orange",2022-02-10,"DEP_CEN_ROC","No","mixed algae; no dominant species in sample","No","No",,,,,,,,,,,"Anatoxin-a: not detected; Cylindrospermopsin: not detected; Nodularin: not detected","No bloom observed",2022-02-10 17:11:00,28.569441,-81.3659756,0.3,
"Lake Formosa - pedestrian bridge","Orange",2022-02-10,"CEROC","No","mixed algae; no dominant species in sample","No","No",,,,,,,,,,,"Anatoxin-a: not detected; Cylindrospermopsin: not detected; Nodularin: not detected","No bloom observed",2022-02-10 17:11:00,28.569441,-81.3659756,0.3,
"St. Johns River - Shands Bridge (20030157)","StJohns",2022-02-10,"SJRWMD","No","mixed algae; no dominant species in sample","No","No",,,,,,,,,,,"Anatoxin-a: not detected; Cylindrospermopsin: not detected; Nodularin: not detected; Saxitoxins: not detected",,2022-02-10 17:08:00,29.9816305555556,-81.6221388888889,0.3,
"Lake Formosa - SW Park","Orange",2022-02-10,"DEP_CEN_ROC","No","Dominant taxon: Microcystis aeruginosa","Yes","No",,,,,,,,,,,"Anatoxin-a: not detected; Cylindrospermopsin: not detected; Nodularin: not detected","No bloom observed, possible alum treatment",2022-02-10 16:38:00,28.5678085,-81.3715482,0.3,
"Lake Formosa - SW Park","Orange",2022-02-10,"CEROC","No","Dominant taxon: Microcystis aeruginosa","Yes","No",,,,,,,,,,,"Anatoxin-a: not detected; Cylindrospermopsin: not detected; Nodularin: not detected","No bloom observed, possible alum treatment",2022-02-10 16:38:00,28.5678085,-81.3715482,0.3,
"Doctors Lake - Center (DTL)","Clay",2022-02-10,"SJRWMD","No","mixed algae; no dominant species in sample","No","No",,,,,,,,,,,"Anatoxin-a: not detected; Cylindrospermopsin: not detected; Nodularin: not detected; Saxitoxins: not detected",,2022-02-10 16:18:00,30.1380555555556,-81.7272222222222,0.3,
"Lake Copeland - SE Corner","Orange",2022-02-10,"DEP_CEN_ROC","No","Dominant taxon: Microcystis aeruginosa","Yes","No",,,,,,,,,,,"Anatoxin-a: not detected; Cylindrospermopsin: not detected; Nodularin: not detected","No bloom observed",2022-02-10 16:13:00,28.526,-81.3738,0.3,
"Lake Copeland - SE Corner","Orange",2022-02-10,"CEROC","No","Dominant taxon: Microcystis aeruginosa","Yes","No",,,,,,,,,,,"Anatoxin-a: not detected; Cylindrospermopsin: not detected; Nodularin: not detected","No bloom observed",2022-02-10 16:13:00,28.526,-81.3738,0.3,
"St. Johns River - Mandarin Point (MP72)","Duval",2022-02-10,"SJRWMD","No","mixed algae; no dominant species in sample","No","No",,,,,,,,,,,"Anatoxin-a: not detected; Cylindrospermopsin: not detected; Nodularin: not detected; Saxitoxins: not detected",,2022-02-10 15:50:00,30.1566666666667,-81.6838888888889,0.3,
"Cypress Lake - West Lobe","Orange",2022-02-09,"DEP_CEN_ROC","No","Dominant taxon: Microcystis aeruginosa","Yes","No",,,,,,,,,,,"Anatoxin-a: not detected; Cylindrospermopsin: not detected; Nodularin: not detected",,2022-02-09 16:45:00,28.48009,-81.5712,0.3,
"Cypress Lake - West Lobe","Orange",2022-02-09,"CEROC","No","Dominant taxon: Microcystis aeruginosa","Yes","No",,,,,,,,,,,"Anatoxin-a: not detected; Cylindrospermopsin: not detected; Nodularin: not detected",,2022-02-09 16:45:00,28.48009,-81.5712,0.3,
"St. Johns River - Beecher's Point","Putnam",2022-02-09,"SJRWMD","No","mixed algae; no dominant species in sample","No","No",,,,,,,,,,,"Anatoxin-a: not detected; Cylindrospermopsin: not detected; Nodularin: not detected; Saxitoxins: not detected",,2022-02-09 15:38:00,29.4663,-81.6852,0.3,
"Lake George - Center (LEO)","Volusia",2022-02-09,"SJRWMD","No","mixed algae; no dominant species in sample","No","No",,,,,,,,,,,"Anatoxin-a: not detected; Cylindrospermopsin: not detected; Nodularin: not detected; Saxitoxins: not detected",,2022-02-09 15:01:00,29.3083055555556,-81.6063888888889,0.3,
"Lake Estelle - NE lobe","Orange",2022-02-03,"DEP_CEN_ROC","No","mixed algae; no dominant species in sample","No","Yes",0.16,"I (I qualifier indicates that the reported value is between the laboratory method detection limit and the laboratory practical quantitation limit.)",,,,,,,,,"Anatoxin-a: not detected; Cylindrospermopsin: not detected; Nodularin: not detected",,2022-02-03 16:37:00,28.5771377,-81.3623294,0.3,
"Lake Estelle - NE lobe","Orange",2022-02-03,"CEROC","No","mixed algae; no dominant species in sample","No","Yes",0.16,"I (I qualifier indicates that the reported value is between the laboratory method detection limit and the laboratory practical quantitation limit.)",,,,,,,,,"Anatoxin-a: not detected; Cylindrospermopsin: not detected; Nodularin: not detected",,2022-02-03 16:37:00,28.5771377,-81.3623294,0.3,
"Lake Speer - SE boat ramp","Orange",2022-02-03,"DEP_CEN_ROC","No","mixed algae; no dominant species in sample","No","No",,,,,,,,,,,"Anatoxin-a: not detected; Cylindrospermopsin: not detected; Nodularin: not detected",,2022-02-03 15:28:00,28.4733,-81.5932,0.3,
"Lake Speer - SE boat ramp","Orange",2022-02-03,"CEROC","No","mixed algae; no dominant species in sample","No","No",,,,,,,,,,,"Anatoxin-a: not detected; Cylindrospermopsin: not detected; Nodularin: not detected",,2022-02-03 15:28:00,28.4733,-81.5932,0.3,
"Lake Monroe - Center (LMAC)","Volusia",2022-01-31,"SJRWMD","No","mixed algae; no dominant species in sample","No","No",,,,,,,,,,,"Anatoxin-a: not detected; Cylindrospermopsin: not detected; Nodularin: not detected; Saxitoxins: not detected",,2022-01-31 15:06:00,28.83496,-81.27091,0.3,
"Cypress Lake - West Lobe","Orange",2022-01-27,"County","Yes","Dominant taxon: Microcystis aeruginosa","Yes","No",,,,,,,,,,,"Anatoxin-a: not detected; Cylindrospermopsin: not detected; Nodularin: not detected","Orange County collected- small bloom on West edge of west lobe (~50m long)",2022-01-27 16:00:00,28.48009,-81.57121,0.3,"https://services1.arcgis.com/nRHtyn3uE1kyzoYc/arcgis/rest/services/service_5c5ebb2c750c442da2b09ddcc97bb150/FeatureServer/0/3405/attachments/3003?token=5-9B4_qFJxwE43FpRKmTcizn9xE4gyQzR7iJriH_WSdv7PgrexGGAhHhsGpscZa8SH_qjt0z84tspBh9UZdaQiiM655xl5nYilYijuNFLU5ctgA5UqoDG-yQnKzdu40YNWB8oief-0n4SY_CsI5ZrvtQHd97t_Zf1Jytpde8Gcx1_zdC8Fhz3OKM_JWL5zg6"
"Crescent Lake - mouth of Dunns Creek (CRESLM)","Putnam",2022-01-26,"SJRWMD","No","mixed algae; no dominant species in sample","No","No",,,,,,,,,,,"Anatoxin-a: not detected; Cylindrospermopsin: not detected; Nodularin: not detected; Saxitoxins: not detected",,2022-01-26 16:22:00,29.5295555555556,-81.5537222222222,0.3,
"Blue Cypress Lake - Center (BCL)","IndianRiver",2022-01-25,"SJRWMD","No","Dominant taxon: Microcystis aeruginosa","Yes","No",,,,,,,,,,,"Anatoxin-a: not detected; Cylindrospermopsin: not detected; Nodularin: not detected; Saxitoxins: not detected","HAB Routine Sample",2022-01-25 16:16:00,27.7266278,-80.7534226,0.3,"https://services1.arcgis.com/nRHtyn3uE1kyzoYc/arcgis/rest/services/service_5c5ebb2c750c442da2b09ddcc97bb150/FeatureServer/0/3399/attachments/2993?token=5-9B4_qFJxwE43FpRKmTcizn9xE4gyQzR7iJriH_WSdv7PgrexGGAhHhsGpscZa8SH_qjt0z84tspBh9UZdaQiiM655xl5nYilYijuNFLU5ctgA5UqoDG-yQnKzdu40YNWB8oief-0n4SY_CsI5ZrvtQHd97t_Zf1Jytpde8Gcx1_zdC8Fhz3OKM_JWL5zg6"
"Stickmarsh - North (STKM)","IndianRiver",2022-01-25,"SJRWMD","No","mixed algae; no dominant species in sample","No","No",,,,,,,,,,,"Anatoxin-a: not detected; Cylindrospermopsin: not detected; Nodularin: not detected; Saxitoxins: not detected",,2022-01-25 14:39:00,27.8103352,-80.7247417,0.3,"https://services1.arcgis.com/nRHtyn3uE1kyzoYc/arcgis/rest/services/service_5c5ebb2c750c442da2b09ddcc97bb150/FeatureServer/0/3401/attachments/2994?token=5-9B4_qFJxwE43FpRKmTcizn9xE4gyQzR7iJriH_WSdv7PgrexGGAhHhsGpscZa8SH_qjt0z84tspBh9UZdaQiiM655xl5nYilYijuNFLU5ctgA5UqoDG-yQnKzdu40YNWB8oief-0n4SY_CsI5ZrvtQHd97t_Zf1Jytpde8Gcx1_zdC8Fhz3OKM_JWL5zg6"
"Stick Marsh - North (STKM)","IndianRiver",2022-01-25,"SJRWMD","No","mixed algae; no dominant species in sample","No","No",,,,,,,,,,,"Anatoxin-a: not detected; Cylindrospermopsin: not detected; Nodularin: not detected; Saxitoxins: not detected",,2022-01-25 14:39:00,27.8103352,-80.7247417,0.3,"https://services1.arcgis.com/nRHtyn3uE1kyzoYc/ArcGIS/rest/services/service_c1026ff3b55f468d9f2edd834cb807f8/FeatureServer/0/5021/attachments/1420?token=esFGg2N_4QUkCtU1tiMztDW4hm2M0GdusSqnOkviQULZsKWy6cHlYSpBrHqloDkjMDORyL7vHp8tCloK_rT_6I4OA4EY19edP5rFzXcDxs3_bvd6rAbKq0BqhoPk7exiwoF-z98H5LJH5jJbe4dDOjffY9Bj9w3g5kWvPrs5PpMeAdY4Rap08W1RrijQW_Ta"
"Lake Jesup - Center (OW-CTR)","Seminole",2022-01-24,"SJRWMD","Yes","Co-dominant taxa were: Cylindrospermopsis raciborskii and Planktolyngbya limnetica","Yes","Yes",0.47,"I (I qualifier indicates that the reported value is between the laboratory method detection limit and the laboratory practical quantitation limit.)",,,,,,,,,"Anatoxin-a: not detected; Cylindrospermopsin: not detected; Nodularin: not detected; Saxitoxins: not detected",,2022-01-25 04:09:00,28.726591095712,-81.2120528976484,0.3,
"Lake Copeland - SE Corner","Orange",2022-01-24,"DEP_CEN_ROC","No","Dominant taxon: Microcystis aeruginosa","Yes","Yes",0.26,"I (I qualifier indicates that the reported value is between the laboratory method detection limit and the laboratory practical quantitation limit.)",,,,,,,,,"Anatoxin-a: not detected; Cylindrospermopsin: not detected; Nodularin: not detected","Aquashade applied?",2022-01-24 17:30:00,28.526,-81.3738,0.3,"https://services1.arcgis.com/nRHtyn3uE1kyzoYc/arcgis/rest/services/service_5c5ebb2c750c442da2b09ddcc97bb150/FeatureServer/0/3391/attachments/2986?token=5-9B4_qFJxwE43FpRKmTcizn9xE4gyQzR7iJriH_WSdv7PgrexGGAhHhsGpscZa8SH_qjt0z84tspBh9UZdaQiiM655xl5nYilYijuNFLU5ctgA5UqoDG-yQnKzdu40YNWB8oief-0n4SY_CsI5ZrvtQHd97t_Zf1Jytpde8Gcx1_zdC8Fhz3OKM_JWL5zg6"
"Lake Copeland - SE Corner","Orange",2022-01-24,"CEROC","No","Dominant taxon: Microcystis aeruginosa","Yes","Yes",0.26,"I (I qualifier indicates that the reported value is between the laboratory method detection limit and the laboratory practical quantitation limit.)",,,,,,,,,"Anatoxin-a: not detected; Cylindrospermopsin: not detected; Nodularin: not detected","Aquashade applied?",2022-01-24 17:30:00,28.526,-81.3738,0.3,"https://services1.arcgis.com/nRHtyn3uE1kyzoYc/ArcGIS/rest/services/service_c1026ff3b55f468d9f2edd834cb807f8/FeatureServer/0/5012/attachments/1412?token=esFGg2N_4QUkCtU1tiMztDW4hm2M0GdusSqnOkviQULZsKWy6cHlYSpBrHqloDkjMDORyL7vHp8tCloK_rT_6I4OA4EY19edP5rFzXcDxs3_bvd6rAbKq0BqhoPk7exiwoF-z98H5LJH5jJbe4dDOjffY9Bj9w3g5kWvPrs5PpMeAdY4Rap08W1RrijQW_Ta"
"Lake Formosa - SW Park","Orange",2022-01-24,"DEP_CEN_ROC","Yes","Dominant taxon: Microcystis aeruginosa","Yes","Yes",0.34,"I (I qualifier indicates that the reported value is between the laboratory method detection limit and the laboratory practical quantitation limit.)",,,,,,,,,"Anatoxin-a: not detected; Cylindrospermopsin: not detected; Nodularin: not detected","Suspended in WC, filamentous also observed. ",2022-01-24 16:45:00,28.5678085,-81.3715482,0.3,"https://services1.arcgis.com/nRHtyn3uE1kyzoYc/arcgis/rest/services/service_5c5ebb2c750c442da2b09ddcc97bb150/FeatureServer/0/3393/attachments/2990?token=5-9B4_qFJxwE43FpRKmTcizn9xE4gyQzR7iJriH_WSdv7PgrexGGAhHhsGpscZa8SH_qjt0z84tspBh9UZdaQiiM655xl5nYilYijuNFLU5ctgA5UqoDG-yQnKzdu40YNWB8oief-0n4SY_CsI5ZrvtQHd97t_Zf1Jytpde8Gcx1_zdC8Fhz3OKM_JWL5zg6"
"Lake Formosa - SW Park","Orange",2022-01-24,"CEROC","Yes","Dominant taxon: Microcystis aeruginosa","Yes","Yes",0.34,"I (I qualifier indicates that the reported value is between the laboratory method detection limit and the laboratory practical quantitation limit.)",,,,,,,,,"Anatoxin-a: not detected; Cylindrospermopsin: not detected; Nodularin: not detected","Suspended in WC, filamentous also observed. ",2022-01-24 16:45:00,28.5678085,-81.3715482,0.3,"https://services1.arcgis.com/nRHtyn3uE1kyzoYc/ArcGIS/rest/services/service_c1026ff3b55f468d9f2edd834cb807f8/FeatureServer/0/5014/attachments/1416?token=esFGg2N_4QUkCtU1tiMztDW4hm2M0GdusSqnOkviQULZsKWy6cHlYSpBrHqloDkjMDORyL7vHp8tCloK_rT_6I4OA4EY19edP5rFzXcDxs3_bvd6rAbKq0BqhoPk7exiwoF-z98H5LJH5jJbe4dDOjffY9Bj9w3g5kWvPrs5PpMeAdY4Rap08W1RrijQW_Ta"
"Lake Formosa - pedestrian bridge","Orange",2022-01-24,"DEP_CEN_ROC","No","Dominant taxon: Microcystis aeruginosa","Yes","Yes",0.44,"I (I qualifier indicates that the reported value is between the laboratory method detection limit and the laboratory practical quantitation limit.)",,,,,,,,,"Anatoxin-a: not detected; Cylindrospermopsin: not detected; Nodularin: not detected","Water green, slightly turbid. No surface accumulation. ",2022-01-24 15:45:00,28.569441,-81.3659756,0.3,"https://services1.arcgis.com/nRHtyn3uE1kyzoYc/arcgis/rest/services/service_5c5ebb2c750c442da2b09ddcc97bb150/FeatureServer/0/3392/attachments/2988?token=5-9B4_qFJxwE43FpRKmTcizn9xE4gyQzR7iJriH_WSdv7PgrexGGAhHhsGpscZa8SH_qjt0z84tspBh9UZdaQiiM655xl5nYilYijuNFLU5ctgA5UqoDG-yQnKzdu40YNWB8oief-0n4SY_CsI5ZrvtQHd97t_Zf1Jytpde8Gcx1_zdC8Fhz3OKM_JWL5zg6"
"Lake Formosa - pedestrian bridge","Orange",2022-01-24,"CEROC","No","Dominant taxon: Microcystis aeruginosa","Yes","Yes",0.44,"I (I qualifier indicates that the reported value is between the laboratory method detection limit and the laboratory practical quantitation limit.)",,,,,,,,,"Anatoxin-a: not detected; Cylindrospermopsin: not detected; Nodularin: not detected","Water green, slightly turbid. No surface accumulation. ",2022-01-24 15:45:00,28.569441,-81.3659756,0.3,"https://services1.arcgis.com/nRHtyn3uE1kyzoYc/ArcGIS/rest/services/service_c1026ff3b55f468d9f2edd834cb807f8/FeatureServer/0/5013/attachments/1414?token=esFGg2N_4QUkCtU1tiMztDW4hm2M0GdusSqnOkviQULZsKWy6cHlYSpBrHqloDkjMDORyL7vHp8tCloK_rT_6I4OA4EY19edP5rFzXcDxs3_bvd6rAbKq0BqhoPk7exiwoF-z98H5LJH5jJbe4dDOjffY9Bj9w3g5kWvPrs5PpMeAdY4Rap08W1RrijQW_Ta"
"Lake Chelton - between Forrest Rd and Glencoe Rd","Orange",2022-01-24,"DEP_CEN_ROC","No","Dominant taxon: Microcystis aeruginosa","Yes","Yes",0.67,,,,,,,,,,"Anatoxin-a: not detected; Cylindrospermopsin: not detected; Nodularin: not detected","Sheen still visible on lake, pushed to the shore.",2022-01-24 14:55:00,28.5777936,-81.348973,0.3,"https://services1.arcgis.com/nRHtyn3uE1kyzoYc/arcgis/rest/services/service_5c5ebb2c750c442da2b09ddcc97bb150/FeatureServer/0/3390/attachments/2985?token=5-9B4_qFJxwE43FpRKmTcizn9xE4gyQzR7iJriH_WSdv7PgrexGGAhHhsGpscZa8SH_qjt0z84tspBh9UZdaQiiM655xl5nYilYijuNFLU5ctgA5UqoDG-yQnKzdu40YNWB8oief-0n4SY_CsI5ZrvtQHd97t_Zf1Jytpde8Gcx1_zdC8Fhz3OKM_JWL5zg6"
"Lake Chelton - between Forrest Rd and Glencoe Rd","Orange",2022-01-24,"CEROC","No","Dominant taxon: Microcystis aeruginosa","Yes","Yes",0.67,,,,,,,,,,"Anatoxin-a: not detected; Cylindrospermopsin: not detected; Nodularin: not detected","Sheen still visible on lake, pushed to the shore.",2022-01-24 14:55:00,28.5777936,-81.348973,0.3,"https://services1.arcgis.com/nRHtyn3uE1kyzoYc/ArcGIS/rest/services/service_c1026ff3b55f468d9f2edd834cb807f8/FeatureServer/0/5011/attachments/1411?token=esFGg2N_4QUkCtU1tiMztDW4hm2M0GdusSqnOkviQULZsKWy6cHlYSpBrHqloDkjMDORyL7vHp8tCloK_rT_6I4OA4EY19edP5rFzXcDxs3_bvd6rAbKq0BqhoPk7exiwoF-z98H5LJH5jJbe4dDOjffY9Bj9w3g5kWvPrs5PpMeAdY4Rap08W1RrijQW_Ta"
"Lake Estelle - NE lobe","Orange",2022-01-20,"DEP_CEN_ROC","Yes","Dominant taxon: Microcystis aeruginosa","Yes","Yes",1.1,"I (I qualifier indicates that the reported value is between the laboratory method detection limit and the laboratory practical quantitation limit.)",,,,,,,,,"Anatoxin-a: not detected; Cylindrospermopsin: not detected; Nodularin: not detected",,2022-01-20 16:22:00,28.5771377,-81.3623294,0.3,"https://services1.arcgis.com/nRHtyn3uE1kyzoYc/arcgis/rest/services/service_5c5ebb2c750c442da2b09ddcc97bb150/FeatureServer/0/3388/attachments/2998?token=5-9B4_qFJxwE43FpRKmTcizn9xE4gyQzR7iJriH_WSdv7PgrexGGAhHhsGpscZa8SH_qjt0z84tspBh9UZdaQiiM655xl5nYilYijuNFLU5ctgA5UqoDG-yQnKzdu40YNWB8oief-0n4SY_CsI5ZrvtQHd97t_Zf1Jytpde8Gcx1_zdC8Fhz3OKM_JWL5zg6"
"Lake Estelle - NE lobe","Orange",2022-01-20,"CEROC","Yes","Dominant taxon: Microcystis aeruginosa","Yes","Yes",1.1,"I (I qualifier indicates that the reported value is between the laboratory method detection limit and the laboratory practical quantitation limit.)",,,,,,,,,"Anatoxin-a: not detected; Cylindrospermopsin: not detected; Nodularin: not detected",,2022-01-20 16:22:00,28.5771377,-81.3623294,0.3,"https://services1.arcgis.com/nRHtyn3uE1kyzoYc/ArcGIS/rest/services/service_c1026ff3b55f468d9f2edd834cb807f8/FeatureServer/0/5009/attachments/1408?token=esFGg2N_4QUkCtU1tiMztDW4hm2M0GdusSqnOkviQULZsKWy6cHlYSpBrHqloDkjMDORyL7vHp8tCloK_rT_6I4OA4EY19edP5rFzXcDxs3_bvd6rAbKq0BqhoPk7exiwoF-z98H5LJH5jJbe4dDOjffY9Bj9w3g5kWvPrs5PpMeAdY4Rap08W1RrijQW_Ta"
"Lake Sampson - Center","Putnam",2022-01-19,"DEP_NE_ROC","Yes","mixed algae; no dominant species in sample","No","No",,,,,,,,,,,"Anatoxin-a: not detected; Cylindrospermopsin: not detected; Nodularin: not detected; Saxitoxins: not detected",,2022-01-19 20:10:00,29.927412,-82.1856568,0.3,"https://services1.arcgis.com/nRHtyn3uE1kyzoYc/arcgis/rest/services/service_5c5ebb2c750c442da2b09ddcc97bb150/FeatureServer/0/3386/attachments/2982?token=5-9B4_qFJxwE43FpRKmTcizn9xE4gyQzR7iJriH_WSdv7PgrexGGAhHhsGpscZa8SH_qjt0z84tspBh9UZdaQiiM655xl5nYilYijuNFLU5ctgA5UqoDG-yQnKzdu40YNWB8oief-0n4SY_CsI5ZrvtQHd97t_Zf1Jytpde8Gcx1_zdC8Fhz3OKM_JWL5zg6"
"Lake Sampson - Center","Putnam",2022-01-19,"NEROC","Yes","mixed algae; no dominant species in sample","No","No",,,,,,,,,,,"Anatoxin-a: not detected; Cylindrospermopsin: not detected; Nodularin: not detected; Saxitoxins: not detected",,2022-01-19 20:10:00,29.927412,-82.1856568,0.3,"https://services1.arcgis.com/nRHtyn3uE1kyzoYc/ArcGIS/rest/services/service_c1026ff3b55f468d9f2edd834cb807f8/FeatureServer/0/5007/attachments/1405?token=esFGg2N_4QUkCtU1tiMztDW4hm2M0GdusSqnOkviQULZsKWy6cHlYSpBrHqloDkjMDORyL7vHp8tCloK_rT_6I4OA4EY19edP5rFzXcDxs3_bvd6rAbKq0BqhoPk7exiwoF-z98H5LJH5jJbe4dDOjffY9Bj9w3g5kWvPrs5PpMeAdY4Rap08W1RrijQW_Ta"
"Lake Washington -  Center (LWC)","Brevard",2022-01-18,"SJRWMD","No","mixed algae; no dominant species in sample","No","Yes",0.33,"I (I qualifier indicates that the reported value is between the laboratory method detection limit and the laboratory practical quantitation limit.)",,,,,,,,,"Anatoxin-a: not detected; Cylindrospermopsin: not detected; Nodularin: not detected; Saxitoxins: not detected",,2022-01-18 16:48:00,28.1479513445599,-80.7437347573587,0.31,"https://services1.arcgis.com/nRHtyn3uE1kyzoYc/arcgis/rest/services/service_5c5ebb2c750c442da2b09ddcc97bb150/FeatureServer/0/3383/attachments/2978?token=5-9B4_qFJxwE43FpRKmTcizn9xE4gyQzR7iJriH_WSdv7PgrexGGAhHhsGpscZa8SH_qjt0z84tspBh9UZdaQiiM655xl5nYilYijuNFLU5ctgA5UqoDG-yQnKzdu40YNWB8oief-0n4SY_CsI5ZrvtQHd97t_Zf1Jytpde8Gcx1_zdC8Fhz3OKM_JWL5zg6"
"Lake Washington - Center (LWC)","Brevard",2022-01-18,"SJRWMD","No","mixed algae; no dominant species in sample","No","Yes",0.33,"I (I qualifier indicates that the reported value is between the laboratory method detection limit and the laboratory practical quantitation limit.)",,,,,,,,,"Anatoxin-a: not detected; Cylindrospermopsin: not detected; Nodularin: not detected; Saxitoxins: not detected",,2022-01-18 16:48:00,28.1479513445599,-80.7437347573587,0.31,"https://services1.arcgis.com/nRHtyn3uE1kyzoYc/ArcGIS/rest/services/service_c1026ff3b55f468d9f2edd834cb807f8/FeatureServer/0/5004/attachments/1401?token=esFGg2N_4QUkCtU1tiMztDW4hm2M0GdusSqnOkviQULZsKWy6cHlYSpBrHqloDkjMDORyL7vHp8tCloK_rT_6I4OA4EY19edP5rFzXcDxs3_bvd6rAbKq0BqhoPk7exiwoF-z98H5LJH5jJbe4dDOjffY9Bj9w3g5kWvPrs5PpMeAdY4Rap08W1RrijQW_Ta"
"St. Johns River - Beecher's Point","Putnam",2022-01-17,"DEP_NE_ROC","No","mixed algae; no dominant species in sample","No","Yes",0.3,"I (I qualifier indicates that the reported value is between the laboratory method detection limit and the laboratory practical quantitation limit.)",,,,,,,,,"Anatoxin-a: not detected; Cylindrospermopsin: not detected; Nodularin: not detected; Saxitoxins: not detected",,2022-01-17 17:00:00,29.4663097,-81.6852399,0.3,"https://services1.arcgis.com/nRHtyn3uE1kyzoYc/arcgis/rest/services/service_5c5ebb2c750c442da2b09ddcc97bb150/FeatureServer/0/3378/attachments/2974?token=5-9B4_qFJxwE43FpRKmTcizn9xE4gyQzR7iJriH_WSdv7PgrexGGAhHhsGpscZa8SH_qjt0z84tspBh9UZdaQiiM655xl5nYilYijuNFLU5ctgA5UqoDG-yQnKzdu40YNWB8oief-0n4SY_CsI5ZrvtQHd97t_Zf1Jytpde8Gcx1_zdC8Fhz3OKM_JWL5zg6"
"St. Johns River - Beecher's Point","Putnam",2022-01-17,"NEROC","No","mixed algae; no dominant species in sample","No","Yes",0.3,"I (I qualifier indicates that the reported value is between the laboratory method detection limit and the laboratory practical quantitation limit.)",,,,,,,,,"Anatoxin-a: not detected; Cylindrospermopsin: not detected; Nodularin: not detected; Saxitoxins: not detected",,2022-01-17 17:00:00,29.4663097,-81.6852399,0.3,"https://services1.arcgis.com/nRHtyn3uE1kyzoYc/ArcGIS/rest/services/service_c1026ff3b55f468d9f2edd834cb807f8/FeatureServer/0/4999/attachments/1397?token=esFGg2N_4QUkCtU1tiMztDW4hm2M0GdusSqnOkviQULZsKWy6cHlYSpBrHqloDkjMDORyL7vHp8tCloK_rT_6I4OA4EY19edP5rFzXcDxs3_bvd6rAbKq0BqhoPk7exiwoF-z98H5LJH5jJbe4dDOjffY9Bj9w3g5kWvPrs5PpMeAdY4Rap08W1RrijQW_Ta"
"Lake Copeland - SE Corner ","Orange",2022-01-13,"DEP_CEN_ROC","Yes","mixed algae; no dominant species in sample","No","Yes",0.29,"I (I qualifier indicates that the reported value is between the laboratory method detection limit and the laboratory practical quantitation limit.)",,,,,,,,,"Anatoxin-a: not detected; Cylindrospermopsin: not detected; Nodularin: not detected",,2022-01-13 18:12:00,28.526,-81.3738,0.3,
"Lake Copeland - SE Corner","Orange",2022-01-13,"CEROC","Yes","mixed algae; no dominant species in sample","No","Yes",0.29,"I (I qualifier indicates that the reported value is between the laboratory method detection limit and the laboratory practical quantitation limit.)",,,,,,,,,"Anatoxin-a: not detected; Cylindrospermopsin: not detected; Nodularin: not detected",,2022-01-13 18:12:00,28.526,-81.3738,0.3,
"Lake Speer - SE boat ramp","Orange",2022-01-13,"DEP_CEN_ROC","Yes","Dominant taxon: Microcystis aeruginosa","Yes","Yes",0.68,"I (I qualifier indicates that the reported value is between the laboratory method detection limit and the laboratory practical quantitation limit.)",,,,,,,,,"Anatoxin-a: not detected; Cylindrospermopsin: not detected; Nodularin: not detected",,2022-01-13 17:12:00,28.4733,-81.5932,0.3,"https://services1.arcgis.com/nRHtyn3uE1kyzoYc/arcgis/rest/services/service_5c5ebb2c750c442da2b09ddcc97bb150/FeatureServer/0/3375/attachments/2972?token=5-9B4_qFJxwE43FpRKmTcizn9xE4gyQzR7iJriH_WSdv7PgrexGGAhHhsGpscZa8SH_qjt0z84tspBh9UZdaQiiM655xl5nYilYijuNFLU5ctgA5UqoDG-yQnKzdu40YNWB8oief-0n4SY_CsI5ZrvtQHd97t_Zf1Jytpde8Gcx1_zdC8Fhz3OKM_JWL5zg6"
"Lake Speer - SE boat ramp","Orange",2022-01-13,"CEROC","Yes","Dominant taxon: Microcystis aeruginosa","Yes","Yes",0.68,"I (I qualifier indicates that the reported value is between the laboratory method detection limit and the laboratory practical quantitation limit.)",,,,,,,,,"Anatoxin-a: not detected; Cylindrospermopsin: not detected; Nodularin: not detected",,2022-01-13 17:12:00,28.4733,-81.5932,0.3,"https://services1.arcgis.com/nRHtyn3uE1kyzoYc/ArcGIS/rest/services/service_c1026ff3b55f468d9f2edd834cb807f8/FeatureServer/0/4996/attachments/1395?token=esFGg2N_4QUkCtU1tiMztDW4hm2M0GdusSqnOkviQULZsKWy6cHlYSpBrHqloDkjMDORyL7vHp8tCloK_rT_6I4OA4EY19edP5rFzXcDxs3_bvd6rAbKq0BqhoPk7exiwoF-z98H5LJH5jJbe4dDOjffY9Bj9w3g5kWvPrs5PpMeAdY4Rap08W1RrijQW_Ta"
"St. Johns River - Shands Bridge (20030157)","StJohns",2022-01-13,"SJRWMD","No","mixed algae; no dominant species in sample","No","No",,,,,,,,,,,"Anatoxin-a: not detected; Cylindrospermopsin: not detected; Nodularin: not detected; Saxitoxins: not detected",,2022-01-13 16:16:00,29.9816305555556,-81.6221388888889,0.3,
"Doctors Lake - Center (DTL)","Clay",2022-01-13,"SJRWMD","No","mixed algae; no dominant species in sample","No","Yes",0.35,"I (I qualifier indicates that the reported value is between the laboratory method detection limit and the laboratory practical quantitation limit.)",,,,,,,,,"Anatoxin-a: not detected; Cylindrospermopsin: not detected; Nodularin: not detected; Saxitoxins: not detected",,2022-01-13 14:53:00,30.1380555555556,-81.7272222222222,0.3,
"St. Johns River - Mandarin Point (MP72)","Duval",2022-01-13,"SJRWMD","No","mixed algae; no dominant species in sample","No","No",,,,,,,,,,,"Anatoxin-a: not detected; Cylindrospermopsin: not detected; Nodularin: not detected; Saxitoxins: not detected",,2022-01-13 14:26:00,30.1566666666667,-81.6838888888889,0.3,
"Lake Chelton - between Forrest Rd and Glencoe Rd","Orange",2022-01-12,"DEP_CEN_ROC","No","mixed algae; no dominant species in sample","No","Yes",0.5,"I (I qualifier indicates that the reported value is between the laboratory method detection limit and the laboratory practical quantitation limit.)",,,,,,,,,"Anatoxin-a: not detected; Cylindrospermopsin: not detected; Nodularin: not detected","No bloom observed. Some filamentous mats. Sheen still present on small portion of lake.",2022-01-12 19:55:00,28.5777936,-81.348973,0.3,"https://services1.arcgis.com/nRHtyn3uE1kyzoYc/arcgis/rest/services/service_5c5ebb2c750c442da2b09ddcc97bb150/FeatureServer/0/3372/attachments/2968?token=5-9B4_qFJxwE43FpRKmTcizn9xE4gyQzR7iJriH_WSdv7PgrexGGAhHhsGpscZa8SH_qjt0z84tspBh9UZdaQiiM655xl5nYilYijuNFLU5ctgA5UqoDG-yQnKzdu40YNWB8oief-0n4SY_CsI5ZrvtQHd97t_Zf1Jytpde8Gcx1_zdC8Fhz3OKM_JWL5zg6"
"Lake Chelton - between Forrest Rd and Glencoe Rd","Orange",2022-01-12,"CEROC","No","mixed algae; no dominant species in sample","No","Yes",0.5,"I (I qualifier indicates that the reported value is between the laboratory method detection limit and the laboratory practical quantitation limit.)",,,,,,,,,"Anatoxin-a: not detected; Cylindrospermopsin: not detected; Nodularin: not detected","No bloom observed. Some filamentous mats. Sheen still present on small portion of lake.",2022-01-12 19:55:00,28.5777936,-81.348973,0.3,"https://services1.arcgis.com/nRHtyn3uE1kyzoYc/ArcGIS/rest/services/service_c1026ff3b55f468d9f2edd834cb807f8/FeatureServer/0/4993/attachments/1391?token=esFGg2N_4QUkCtU1tiMztDW4hm2M0GdusSqnOkviQULZsKWy6cHlYSpBrHqloDkjMDORyL7vHp8tCloK_rT_6I4OA4EY19edP5rFzXcDxs3_bvd6rAbKq0BqhoPk7exiwoF-z98H5LJH5jJbe4dDOjffY9Bj9w3g5kWvPrs5PpMeAdY4Rap08W1RrijQW_Ta"
"Lake Estelle - NE lobe","Orange",2022-01-12,"DEP_CEN_ROC","Yes","Co-dominant taxa were: Microcystis aeruginosa and Woronichinia naegeliana","Yes","Yes",7.2,,,,,,,,,,"Anatoxin-a: not detected; Cylindrospermopsin: not detected; Nodularin: not detected","Bloom observed on shoreline, lake looks clear",2022-01-12 19:05:00,28.5771377,-81.3623294,0.3,"https://services1.arcgis.com/nRHtyn3uE1kyzoYc/arcgis/rest/services/service_5c5ebb2c750c442da2b09ddcc97bb150/FeatureServer/0/3373/attachments/2970?token=5-9B4_qFJxwE43FpRKmTcizn9xE4gyQzR7iJriH_WSdv7PgrexGGAhHhsGpscZa8SH_qjt0z84tspBh9UZdaQiiM655xl5nYilYijuNFLU5ctgA5UqoDG-yQnKzdu40YNWB8oief-0n4SY_CsI5ZrvtQHd97t_Zf1Jytpde8Gcx1_zdC8Fhz3OKM_JWL5zg6"
"Lake Estelle - NE lobe","Orange",2022-01-12,"CEROC","Yes","Co-dominant taxa were: Microcystis aeruginosa and Woronichinia naegeliana","Yes","Yes",7.2,,,,,,,,,,"Anatoxin-a: not detected; Cylindrospermopsin: not detected; Nodularin: not detected","Bloom observed on shoreline, lake looks clear",2022-01-12 19:05:00,28.5771377,-81.3623294,0.3,"https://services1.arcgis.com/nRHtyn3uE1kyzoYc/ArcGIS/rest/services/service_c1026ff3b55f468d9f2edd834cb807f8/FeatureServer/0/4994/attachments/1393?token=esFGg2N_4QUkCtU1tiMztDW4hm2M0GdusSqnOkviQULZsKWy6cHlYSpBrHqloDkjMDORyL7vHp8tCloK_rT_6I4OA4EY19edP5rFzXcDxs3_bvd6rAbKq0BqhoPk7exiwoF-z98H5LJH5jJbe4dDOjffY9Bj9w3g5kWvPrs5PpMeAdY4Rap08W1RrijQW_Ta"
"Lake George - Center (LEO)","Volusia",2022-01-12,"SJRWMD","No","Dominant taxon: Microcystis aeruginosa","Yes","No",,,,,,,,,,,"Anatoxin-a: not detected; Cylindrospermopsin: not detected; Nodularin: not detected; Saxitoxins: not detected",,2022-01-12 13:53:00,29.3083055555556,-81.6063888888889,0.3,
"Punchbowl Lake - 140 Pearsall Cir","Putnam",2022-01-06,"DEP_NE_ROC","No","mixed algae; no dominant species in sample","No","No",,,,,,,,,,,"Anatoxin-a: not detected; Cylindrospermopsin: not detected; Nodularin: not detected",,2022-01-06 20:50:00,29.7171282,-82.0488679,0.3,"https://services1.arcgis.com/nRHtyn3uE1kyzoYc/arcgis/rest/services/service_5c5ebb2c750c442da2b09ddcc97bb150/FeatureServer/0/3367/attachments/2964?token=5-9B4_qFJxwE43FpRKmTcizn9xE4gyQzR7iJriH_WSdv7PgrexGGAhHhsGpscZa8SH_qjt0z84tspBh9UZdaQiiM655xl5nYilYijuNFLU5ctgA5UqoDG-yQnKzdu40YNWB8oief-0n4SY_CsI5ZrvtQHd97t_Zf1Jytpde8Gcx1_zdC8Fhz3OKM_JWL5zg6"
"Punchbowl Lake - 140 Pearsall Cir","Putnam",2022-01-06,"NEROC","No","mixed algae; no dominant species in sample","No","No",,,,,,,,,,,"Anatoxin-a: not detected; Cylindrospermopsin: not detected; Nodularin: not detected",,2022-01-06 20:50:00,29.7171282,-82.0488679,0.3,"https://services1.arcgis.com/nRHtyn3uE1kyzoYc/ArcGIS/rest/services/service_c1026ff3b55f468d9f2edd834cb807f8/FeatureServer/0/4988/attachments/1387?token=esFGg2N_4QUkCtU1tiMztDW4hm2M0GdusSqnOkviQULZsKWy6cHlYSpBrHqloDkjMDORyL7vHp8tCloK_rT_6I4OA4EY19edP5rFzXcDxs3_bvd6rAbKq0BqhoPk7exiwoF-z98H5LJH5jJbe4dDOjffY9Bj9w3g5kWvPrs5PpMeAdY4Rap08W1RrijQW_Ta"
"Lake Monroe - near center","Volusia",2022-01-06,"DEP_CEN_ROC","No","mixed algae; no dominant species in sample","No","No",,,,,,,,,,,"Anatoxin-a: not detected; Cylindrospermopsin: not detected; Nodularin: not detected",,2022-01-06 18:50:00,28.835292,-81.27104,0.3,"https://services1.arcgis.com/nRHtyn3uE1kyzoYc/arcgis/rest/services/service_5c5ebb2c750c442da2b09ddcc97bb150/FeatureServer/0/3366/attachments/2962?token=5-9B4_qFJxwE43FpRKmTcizn9xE4gyQzR7iJriH_WSdv7PgrexGGAhHhsGpscZa8SH_qjt0z84tspBh9UZdaQiiM655xl5nYilYijuNFLU5ctgA5UqoDG-yQnKzdu40YNWB8oief-0n4SY_CsI5ZrvtQHd97t_Zf1Jytpde8Gcx1_zdC8Fhz3OKM_JWL5zg6"
"Lake Monroe - near center","Volusia",2022-01-06,"CEROC","No","mixed algae; no dominant species in sample","No","No",,,,,,,,,,,"Anatoxin-a: not detected; Cylindrospermopsin: not detected; Nodularin: not detected",,2022-01-06 18:50:00,28.835292,-81.27104,0.3,"https://services1.arcgis.com/nRHtyn3uE1kyzoYc/ArcGIS/rest/services/service_c1026ff3b55f468d9f2edd834cb807f8/FeatureServer/0/4987/attachments/1385?token=esFGg2N_4QUkCtU1tiMztDW4hm2M0GdusSqnOkviQULZsKWy6cHlYSpBrHqloDkjMDORyL7vHp8tCloK_rT_6I4OA4EY19edP5rFzXcDxs3_bvd6rAbKq0BqhoPk7exiwoF-z98H5LJH5jJbe4dDOjffY9Bj9w3g5kWvPrs5PpMeAdY4Rap08W1RrijQW_Ta"
"Lake Rowena - Near Leu Gardens","Orange",2022-01-06,"DEP_CEN_ROC","No","mixed algae; no dominant species in sample","No","No",,,,,,,,,,,"Anatoxin-a: not detected; Cylindrospermopsin: not detected; Nodularin: not detected",,2022-01-06 16:24:00,28.56944,-81.358611,0.3,"https://services1.arcgis.com/nRHtyn3uE1kyzoYc/arcgis/rest/services/service_5c5ebb2c750c442da2b09ddcc97bb150/FeatureServer/0/3365/attachments/2960?token=5-9B4_qFJxwE43FpRKmTcizn9xE4gyQzR7iJriH_WSdv7PgrexGGAhHhsGpscZa8SH_qjt0z84tspBh9UZdaQiiM655xl5nYilYijuNFLU5ctgA5UqoDG-yQnKzdu40YNWB8oief-0n4SY_CsI5ZrvtQHd97t_Zf1Jytpde8Gcx1_zdC8Fhz3OKM_JWL5zg6"
"Lake Rowena - Near Leu Gardens","Orange",2022-01-06,"CEROC","No","mixed algae; no dominant species in sample","No","No",,,,,,,,,,,"Anatoxin-a: not detected; Cylindrospermopsin: not detected; Nodularin: not detected",,2022-01-06 16:24:00,28.56944,-81.358611,0.3,"https://services1.arcgis.com/nRHtyn3uE1kyzoYc/ArcGIS/rest/services/service_c1026ff3b55f468d9f2edd834cb807f8/FeatureServer/0/4986/attachments/1383?token=esFGg2N_4QUkCtU1tiMztDW4hm2M0GdusSqnOkviQULZsKWy6cHlYSpBrHqloDkjMDORyL7vHp8tCloK_rT_6I4OA4EY19edP5rFzXcDxs3_bvd6rAbKq0BqhoPk7exiwoF-z98H5LJH5jJbe4dDOjffY9Bj9w3g5kWvPrs5PpMeAdY4Rap08W1RrijQW_Ta"
"Lake Chelton - between Forrest Rd and Glencoe Rd","Orange",2021-12-28,"DEP_CEN_ROC","Yes","Dominant taxon: Dolichospermum planctonicum","Yes","Yes",0.36,"I (I qualifier indicates that the reported value is between the laboratory method detection limit and the laboratory practical quantitation limit.)",,,,,,,,,"Anatoxin-a: not detected; Cylindrospermopsin: not detected; Nodularin: not detected","Bloom around edge, rainbow cloudy sheen covering majority surface of lake",2021-12-28 20:39:00,28.5777936,-81.348973,0.3,"https://services1.arcgis.com/nRHtyn3uE1kyzoYc/arcgis/rest/services/service_5c5ebb2c750c442da2b09ddcc97bb150/FeatureServer/0/3351/attachments/2955?token=5-9B4_qFJxwE43FpRKmTcizn9xE4gyQzR7iJriH_WSdv7PgrexGGAhHhsGpscZa8SH_qjt0z84tspBh9UZdaQiiM655xl5nYilYijuNFLU5ctgA5UqoDG-yQnKzdu40YNWB8oief-0n4SY_CsI5ZrvtQHd97t_Zf1Jytpde8Gcx1_zdC8Fhz3OKM_JWL5zg6"
"Lake Copeland - SE Corner","Orange",2021-12-28,"DEP_CEN_ROC","No","mixed algae; no dominant species in sample","No","Yes",0.35,"I (I qualifier indicates that the reported value is between the laboratory method detection limit and the laboratory practical quantitation limit.)",,,,,,,,,"Anatoxin-a: not detected; Cylindrospermopsin: not detected; Nodularin: not detected",,2021-12-28 19:30:00,28.526,-81.3738,0.3,"https://services1.arcgis.com/nRHtyn3uE1kyzoYc/arcgis/rest/services/service_5c5ebb2c750c442da2b09ddcc97bb150/FeatureServer/0/3350/attachments/2953?token=5-9B4_qFJxwE43FpRKmTcizn9xE4gyQzR7iJriH_WSdv7PgrexGGAhHhsGpscZa8SH_qjt0z84tspBh9UZdaQiiM655xl5nYilYijuNFLU5ctgA5UqoDG-yQnKzdu40YNWB8oief-0n4SY_CsI5ZrvtQHd97t_Zf1Jytpde8Gcx1_zdC8Fhz3OKM_JWL5zg6"
"Lake Speer - SE boat ramp","Orange",2021-12-28,"DEP_CEN_ROC","Yes","Dominant taxon: Microcystis aeruginosa","Yes","Yes",0.45,"I (I qualifier indicates that the reported value is between the laboratory method detection limit and the laboratory practical quantitation limit.)",,,,,,,,,"Anatoxin-a: not detected; Cylindrospermopsin: not detected; Nodularin: not detected",,2021-12-28 18:35:00,28.4733,-81.5932,0.3,"https://services1.arcgis.com/nRHtyn3uE1kyzoYc/arcgis/rest/services/service_5c5ebb2c750c442da2b09ddcc97bb150/FeatureServer/0/3346/attachments/2950?token=5-9B4_qFJxwE43FpRKmTcizn9xE4gyQzR7iJriH_WSdv7PgrexGGAhHhsGpscZa8SH_qjt0z84tspBh9UZdaQiiM655xl5nYilYijuNFLU5ctgA5UqoDG-yQnKzdu40YNWB8oief-0n4SY_CsI5ZrvtQHd97t_Zf1Jytpde8Gcx1_zdC8Fhz3OKM_JWL5zg6"
"Crescent Lake - mouth of Dunns Creek (CRESLM)","Putnam",2021-12-28,"SJRWMD","No","mixed algae; no dominant species in sample","No","Yes",0.31,"I (I qualifier indicates that the reported value is between the laboratory method detection limit and the laboratory practical quantitation limit.)",,,,,,,,,"Anatoxin-a: not detected; Cylindrospermopsin: not detected; Nodularin: not detected; saxitoxins: not detected",,2021-12-28 18:33:00,29.5295555555556,-81.5537222222222,0.3,
"Lake Jesup - Center (OW-CTR)","Seminole",2021-12-28,"SJRWMD","Yes","Dominant taxon: Cylindrospermopsis raciborskii","Yes","Yes",0.77,"I (I qualifier indicates that the reported value is between the laboratory method detection limit and the laboratory practical quantitation limit.)",,,,,,,,,"Anatoxin-a: not detected; Cylindrospermopsin: not detected; Nodularin: not detected; saxitoxins: not detected",,2021-12-28 16:28:00,28.7268,-81.2111,0.3,
"St. Johns River - Beechers Point","Putnam",2021-12-28,"DEP_NE_ROC","No","mixed algae; no dominant species in sample","No","Yes",0.31,"I (I qualifier indicates that the reported value is between the laboratory method detection limit and the laboratory practical quantitation limit.)",,,,,,,,,"Anatoxin-a: not detected; Cylindrospermopsin: not detected; Nodularin: not detected",,2021-12-28 15:35:00,29.466315,-81.6852968,0.3,"https://services1.arcgis.com/nRHtyn3uE1kyzoYc/arcgis/rest/services/service_5c5ebb2c750c442da2b09ddcc97bb150/FeatureServer/0/3344/attachments/2945?token=5-9B4_qFJxwE43FpRKmTcizn9xE4gyQzR7iJriH_WSdv7PgrexGGAhHhsGpscZa8SH_qjt0z84tspBh9UZdaQiiM655xl5nYilYijuNFLU5ctgA5UqoDG-yQnKzdu40YNWB8oief-0n4SY_CsI5ZrvtQHd97t_Zf1Jytpde8Gcx1_zdC8Fhz3OKM_JWL5zg6"
"Lake Monroe - Center (LMAC)","Volusia",2021-12-28,"SJRWMD","No","Dominant taxon: Microcystis sp.","Yes","No",,,,,,,,,,,"Anatoxin-a: not detected; Cylindrospermopsin: not detected; Nodularin: not detected; saxitoxins: not detected",,2021-12-28 15:10:00,28.83496,-81.27091,0.3,
"Lake Washington - Center (LWC)","Brevard",2021-12-28,"SJRWMD","No","mixed algae; no dominant species in sample","No","Yes",0.45,"I (I qualifier indicates that the reported value is between the laboratory method detection limit and the laboratory practical quantitation limit.)",,,,,,,,,"Anatoxin-a: not detected; Cylindrospermopsin: not detected; Nodularin: not detected; saxitoxins: not detected",,2021-12-28 13:37:00,28.1448649705403,-80.7461187629142,0.3,"https://services1.arcgis.com/nRHtyn3uE1kyzoYc/arcgis/rest/services/service_5c5ebb2c750c442da2b09ddcc97bb150/FeatureServer/0/3349/attachments/2952?token=5-9B4_qFJxwE43FpRKmTcizn9xE4gyQzR7iJriH_WSdv7PgrexGGAhHhsGpscZa8SH_qjt0z84tspBh9UZdaQiiM655xl5nYilYijuNFLU5ctgA5UqoDG-yQnKzdu40YNWB8oief-0n4SY_CsI5ZrvtQHd97t_Zf1Jytpde8Gcx1_zdC8Fhz3OKM_JWL5zg6"
"Lake Estelle - NE lobe ","Orange",2021-12-27,"DEP_CEN_ROC","Yes","Dominant taxon: Microcystis aeruginosa","Yes","Yes",1.5,"I (I qualifier indicates that the reported value is between the laboratory method detection limit and the laboratory practical quantitation limit.)",,,,,,,,,"Anatoxin-a: not detected; Cylindrospermopsin: not detected; Nodularin: not detected",,2021-12-27 16:00:00,28.5771377,-81.3623294,0.2,"https://services1.arcgis.com/nRHtyn3uE1kyzoYc/arcgis/rest/services/service_5c5ebb2c750c442da2b09ddcc97bb150/FeatureServer/0/3338/attachments/2939?token=5-9B4_qFJxwE43FpRKmTcizn9xE4gyQzR7iJriH_WSdv7PgrexGGAhHhsGpscZa8SH_qjt0z84tspBh9UZdaQiiM655xl5nYilYijuNFLU5ctgA5UqoDG-yQnKzdu40YNWB8oief-0n4SY_CsI5ZrvtQHd97t_Zf1Jytpde8Gcx1_zdC8Fhz3OKM_JWL5zg6"
"Blue Cypress Lake - Center (BCL)","IndianRiver",2021-12-27,"SJRWMD","No","Dominant taxon: Microcystis aeruginosa","Yes","No",,,,,,,,,,,"Anatoxin-a: not detected; Cylindrospermopsin: not detected; Nodularin: not detected; saxitoxins: not detected",,2021-12-27 14:39:00,27.7300787445613,-80.7556369926573,0.3,"https://services1.arcgis.com/nRHtyn3uE1kyzoYc/arcgis/rest/services/service_5c5ebb2c750c442da2b09ddcc97bb150/FeatureServer/0/3339/attachments/2942?token=5-9B4_qFJxwE43FpRKmTcizn9xE4gyQzR7iJriH_WSdv7PgrexGGAhHhsGpscZa8SH_qjt0z84tspBh9UZdaQiiM655xl5nYilYijuNFLU5ctgA5UqoDG-yQnKzdu40YNWB8oief-0n4SY_CsI5ZrvtQHd97t_Zf1Jytpde8Gcx1_zdC8Fhz3OKM_JWL5zg6"
"Stick Marsh (STKM)","IndianRiver",2021-12-27,"SJRWMD","No","mixed algae; no dominant species in sample","No","Yes",0.37,"I (I qualifier indicates that the reported value is between the laboratory method detection limit and the laboratory practical quantitation limit.)",,,,,,,,,"Anatoxin-a: not detected; Cylindrospermopsin: not detected; Nodularin: not detected; saxitoxins: not detected","HAB Routine Sample",2021-12-27 14:27:00,27.8105349,-80.7249447,0.3,"https://services1.arcgis.com/nRHtyn3uE1kyzoYc/arcgis/rest/services/service_5c5ebb2c750c442da2b09ddcc97bb150/FeatureServer/0/3337/attachments/2937?token=5-9B4_qFJxwE43FpRKmTcizn9xE4gyQzR7iJriH_WSdv7PgrexGGAhHhsGpscZa8SH_qjt0z84tspBh9UZdaQiiM655xl5nYilYijuNFLU5ctgA5UqoDG-yQnKzdu40YNWB8oief-0n4SY_CsI5ZrvtQHd97t_Zf1Jytpde8Gcx1_zdC8Fhz3OKM_JWL5zg6"
"Lake Druid - Lake Druid Park shore","Orange",2021-12-20,"DEP_CEN_ROC","Yes","Dominant taxon: Woronichinia naegeliana","Yes","No",,,,,,,,,,,"Anatoxin-a: not detected; Cylindrospermopsin: not detected; Nodularin: not detected",,2021-12-20 16:36:00,28.559132,-81.350085,0.3,
"Lake Rowena - Near Leu Gardens","Orange",2021-12-20,"DEP_CEN_ROC","Yes","Dominant taxon: Microcystis aeruginosa","Yes","No",,,,,,,,,,,"Anatoxin-a: not detected; Cylindrospermopsin: not detected; Nodularin: not detected",,2021-12-20 15:54:00,28.569444,-81.358611,0.301,
"Lake Copeland - SE Corner","Orange",2021-12-15,"DEP_CEN_ROC","Yes","Dominant taxon: Microcystis aeruginosa","Yes","No",,,,,,,,,,,"Anatoxin-a: not detected; Cylindrospermopsin: not detected; Nodularin: not detected","Slight bloom visible in water column. Water looks like a treatment was applied. ",2021-12-15 18:05:00,28.526,-81.3738,0.3,"https://services1.arcgis.com/nRHtyn3uE1kyzoYc/arcgis/rest/services/service_5c5ebb2c750c442da2b09ddcc97bb150/FeatureServer/0/3326/attachments/2925?token=5-9B4_qFJxwE43FpRKmTcizn9xE4gyQzR7iJriH_WSdv7PgrexGGAhHhsGpscZa8SH_qjt0z84tspBh9UZdaQiiM655xl5nYilYijuNFLU5ctgA5UqoDG-yQnKzdu40YNWB8oief-0n4SY_CsI5ZrvtQHd97t_Zf1Jytpde8Gcx1_zdC8Fhz3OKM_JWL5zg6"
"Indian River - Port St. John Boat Ramp","Brevard",2021-12-15,"DEP_CEN_ROC","No","Co-dominant taxa were: Heterocapsa niei and Cerataulina pelagica","No","No",,,,,,,,,,,"Anatoxin-a: not detected; Cylindrospermopsin: not detected; Nodularin: not detected","Algae identified by FWRI; toxin analysis performed by DEP.",2021-12-15 18:03:00,28.4749162,-80.7664827,0.3,"https://services1.arcgis.com/nRHtyn3uE1kyzoYc/arcgis/rest/services/service_5c5ebb2c750c442da2b09ddcc97bb150/FeatureServer/0/3328/attachments/2928?token=5-9B4_qFJxwE43FpRKmTcizn9xE4gyQzR7iJriH_WSdv7PgrexGGAhHhsGpscZa8SH_qjt0z84tspBh9UZdaQiiM655xl5nYilYijuNFLU5ctgA5UqoDG-yQnKzdu40YNWB8oief-0n4SY_CsI5ZrvtQHd97t_Zf1Jytpde8Gcx1_zdC8Fhz3OKM_JWL5zg6"
"Banana River - near Mather’s Bridge ","Brevard",2021-12-15,"DEP_CEN_ROC","No","mixed algae; no dominant species in sample","No","No",,,,,,,,,,,"Anatoxin-a: not detected; Cylindrospermopsin: not detected; Nodularin: not detected","Algae identified by FWRI; toxin analysis performed by DEP.",2021-12-15 16:18:00,28.1495567,-80.6052947,0.3,"https://services1.arcgis.com/nRHtyn3uE1kyzoYc/arcgis/rest/services/service_5c5ebb2c750c442da2b09ddcc97bb150/FeatureServer/0/3327/attachments/2926?token=5-9B4_qFJxwE43FpRKmTcizn9xE4gyQzR7iJriH_WSdv7PgrexGGAhHhsGpscZa8SH_qjt0z84tspBh9UZdaQiiM655xl5nYilYijuNFLU5ctgA5UqoDG-yQnKzdu40YNWB8oief-0n4SY_CsI5ZrvtQHd97t_Zf1Jytpde8Gcx1_zdC8Fhz3OKM_JWL5zg6"
"Lake Speer - SE boat ramp","Orange",2021-12-15,"DEP_CEN_ROC","Yes","Dominant taxon: Microcystis aeruginosa","Yes","Yes",0.52,"I (I qualifier indicates that the reported value is between the laboratory method detection limit and the laboratory practical quantitation limit.)",,,,,,,,,"Anatoxin-a: not detected; Cylindrospermopsin: not detected; Nodularin: not detected",,2021-12-15 16:05:00,28.4733,-81.5932,0.3,"https://services1.arcgis.com/nRHtyn3uE1kyzoYc/arcgis/rest/services/service_5c5ebb2c750c442da2b09ddcc97bb150/FeatureServer/0/3325/attachments/2923?token=5-9B4_qFJxwE43FpRKmTcizn9xE4gyQzR7iJriH_WSdv7PgrexGGAhHhsGpscZa8SH_qjt0z84tspBh9UZdaQiiM655xl5nYilYijuNFLU5ctgA5UqoDG-yQnKzdu40YNWB8oief-0n4SY_CsI5ZrvtQHd97t_Zf1Jytpde8Gcx1_zdC8Fhz3OKM_JWL5zg6"
"SJR - Shands Bridge (20030157)","StJohns",2021-12-14,"SJRWMD","No","Dominant taxon: Microcystis aeruginosa","Yes","No",,,,,,,,,,,"Anatoxin-a: not detected; Cylindrospermopsin: not detected; Nodularin: not detected; Saxitoxins: not detected",,2021-12-14 17:22:00,29.98163056,-81.62213889,0.3,
"Doctors Lake - Center (DTL)","Clay",2021-12-14,"SJRWMD","No","mixed algae; no dominant species in sample","No","No",,,,,,,,,,,"Anatoxin-a: not detected; Cylindrospermopsin: not detected; Nodularin: not detected; Saxitoxins: not detected",,2021-12-14 16:27:00,30.13805556,-81.72722222,0.3,
"SJR - Mandarin Point (MP72)","Duval",2021-12-14,"SJRWMD","No","Dominant taxon: Microcystis aeruginosa","Yes","No",,,,,,,,,,,"Anatoxin-a: not detected; Cylindrospermopsin: not detected; Nodularin: not detected; Saxitoxins: not detected",,2021-12-14 15:10:00,30.15666667,-81.68388889,0.3,
"Lake George - Center (LEO)","Volusia",2021-12-09,"SJRWMD","No","mixed algae; no dominant species in sample","No","No",,,,,,,,,,,"Anatoxin-a: not detected; Cylindrospermopsin: not detected; Nodularin: not detected; Saxitoxins: not detected",,2021-12-09 13:40:00,29.3083055555556,-81.6063888888889,0.3,
"Lake Weir - Northwest","Marion",2021-12-06,"SJRWMD","Yes","Dominant taxon: Botryococcus braunii","No","No",,,,,,,,,,,"Anatoxin-a: not detected; Cylindrospermopsin: not detected; Nodularin: not detected",,2021-12-06 17:24:00,29.01728,-81.96344,0.3,
"St. Johns River - near San Mateo","Putnam",2021-12-02,"SJRWMD","No","Dominant taxon: Microcystis aeruginosa","Yes","No",,,,,,,,,,,"Anatoxin-a: not detected; Cylindrospermopsin: not detected; Nodularin: not detected; Saxitoxins: not detected",,2021-12-02 18:55:00,29.595935,-81.608132,0.3,
"Sawgrass Lake - from CWC dock","Lake",2021-12-02,"DEP_CEN_ROC","Yes","Dominant taxon: Microcystis aeruginosa","Yes","Yes",0.51,"I (I qualifier indicates that the reported value is between the laboratory method detection limit and the laboratory practical quantitation limit.)",,,,,,,,,"Anatoxin-a: not detected; Cylindrospermopsin: not detected; Nodularin: not detected","Clear surface with suspended algae in water column",2021-12-02 16:30:00,28.4336228,-81.6891351,0.3,"https://services1.arcgis.com/nRHtyn3uE1kyzoYc/arcgis/rest/services/service_5c5ebb2c750c442da2b09ddcc97bb150/FeatureServer/0/3295/attachments/2899?token=5-9B4_qFJxwE43FpRKmTcizn9xE4gyQzR7iJriH_WSdv7PgrexGGAhHhsGpscZa8SH_qjt0z84tspBh9UZdaQiiM655xl5nYilYijuNFLU5ctgA5UqoDG-yQnKzdu40YNWB8oief-0n4SY_CsI5ZrvtQHd97t_Zf1Jytpde8Gcx1_zdC8Fhz3OKM_JWL5zg6"
"Lake Speer - SE boat ramp","Orange",2021-12-01,"DEP_CEN_ROC","Yes","Co-dominant taxa were: Microcystis aeruginosa and Woronichinia sp.","Yes","Yes",7.7,,,,,,,,,,"Anatoxin-a: not detected; Cylindrospermopsin: not detected; Nodularin: not detected","Glob and surface scum accumulation",2021-12-01 19:35:00,28.4733,-81.5932,0.3,"https://services1.arcgis.com/nRHtyn3uE1kyzoYc/arcgis/rest/services/service_5c5ebb2c750c442da2b09ddcc97bb150/FeatureServer/0/3292/attachments/2896?token=5-9B4_qFJxwE43FpRKmTcizn9xE4gyQzR7iJriH_WSdv7PgrexGGAhHhsGpscZa8SH_qjt0z84tspBh9UZdaQiiM655xl5nYilYijuNFLU5ctgA5UqoDG-yQnKzdu40YNWB8oief-0n4SY_CsI5ZrvtQHd97t_Zf1Jytpde8Gcx1_zdC8Fhz3OKM_JWL5zg6"
"St. Johns River - Mouth of Goodby`s Creek","Duval",2021-11-30,"DEP_NE_ROC","No","Dominant taxon: Microcystis aeruginosa","Yes","No",,,,,,,,,,,"Anatoxin-a: not detected; Cylindrospermopsin: not detected; Nodularin: not detected",,2021-11-30 17:35:00,30.2166791,-81.6236127,0.3,"https://services1.arcgis.com/nRHtyn3uE1kyzoYc/arcgis/rest/services/service_5c5ebb2c750c442da2b09ddcc97bb150/FeatureServer/0/3287/attachments/2887?token=5-9B4_qFJxwE43FpRKmTcizn9xE4gyQzR7iJriH_WSdv7PgrexGGAhHhsGpscZa8SH_qjt0z84tspBh9UZdaQiiM655xl5nYilYijuNFLU5ctgA5UqoDG-yQnKzdu40YNWB8oief-0n4SY_CsI5ZrvtQHd97t_Zf1Jytpde8Gcx1_zdC8Fhz3OKM_JWL5zg6"
"Crescent Lake - Sunrise Park Boat Ramp","Putnam",2021-11-30,"SJRWMD","No","Dominant taxon: Microcystis aeruginosa","Yes","Yes",0.12,"I (I qualifier indicates that the reported value is between the laboratory method detection limit and the laboratory practical quantitation limit.)",,,,,,,,,"Anatoxin-a: not detected; Cylindrospermopsin: not detected; Nodularin: not detected; Saxitoxins: not detected",,2021-11-30 17:13:00,29.4282,-81.5063,0.3,
"Christopher Creek - below San Jose Blvd","Duval",2021-11-30,"DEP_NE_ROC","No","mixed algae; no dominant species in sample","No","No",,,,,,,,,,,"Anatoxin-a: not detected; Cylindrospermopsin: not detected; Nodularin: not detected",,2021-11-30 17:05:00,30.2526236,-81.642192,0.3,"https://services1.arcgis.com/nRHtyn3uE1kyzoYc/arcgis/rest/services/service_5c5ebb2c750c442da2b09ddcc97bb150/FeatureServer/0/3286/attachments/2884?token=5-9B4_qFJxwE43FpRKmTcizn9xE4gyQzR7iJriH_WSdv7PgrexGGAhHhsGpscZa8SH_qjt0z84tspBh9UZdaQiiM655xl5nYilYijuNFLU5ctgA5UqoDG-yQnKzdu40YNWB8oief-0n4SY_CsI5ZrvtQHd97t_Zf1Jytpde8Gcx1_zdC8Fhz3OKM_JWL5zg6"
"Crescent Lake - South Shore near Hopkins Point","Putnam",2021-11-30,"SJRWMD","No","Dominant taxon: Microcystis aeruginosa","Yes","Yes",0.5,"I (I qualifier indicates that the reported value is between the laboratory method detection limit and the laboratory practical quantitation limit.)",,,,,,,,,"Anatoxin-a: not detected; Cylindrospermopsin: not detected; Nodularin: not detected; Saxitoxins: not detected",,2021-11-30 16:47:00,29.381665,-81.472682,0.3,
"St. Johns River - end of Blake Ave","Duval",2021-11-30,"DEP_NE_ROC","No","mixed algae; no dominant species in sample","No","No",,,,,,,,,,,"Anatoxin-a: not detected; Cylindrospermopsin: not detected; Nodularin: not detected",,2021-11-30 16:10:00,30.1744204,-81.6969296,0.3,"https://services1.arcgis.com/nRHtyn3uE1kyzoYc/arcgis/rest/services/service_5c5ebb2c750c442da2b09ddcc97bb150/FeatureServer/0/3285/attachments/2881?token=5-9B4_qFJxwE43FpRKmTcizn9xE4gyQzR7iJriH_WSdv7PgrexGGAhHhsGpscZa8SH_qjt0z84tspBh9UZdaQiiM655xl5nYilYijuNFLU5ctgA5UqoDG-yQnKzdu40YNWB8oief-0n4SY_CsI5ZrvtQHd97t_Zf1Jytpde8Gcx1_zdC8Fhz3OKM_JWL5zg6"
"Crescent lake - at Eagle Trail","Putnam",2021-11-30,"DEP_NE_ROC","Yes","Dominant taxon: Microcystis aeruginosa","Yes","Yes",0.27,"I (I qualifier indicates that the reported value is between the laboratory method detection limit and the laboratory practical quantitation limit.)",,,,,,,,,"Anatoxin-a: not detected; Cylindrospermopsin: not detected; Nodularin: not detected","Diffuse bloom",2021-11-30 15:55:00,29.3847832,-81.4725452,0.3,"https://services1.arcgis.com/nRHtyn3uE1kyzoYc/arcgis/rest/services/service_5c5ebb2c750c442da2b09ddcc97bb150/FeatureServer/0/3284/attachments/2880?token=5-9B4_qFJxwE43FpRKmTcizn9xE4gyQzR7iJriH_WSdv7PgrexGGAhHhsGpscZa8SH_qjt0z84tspBh9UZdaQiiM655xl5nYilYijuNFLU5ctgA5UqoDG-yQnKzdu40YNWB8oief-0n4SY_CsI5ZrvtQHd97t_Zf1Jytpde8Gcx1_zdC8Fhz3OKM_JWL5zg6"
"St. Johns River - Mouth of Deep Bottom Creek","Duval",2021-11-30,"DEP_NE_ROC","No","mixed algae; no dominant species in sample","No","No",,,,,,,,,,,"Anatoxin-a: not detected; Cylindrospermopsin: not detected; Nodularin: not detected",,2021-11-30 15:35:00,30.1771973,-81.6429616,0.3,"https://services1.arcgis.com/nRHtyn3uE1kyzoYc/arcgis/rest/services/service_5c5ebb2c750c442da2b09ddcc97bb150/FeatureServer/0/3283/attachments/2877?token=5-9B4_qFJxwE43FpRKmTcizn9xE4gyQzR7iJriH_WSdv7PgrexGGAhHhsGpscZa8SH_qjt0z84tspBh9UZdaQiiM655xl5nYilYijuNFLU5ctgA5UqoDG-yQnKzdu40YNWB8oief-0n4SY_CsI5ZrvtQHd97t_Zf1Jytpde8Gcx1_zdC8Fhz3OKM_JWL5zg6"
"St. Johns River - Plummer's Cove","Duval",2021-11-30,"DEP_NE_ROC","No","mixed algae; no dominant species in sample","No","No",,,,,,,,,,,"Anatoxin-a: not detected; Cylindrospermopsin: not detected; Nodularin: not detected",,2021-11-30 15:00:00,30.1913747,-81.637573,0.3,"https://services1.arcgis.com/nRHtyn3uE1kyzoYc/arcgis/rest/services/service_5c5ebb2c750c442da2b09ddcc97bb150/FeatureServer/0/3282/attachments/2874?token=5-9B4_qFJxwE43FpRKmTcizn9xE4gyQzR7iJriH_WSdv7PgrexGGAhHhsGpscZa8SH_qjt0z84tspBh9UZdaQiiM655xl5nYilYijuNFLU5ctgA5UqoDG-yQnKzdu40YNWB8oief-0n4SY_CsI5ZrvtQHd97t_Zf1Jytpde8Gcx1_zdC8Fhz3OKM_JWL5zg6"
"Lake Anderson - Center","Orange",2021-11-30,"County","No","Dominant taxon: Microcystis aeruginosa","Yes","Yes",0.58,"I (I qualifier indicates that the reported value is between the laboratory method detection limit and the laboratory practical quantitation limit.)",,,,,,,,,"Anatoxin-a: not detected; Cylindrospermopsin: not detected; Nodularin: not detected","Some small globs observed in water column but not enough to be considered a bloom",2021-11-30 14:30:00,28.499,-81.3368,0.3,"https://services1.arcgis.com/nRHtyn3uE1kyzoYc/arcgis/rest/services/service_5c5ebb2c750c442da2b09ddcc97bb150/FeatureServer/0/3289/attachments/2892?token=5-9B4_qFJxwE43FpRKmTcizn9xE4gyQzR7iJriH_WSdv7PgrexGGAhHhsGpscZa8SH_qjt0z84tspBh9UZdaQiiM655xl5nYilYijuNFLU5ctgA5UqoDG-yQnKzdu40YNWB8oief-0n4SY_CsI5ZrvtQHd97t_Zf1Jytpde8Gcx1_zdC8Fhz3OKM_JWL5zg6"
"Lake Jesup - Center (OW-CTR)","Seminole",2021-11-22,"SJRWMD","No","Dominant taxon: Cylindrospermopsis raciborskii","Yes","Yes",,,0.15,"I (I qualifier indicates that the reported value is between the laboratory method detection limit and the laboratory practical quantitation limit.)",,,,,,,"Anatoxin-a: not detected; Cylindrospermopsin: 0.15 I (I qualifier indicates that the reported value is between the laboratory method detection limit and the laboratory practical quantitation limit.); Nodularin: not detected; Saxitoxins: not detected",,2021-11-22 15:45:00,28.7268,-81.2111,0.3,
"Lake Monroe - Center (LMAC)","Volusia",2021-11-22,"SJRWMD","No","mixed algae; no dominant species in sample","No","No",,,,,,,,,,,"Anatoxin-a: not detected; Cylindrospermopsin: not detected; Nodularin: not detected; Saxitoxins: not detected",,2021-11-22 15:39:00,28.83496,-81.27091,0.3,
"Stick Marsh - North (STKM)","IndianRiver",2021-11-22,"SJRWMD","No","mixed algae; no dominant species in sample","No","No",,,,,,,,,,,"Anatoxin-a: not detected; Cylindrospermopsin: not detected; Nodularin: not detected; Saxitoxins: not detected",,2021-11-22 15:32:00,27.8149158766335,-80.7269311179926,0.3,"https://services1.arcgis.com/nRHtyn3uE1kyzoYc/arcgis/rest/services/service_5c5ebb2c750c442da2b09ddcc97bb150/FeatureServer/0/3278/attachments/2872?token=5-9B4_qFJxwE43FpRKmTcizn9xE4gyQzR7iJriH_WSdv7PgrexGGAhHhsGpscZa8SH_qjt0z84tspBh9UZdaQiiM655xl5nYilYijuNFLU5ctgA5UqoDG-yQnKzdu40YNWB8oief-0n4SY_CsI5ZrvtQHd97t_Zf1Jytpde8Gcx1_zdC8Fhz3OKM_JWL5zg6"
"Blue Cypress Lake - Center (BCL)","IndianRiver",2021-11-22,"SJRWMD","No","Dominant taxon: Microcystis aeruginosa","Yes","No",,,,,,,,,,,"Anatoxin-a: not detected; Cylindrospermopsin: not detected; Nodularin: not detected; Saxitoxins: not detected",,2021-11-22 15:09:00,27.7298400688261,-80.7544529245028,0.3,"https://services1.arcgis.com/nRHtyn3uE1kyzoYc/arcgis/rest/services/service_5c5ebb2c750c442da2b09ddcc97bb150/FeatureServer/0/3277/attachments/2871?token=5-9B4_qFJxwE43FpRKmTcizn9xE4gyQzR7iJriH_WSdv7PgrexGGAhHhsGpscZa8SH_qjt0z84tspBh9UZdaQiiM655xl5nYilYijuNFLU5ctgA5UqoDG-yQnKzdu40YNWB8oief-0n4SY_CsI5ZrvtQHd97t_Zf1Jytpde8Gcx1_zdC8Fhz3OKM_JWL5zg6"
"St. Johns River - St. Johns Marina, Jacksonville","Duval",2021-11-18,"DEP_NE_ROC","No","mixed algae; no dominant species in sample","No","No",,,,,,,,,,,"Anatoxin-a: not detected; Cylindrospermopsin: not detected; Nodularin: not detected",,2021-11-18 20:15:00,30.3199455,-81.6616316,0.3,"https://services1.arcgis.com/nRHtyn3uE1kyzoYc/arcgis/rest/services/service_5c5ebb2c750c442da2b09ddcc97bb150/FeatureServer/0/3270/attachments/2864?token=5-9B4_qFJxwE43FpRKmTcizn9xE4gyQzR7iJriH_WSdv7PgrexGGAhHhsGpscZa8SH_qjt0z84tspBh9UZdaQiiM655xl5nYilYijuNFLU5ctgA5UqoDG-yQnKzdu40YNWB8oief-0n4SY_CsI5ZrvtQHd97t_Zf1Jytpde8Gcx1_zdC8Fhz3OKM_JWL5zg6"
"St. Johns River - Canal to Marco Lake","Duval",2021-11-18,"DEP_NE_ROC","No","mixed algae; no dominant species in sample","No","No",,,,,,,,,,,"Anatoxin-a: not detected; Cylindrospermopsin: not detected; Nodularin: not detected",,2021-11-18 19:40:00,30.3013744,-81.6582781,0.3,"https://services1.arcgis.com/nRHtyn3uE1kyzoYc/arcgis/rest/services/service_5c5ebb2c750c442da2b09ddcc97bb150/FeatureServer/0/3269/attachments/2861?token=5-9B4_qFJxwE43FpRKmTcizn9xE4gyQzR7iJriH_WSdv7PgrexGGAhHhsGpscZa8SH_qjt0z84tspBh9UZdaQiiM655xl5nYilYijuNFLU5ctgA5UqoDG-yQnKzdu40YNWB8oief-0n4SY_CsI5ZrvtQHd97t_Zf1Jytpde8Gcx1_zdC8Fhz3OKM_JWL5zg6"
"St. Johns River - at Worth Dr S","Duval",2021-11-18,"DEP_NE_ROC","No","mixed algae; no dominant species in sample","No","No",,,,,,,,,,,"Anatoxin-a: not detected; Cylindrospermopsin: not detected; Nodularin: not detected",,2021-11-18 19:00:00,30.2714012,-81.655107,0.3,"https://services1.arcgis.com/nRHtyn3uE1kyzoYc/arcgis/rest/services/service_5c5ebb2c750c442da2b09ddcc97bb150/FeatureServer/0/3268/attachments/2858?token=5-9B4_qFJxwE43FpRKmTcizn9xE4gyQzR7iJriH_WSdv7PgrexGGAhHhsGpscZa8SH_qjt0z84tspBh9UZdaQiiM655xl5nYilYijuNFLU5ctgA5UqoDG-yQnKzdu40YNWB8oief-0n4SY_CsI5ZrvtQHd97t_Zf1Jytpde8Gcx1_zdC8Fhz3OKM_JWL5zg6"
"Doctors Lake - Mill Cove","Clay",2021-11-18,"DEP_NE_ROC","Yes","mixed algae; no dominant species in sample","No","No",,,,,,,,,,,"Anatoxin-a: not detected; Cylindrospermopsin: not detected; Nodularin: not detected",,2021-11-18 17:00:00,30.1231267,-81.727525,0.3,"https://services1.arcgis.com/nRHtyn3uE1kyzoYc/arcgis/rest/services/service_5c5ebb2c750c442da2b09ddcc97bb150/FeatureServer/0/3267/attachments/2855?token=5-9B4_qFJxwE43FpRKmTcizn9xE4gyQzR7iJriH_WSdv7PgrexGGAhHhsGpscZa8SH_qjt0z84tspBh9UZdaQiiM655xl5nYilYijuNFLU5ctgA5UqoDG-yQnKzdu40YNWB8oief-0n4SY_CsI5ZrvtQHd97t_Zf1Jytpde8Gcx1_zdC8Fhz3OKM_JWL5zg6"
"Lake Washington - Center (LWC)","Brevard",2021-11-18,"SJRWMD","No","mixed algae; no dominant species in sample","No","No",,,,,,,,,,,"Anatoxin-a: not detected; Cylindrospermopsin: not detected; Nodularin: not detected; Saxitoxins: not detected",,2021-11-18 14:09:00,28.1443314329548,-80.7456996689298,0.3,
"Sawgrass Lake - from CWC dock","Lake",2021-11-17,"DEP_CEN_ROC","Yes","Dominant taxon: Microcystis aeruginosa","Yes","Yes",0.41,"I (I qualifier indicates that the reported value is between the laboratory method detection limit and the laboratory practical quantitation limit.)",,,,,,,,,"Anatoxin-a: not detected; Cylindrospermopsin: not detected; Nodularin: not detected",,2021-11-17 19:00:00,28.4336228,-81.6891351,0.3,"https://services1.arcgis.com/nRHtyn3uE1kyzoYc/arcgis/rest/services/service_5c5ebb2c750c442da2b09ddcc97bb150/FeatureServer/0/3266/attachments/2854?token=5-9B4_qFJxwE43FpRKmTcizn9xE4gyQzR7iJriH_WSdv7PgrexGGAhHhsGpscZa8SH_qjt0z84tspBh9UZdaQiiM655xl5nYilYijuNFLU5ctgA5UqoDG-yQnKzdu40YNWB8oief-0n4SY_CsI5ZrvtQHd97t_Zf1Jytpde8Gcx1_zdC8Fhz3OKM_JWL5zg6"
"Crescent Lake - South Shore near Hopkins Point","Putnam",2021-11-17,"SJRWMD","Yes","Dominant taxon: Microcystis aeruginosa","Yes","Yes",5.4,,,,,,,,,,"Anatoxin-a: not detected; Cylindrospermopsin: not detected; Nodularin: not detected; Saxitoxins: not detected",,2021-11-17 18:38:00,29.384665,-81.472682,0.3,"https://services1.arcgis.com/nRHtyn3uE1kyzoYc/arcgis/rest/services/service_5c5ebb2c750c442da2b09ddcc97bb150/FeatureServer/0/3272/attachments/2867?token=5-9B4_qFJxwE43FpRKmTcizn9xE4gyQzR7iJriH_WSdv7PgrexGGAhHhsGpscZa8SH_qjt0z84tspBh9UZdaQiiM655xl5nYilYijuNFLU5ctgA5UqoDG-yQnKzdu40YNWB8oief-0n4SY_CsI5ZrvtQHd97t_Zf1Jytpde8Gcx1_zdC8Fhz3OKM_JWL5zg6"
"Lake Speer - SE boat ramp","Orange",2021-11-17,"DEP_CEN_ROC","Yes","mixed algae; no dominant species in sample","No","No",,,,,,,,,,,"Anatoxin-a: not detected; Cylindrospermopsin: not detected; Nodularin: not detected","Small globs and fine hairlike algae suspended in column",2021-11-17 17:40:00,28.4733,-81.5932,0.3,"https://services1.arcgis.com/nRHtyn3uE1kyzoYc/arcgis/rest/services/service_5c5ebb2c750c442da2b09ddcc97bb150/FeatureServer/0/3265/attachments/2853?token=5-9B4_qFJxwE43FpRKmTcizn9xE4gyQzR7iJriH_WSdv7PgrexGGAhHhsGpscZa8SH_qjt0z84tspBh9UZdaQiiM655xl5nYilYijuNFLU5ctgA5UqoDG-yQnKzdu40YNWB8oief-0n4SY_CsI5ZrvtQHd97t_Zf1Jytpde8Gcx1_zdC8Fhz3OKM_JWL5zg6"
"Crescent Lake - mouth of Dunns Creek (CRESLM)","Putnam",2021-11-17,"SJRWMD","No","Dominant taxon: Microcystis aeruginosa","Yes","No",,,,,,,,,,,"Anatoxin-a: not detected; Cylindrospermopsin: not detected; Nodularin: not detected; Saxitoxins: not detected",,2021-11-17 17:33:00,29.52955556,-81.55372222,0.3,
"Crescent Lake - Sunrise Park Boat Ramp","Putnam",2021-11-17,"SJRWMD","No","Dominant taxon: Microcystis aeruginosa","Yes","Yes",0.13,"I (I qualifier indicates that the reported value is between the laboratory method detection limit and the laboratory practical quantitation limit.)",,,,,,,,,"Anatoxin-a: not detected; Cylindrospermopsin: not detected; Nodularin: not detected; Saxitoxins: not detected",,2021-11-17 17:01:00,29.4282,-81.5063,0.3,"https://services1.arcgis.com/nRHtyn3uE1kyzoYc/arcgis/rest/services/service_5c5ebb2c750c442da2b09ddcc97bb150/FeatureServer/0/3273/attachments/2870?token=5-9B4_qFJxwE43FpRKmTcizn9xE4gyQzR7iJriH_WSdv7PgrexGGAhHhsGpscZa8SH_qjt0z84tspBh9UZdaQiiM655xl5nYilYijuNFLU5ctgA5UqoDG-yQnKzdu40YNWB8oief-0n4SY_CsI5ZrvtQHd97t_Zf1Jytpde8Gcx1_zdC8Fhz3OKM_JWL5zg6"
"St. Johns River - near San Mateo","Putnam",2021-11-16,"SJRWMD","Yes","mixed algae; no dominant species in sample","No","No",,,,,,,,,,,"Anatoxin-a: not detected; Cylindrospermopsin: not detected; Nodularin: not detected; Saxitoxins: not detected",,2021-11-16 18:04:00,29.603226,-81.5992,0.3,"https://services1.arcgis.com/nRHtyn3uE1kyzoYc/arcgis/rest/services/service_5c5ebb2c750c442da2b09ddcc97bb150/FeatureServer/0/3261/attachments/2851?token=5-9B4_qFJxwE43FpRKmTcizn9xE4gyQzR7iJriH_WSdv7PgrexGGAhHhsGpscZa8SH_qjt0z84tspBh9UZdaQiiM655xl5nYilYijuNFLU5ctgA5UqoDG-yQnKzdu40YNWB8oief-0n4SY_CsI5ZrvtQHd97t_Zf1Jytpde8Gcx1_zdC8Fhz3OKM_JWL5zg6"
"Lake Lorraine - West","Volusia",2021-11-16,"DEP_CEN_ROC","Yes","mixed algae; no dominant species in sample","No","No",,,,,,,,,,,"Anatoxin-a: not detected; Cylindrospermopsin: not detected; Nodularin: not detected","In water column",2021-11-16 17:00:00,28.880922,-81.224442,0.3,"https://services1.arcgis.com/nRHtyn3uE1kyzoYc/arcgis/rest/services/service_5c5ebb2c750c442da2b09ddcc97bb150/FeatureServer/0/3259/attachments/2848?token=5-9B4_qFJxwE43FpRKmTcizn9xE4gyQzR7iJriH_WSdv7PgrexGGAhHhsGpscZa8SH_qjt0z84tspBh9UZdaQiiM655xl5nYilYijuNFLU5ctgA5UqoDG-yQnKzdu40YNWB8oief-0n4SY_CsI5ZrvtQHd97t_Zf1Jytpde8Gcx1_zdC8Fhz3OKM_JWL5zg6"
"SJR - Shands Bridge (20030157)","StJohns",2021-11-16,"SJRWMD","No","mixed algae; no dominant species in sample","No","No",,,,,,,,,,,"Anatoxin-a: not detected; Cylindrospermopsin: not detected; Nodularin: not detected; Saxitoxins: not detected",,2021-11-16 15:40:00,29.9816305555556,-81.6221388888889,0.3,
"Doctors Lake - Center (DTL)","Clay",2021-11-16,"SJRWMD","No","mixed algae; no dominant species in sample","No","No",,,,,,,,,,,"Anatoxin-a: not detected; Cylindrospermopsin: not detected; Nodularin: not detected; Saxitoxins: not detected",,2021-11-16 14:31:00,30.1380555555556,-81.7272222222222,0.3,
"SJR - Mandarin Point (MP72)","Duval",2021-11-16,"SJRWMD","No","mixed algae; no dominant species in sample","No","No",,,,,,,,,,,"Anatoxin-a: not detected; Cylindrospermopsin: not detected; Nodularin: not detected; Saxitoxins: not detected",,2021-11-16 14:12:00,30.1566666666667,-81.6838888888889,0.3,
"Lake Eustis - canal near Linda Lane","Lake",2021-11-09,"DEP_CEN_ROC","No","mixed algae; no dominant species in sample","No","No",,,,,,,,,,,"Anatoxin-a: not detected; Cylindrospermopsin: not detected; Nodularin: not detected","Windy",2021-11-09 16:30:00,28.8421844,-81.7539987,0.3,"https://services1.arcgis.com/nRHtyn3uE1kyzoYc/arcgis/rest/services/service_5c5ebb2c750c442da2b09ddcc97bb150/FeatureServer/0/3252/attachments/2847?token=5-9B4_qFJxwE43FpRKmTcizn9xE4gyQzR7iJriH_WSdv7PgrexGGAhHhsGpscZa8SH_qjt0z84tspBh9UZdaQiiM655xl5nYilYijuNFLU5ctgA5UqoDG-yQnKzdu40YNWB8oief-0n4SY_CsI5ZrvtQHd97t_Zf1Jytpde8Gcx1_zdC8Fhz3OKM_JWL5zg6"
"Lake George - Center (LEO)","Volusia",2021-11-09,"SJRWMD","No","Dominant taxon: Microcystis aeruginosa","Yes","No",,,,,,,,,,,"Anatoxin-a: not detected; Cylindrospermopsin: not detected; Nodularin: not detected; Saxitoxins: not detected",,2021-11-09 13:59:00,29.3083055555556,-81.6063888888889,0.3,
"Doctors Lake - Pace Island Dock","Clay",2021-11-04,"DEP_NE_ROC","No","mixed algae; no dominant species in sample","No","No",,,,,,,,,,,"Anatoxin-a: not detected; Cylindrospermopsin: not detected; Nodularin: not detected",,2021-11-04 18:00:00,30.1363685,-81.7206594,0.3,"https://services1.arcgis.com/nRHtyn3uE1kyzoYc/arcgis/rest/services/service_5c5ebb2c750c442da2b09ddcc97bb150/FeatureServer/0/3246/attachments/2842?token=5-9B4_qFJxwE43FpRKmTcizn9xE4gyQzR7iJriH_WSdv7PgrexGGAhHhsGpscZa8SH_qjt0z84tspBh9UZdaQiiM655xl5nYilYijuNFLU5ctgA5UqoDG-yQnKzdu40YNWB8oief-0n4SY_CsI5ZrvtQHd97t_Zf1Jytpde8Gcx1_zdC8Fhz3OKM_JWL5zg6"
"Doctors Lake - Mill Cove","Clay",2021-11-04,"DEP_NE_ROC","No","Dominant taxon: Microcystis aeruginosa","Yes","No",,,,,,,,,,,"Anatoxin-a: not detected; Cylindrospermopsin: not detected; Nodularin: not detected",,2021-11-04 17:00:00,30.1230354,-81.7275554,0.3,"https://services1.arcgis.com/nRHtyn3uE1kyzoYc/arcgis/rest/services/service_5c5ebb2c750c442da2b09ddcc97bb150/FeatureServer/0/3245/attachments/2839?token=5-9B4_qFJxwE43FpRKmTcizn9xE4gyQzR7iJriH_WSdv7PgrexGGAhHhsGpscZa8SH_qjt0z84tspBh9UZdaQiiM655xl5nYilYijuNFLU5ctgA5UqoDG-yQnKzdu40YNWB8oief-0n4SY_CsI5ZrvtQHd97t_Zf1Jytpde8Gcx1_zdC8Fhz3OKM_JWL5zg6"
"Doctors Lake - White Owl Rd","Clay",2021-11-04,"DEP_NE_ROC","No","mixed algae; no dominant species in sample","No","No",,,,,,,,,,,"Anatoxin-a: not detected; Cylindrospermopsin: not detected; Nodularin: not detected",,2021-11-04 16:30:00,30.1151368,-81.7466309,0.3,"https://services1.arcgis.com/nRHtyn3uE1kyzoYc/arcgis/rest/services/service_5c5ebb2c750c442da2b09ddcc97bb150/FeatureServer/0/3244/attachments/2836?token=5-9B4_qFJxwE43FpRKmTcizn9xE4gyQzR7iJriH_WSdv7PgrexGGAhHhsGpscZa8SH_qjt0z84tspBh9UZdaQiiM655xl5nYilYijuNFLU5ctgA5UqoDG-yQnKzdu40YNWB8oief-0n4SY_CsI5ZrvtQHd97t_Zf1Jytpde8Gcx1_zdC8Fhz3OKM_JWL5zg6"
"Pottsburg Creek - River Hills Cr E","Duval",2021-11-04,"DEP_NE_ROC","No","mixed algae; no dominant species in sample","No","No",,,,,,,,,,,"Anatoxin-a: not detected; Cylindrospermopsin: not detected; Nodularin: not detected",,2021-11-04 14:25:00,30.314707,-81.594335,0.3,"https://services1.arcgis.com/nRHtyn3uE1kyzoYc/arcgis/rest/services/service_5c5ebb2c750c442da2b09ddcc97bb150/FeatureServer/0/3242/attachments/2830?token=5-9B4_qFJxwE43FpRKmTcizn9xE4gyQzR7iJriH_WSdv7PgrexGGAhHhsGpscZa8SH_qjt0z84tspBh9UZdaQiiM655xl5nYilYijuNFLU5ctgA5UqoDG-yQnKzdu40YNWB8oief-0n4SY_CsI5ZrvtQHd97t_Zf1Jytpde8Gcx1_zdC8Fhz3OKM_JWL5zg6"
"Lake Anderson - Center ","Orange",2021-11-04,"County","Yes","Dominant taxon: Microcystis aeruginosa","Yes","Yes",0.15,"I (I qualifier indicates that the reported value is between the laboratory method detection limit and the laboratory practical quantitation limit.)",,,,,,,,,"Anatoxin-a: not detected; Cylindrospermopsin: not detected; Nodularin: not detected","Orange County - follow up visit ",2021-11-04 14:25:00,28.499,-81.337,0.3,"https://services1.arcgis.com/nRHtyn3uE1kyzoYc/arcgis/rest/services/service_5c5ebb2c750c442da2b09ddcc97bb150/FeatureServer/0/3248/attachments/2846?token=5-9B4_qFJxwE43FpRKmTcizn9xE4gyQzR7iJriH_WSdv7PgrexGGAhHhsGpscZa8SH_qjt0z84tspBh9UZdaQiiM655xl5nYilYijuNFLU5ctgA5UqoDG-yQnKzdu40YNWB8oief-0n4SY_CsI5ZrvtQHd97t_Zf1Jytpde8Gcx1_zdC8Fhz3OKM_JWL5zg6"
"St. Johns River - Riverside Way","Duval",2021-11-04,"DEP_NE_ROC","No","mixed algae; no dominant species in sample","No","No",,,,,,,,,,,"Anatoxin-a: not detected; Cylindrospermopsin: not detected; Nodularin: not detected",,2021-11-04 14:20:00,29.6032548,-81.5989212,0.3,"https://services1.arcgis.com/nRHtyn3uE1kyzoYc/arcgis/rest/services/service_5c5ebb2c750c442da2b09ddcc97bb150/FeatureServer/0/3243/attachments/2833?token=5-9B4_qFJxwE43FpRKmTcizn9xE4gyQzR7iJriH_WSdv7PgrexGGAhHhsGpscZa8SH_qjt0z84tspBh9UZdaQiiM655xl5nYilYijuNFLU5ctgA5UqoDG-yQnKzdu40YNWB8oief-0n4SY_CsI5ZrvtQHd97t_Zf1Jytpde8Gcx1_zdC8Fhz3OKM_JWL5zg6"
"St. Johns River - Arlington Boat Ramp","Duval",2021-11-04,"DEP_NE_ROC","No","mixed algae; no dominant species in sample","No","No",,,,,,,,,,,"Anatoxin-a: not detected; Cylindrospermopsin: not detected; Nodularin: not detected",,2021-11-04 13:55:00,30.3338446,-81.6124435,0.3,"https://services1.arcgis.com/nRHtyn3uE1kyzoYc/arcgis/rest/services/service_5c5ebb2c750c442da2b09ddcc97bb150/FeatureServer/0/3241/attachments/2827?token=5-9B4_qFJxwE43FpRKmTcizn9xE4gyQzR7iJriH_WSdv7PgrexGGAhHhsGpscZa8SH_qjt0z84tspBh9UZdaQiiM655xl5nYilYijuNFLU5ctgA5UqoDG-yQnKzdu40YNWB8oief-0n4SY_CsI5ZrvtQHd97t_Zf1Jytpde8Gcx1_zdC8Fhz3OKM_JWL5zg6"
"Lake Speer - SE boat ramp","Orange",2021-11-04,"County","Yes","Dominant taxon: Microcystis aeruginosa","Yes","Yes",0.45,"I (I qualifier indicates that the reported value is between the laboratory method detection limit and the laboratory practical quantitation limit.)",,,,,,,,,"Anatoxin-a: not detected; Cylindrospermopsin: not detected; Nodularin: not detected","Orange County- follow up visit",2021-11-04 13:10:00,28.4733,-81.5932,0.3,"https://services1.arcgis.com/nRHtyn3uE1kyzoYc/arcgis/rest/services/service_5c5ebb2c750c442da2b09ddcc97bb150/FeatureServer/0/3247/attachments/2845?token=5-9B4_qFJxwE43FpRKmTcizn9xE4gyQzR7iJriH_WSdv7PgrexGGAhHhsGpscZa8SH_qjt0z84tspBh9UZdaQiiM655xl5nYilYijuNFLU5ctgA5UqoDG-yQnKzdu40YNWB8oief-0n4SY_CsI5ZrvtQHd97t_Zf1Jytpde8Gcx1_zdC8Fhz3OKM_JWL5zg6"
"Lake Lorraine - West","Volusia",2021-11-01,"DEP_CEN_ROC","Yes","Dominant taxon: Microcystis aeruginosa","Yes","Yes",0.26,"I (I qualifier indicates that the reported value is between the laboratory method detection limit and the laboratory practical quantitation limit.)",,,,,,,,,"Anatoxin-a: not detected; Cylindrospermopsin: not detected; Nodularin: not detected","Water turbid and green",2021-11-01 17:45:00,28.880922,-81.224442,0.3,"https://services1.arcgis.com/nRHtyn3uE1kyzoYc/arcgis/rest/services/service_5c5ebb2c750c442da2b09ddcc97bb150/FeatureServer/0/3230/attachments/2824?token=5-9B4_qFJxwE43FpRKmTcizn9xE4gyQzR7iJriH_WSdv7PgrexGGAhHhsGpscZa8SH_qjt0z84tspBh9UZdaQiiM655xl5nYilYijuNFLU5ctgA5UqoDG-yQnKzdu40YNWB8oief-0n4SY_CsI5ZrvtQHd97t_Zf1Jytpde8Gcx1_zdC8Fhz3OKM_JWL5zg6"
"Christopher Creek - below San Jose Blvd","Duval",2021-11-01,"DEP_NE_ROC","Yes","mixed algae; no dominant species in sample","No","No",,,,,,,,,,,"Anatoxin-a: not detected; Cylindrospermopsin: not detected; Nodularin: not detected",,2021-11-01 17:05:00,30.2526633,-81.6419967,0.3,"https://services1.arcgis.com/nRHtyn3uE1kyzoYc/arcgis/rest/services/service_5c5ebb2c750c442da2b09ddcc97bb150/FeatureServer/0/3227/attachments/2821?token=5-9B4_qFJxwE43FpRKmTcizn9xE4gyQzR7iJriH_WSdv7PgrexGGAhHhsGpscZa8SH_qjt0z84tspBh9UZdaQiiM655xl5nYilYijuNFLU5ctgA5UqoDG-yQnKzdu40YNWB8oief-0n4SY_CsI5ZrvtQHd97t_Zf1Jytpde8Gcx1_zdC8Fhz3OKM_JWL5zg6"
"St. Johns River - Yacht Basin, near Ortega River","Duval",2021-11-01,"DEP_NE_ROC","No","mixed algae; no dominant species in sample","No","No",,,,,,,,,,,"Anatoxin-a: not detected; Cylindrospermopsin: not detected; Nodularin: not detected",,2021-11-01 16:35:00,30.2509517,-81.689655,0.3,"https://services1.arcgis.com/nRHtyn3uE1kyzoYc/arcgis/rest/services/service_5c5ebb2c750c442da2b09ddcc97bb150/FeatureServer/0/3226/attachments/2818?token=5-9B4_qFJxwE43FpRKmTcizn9xE4gyQzR7iJriH_WSdv7PgrexGGAhHhsGpscZa8SH_qjt0z84tspBh9UZdaQiiM655xl5nYilYijuNFLU5ctgA5UqoDG-yQnKzdu40YNWB8oief-0n4SY_CsI5ZrvtQHd97t_Zf1Jytpde8Gcx1_zdC8Fhz3OKM_JWL5zg6"
"St. Johns River - end of Blake Ave","Clay",2021-11-01,"DEP_NE_ROC","No","mixed algae; no dominant species in sample","No","No",,,,,,,,,,,"Anatoxin-a: not detected; Cylindrospermopsin: not detected; Nodularin: not detected",,2021-11-01 15:50:00,30.174365,-81.6971417,0.3,"https://services1.arcgis.com/nRHtyn3uE1kyzoYc/arcgis/rest/services/service_5c5ebb2c750c442da2b09ddcc97bb150/FeatureServer/0/3225/attachments/2815?token=5-9B4_qFJxwE43FpRKmTcizn9xE4gyQzR7iJriH_WSdv7PgrexGGAhHhsGpscZa8SH_qjt0z84tspBh9UZdaQiiM655xl5nYilYijuNFLU5ctgA5UqoDG-yQnKzdu40YNWB8oief-0n4SY_CsI5ZrvtQHd97t_Zf1Jytpde8Gcx1_zdC8Fhz3OKM_JWL5zg6"
"St. Johns River - Mouth of Deep Bottom Creek","Duval",2021-11-01,"DEP_NE_ROC","Yes","mixed algae; no dominant species in sample","No","No",,,,,,,,,,,"Anatoxin-a: not detected; Cylindrospermopsin: not detected; Nodularin: not detected",,2021-11-01 15:15:00,30.1771867,-81.6428967,0.3,"https://services1.arcgis.com/nRHtyn3uE1kyzoYc/arcgis/rest/services/service_5c5ebb2c750c442da2b09ddcc97bb150/FeatureServer/0/3224/attachments/2812?token=5-9B4_qFJxwE43FpRKmTcizn9xE4gyQzR7iJriH_WSdv7PgrexGGAhHhsGpscZa8SH_qjt0z84tspBh9UZdaQiiM655xl5nYilYijuNFLU5ctgA5UqoDG-yQnKzdu40YNWB8oief-0n4SY_CsI5ZrvtQHd97t_Zf1Jytpde8Gcx1_zdC8Fhz3OKM_JWL5zg6"
"St. Johns River - Plummer's Cove","Duval",2021-11-01,"DEP_NE_ROC","Yes","mixed algae; no dominant species in sample","No","No",,,,,,,,,,,"Anatoxin-a: not detected; Cylindrospermopsin: not detected; Nodularin: not detected",,2021-11-01 14:45:00,30.1914225,-81.6370421,0.3,"https://services1.arcgis.com/nRHtyn3uE1kyzoYc/arcgis/rest/services/service_5c5ebb2c750c442da2b09ddcc97bb150/FeatureServer/0/3223/attachments/2809?token=5-9B4_qFJxwE43FpRKmTcizn9xE4gyQzR7iJriH_WSdv7PgrexGGAhHhsGpscZa8SH_qjt0z84tspBh9UZdaQiiM655xl5nYilYijuNFLU5ctgA5UqoDG-yQnKzdu40YNWB8oief-0n4SY_CsI5ZrvtQHd97t_Zf1Jytpde8Gcx1_zdC8Fhz3OKM_JWL5zg6"
"St. Johns River - Mouth of Goodbys Creek","Duval",2021-11-01,"DEP_NE_ROC","Yes","mixed algae; no dominant species in sample","No","No",,,,,,,,,,,"Anatoxin-a: not detected; Cylindrospermopsin: not detected; Nodularin: not detected",,2021-11-01 14:05:00,30.2162728,-81.6228615,0.3,"https://services1.arcgis.com/nRHtyn3uE1kyzoYc/arcgis/rest/services/service_5c5ebb2c750c442da2b09ddcc97bb150/FeatureServer/0/3222/attachments/2806?token=5-9B4_qFJxwE43FpRKmTcizn9xE4gyQzR7iJriH_WSdv7PgrexGGAhHhsGpscZa8SH_qjt0z84tspBh9UZdaQiiM655xl5nYilYijuNFLU5ctgA5UqoDG-yQnKzdu40YNWB8oief-0n4SY_CsI5ZrvtQHd97t_Zf1Jytpde8Gcx1_zdC8Fhz3OKM_JWL5zg6"
"Lake Howell - SW Corner","Seminole",2021-10-28,"DEP_CEN_ROC","No","mixed algae; no dominant species in sample","No","No",,,,,,,,,,,"Anatoxin-a: not detected; Cylindrospermopsin: not detected; Nodularin: not detected","Water green but no visible bloom",2021-10-28 17:01:00,28.6368,-81.3177,0.3,"https://services1.arcgis.com/nRHtyn3uE1kyzoYc/arcgis/rest/services/service_5c5ebb2c750c442da2b09ddcc97bb150/FeatureServer/0/3221/attachments/2804?token=5-9B4_qFJxwE43FpRKmTcizn9xE4gyQzR7iJriH_WSdv7PgrexGGAhHhsGpscZa8SH_qjt0z84tspBh9UZdaQiiM655xl5nYilYijuNFLU5ctgA5UqoDG-yQnKzdu40YNWB8oief-0n4SY_CsI5ZrvtQHd97t_Zf1Jytpde8Gcx1_zdC8Fhz3OKM_JWL5zg6"
"Lake George - Center (LEO)","Volusia",2021-10-27,"SJRWMD","No","Dominant taxon: Microcystis aeruginosa","Yes","No",,,,,,,,,,,"Anatoxin-a: not detected; Cylindrospermopsin: not detected; Nodularin: not detected; Saxitoxins: not detected",,2021-10-27 15:44:00,29.3083055555556,-81.6063888888889,0.3,
"Crescent Lake - mouth of Dunns Creek (CRESLM)","Putnam",2021-10-27,"SJRWMD","No","Dominant taxon: Microcystis aeruginosa","Yes","Yes",0.43,"I (I qualifier indicates that the reported value is between the laboratory method detection limit and the laboratory practical quantitation limit.)",,,,,,,,,"Anatoxin-a: not detected; Cylindrospermopsin: not detected; Nodularin: not detected; Saxitoxins: not detected",,2021-10-27 14:00:00,29.5295555555556,-81.5537222222222,0.3,
"Crescent Lake - South Side of City Dock","Putnam",2021-10-27,"SJRWMD","Yes","Dominant taxon: Microcystis aeruginosa","Yes","Yes",0.64,"I (I qualifier indicates that the reported value is between the laboratory method detection limit and the laboratory practical quantitation limit.)",,,,,,,,,"Anatoxin-a: not detected; Cylindrospermopsin: not detected; Nodularin: not detected; Saxitoxins: not detected",,2021-10-27 13:21:00,29.42825,-81.50633,0.3,
"Lake Emerald - SE park shore","Orange",2021-10-26,"DEP_CEN_ROC","No","mixed algae; no dominant species in sample","No","Yes",0.41,"I (I qualifier indicates that the reported value is between the laboratory method detection limit and the laboratory practical quantitation limit.)",,,,,,,,,"Anatoxin-a: not detected; Cylindrospermopsin: not detected; Nodularin: not detected","Water green with no visible bloom and clear surface except for a few patches of floating sheen near shoreline ",2021-10-26 16:15:00,28.529847,-81.362979,0.2,"https://services1.arcgis.com/nRHtyn3uE1kyzoYc/arcgis/rest/services/service_5c5ebb2c750c442da2b09ddcc97bb150/FeatureServer/0/3208/attachments/2797?token=5-9B4_qFJxwE43FpRKmTcizn9xE4gyQzR7iJriH_WSdv7PgrexGGAhHhsGpscZa8SH_qjt0z84tspBh9UZdaQiiM655xl5nYilYijuNFLU5ctgA5UqoDG-yQnKzdu40YNWB8oief-0n4SY_CsI5ZrvtQHd97t_Zf1Jytpde8Gcx1_zdC8Fhz3OKM_JWL5zg6"
"Lake Jesup - Center (OW-CTR)","Seminole",2021-10-26,"SJRWMD","Yes","Dominant taxon: Cylindrospermopsis raciborskii","Yes","Yes",0.25,"I (I qualifier indicates that the reported value is between the laboratory method detection limit and the laboratory practical quantitation limit.)",0.26,"I (I qualifier indicates that the reported value is between the laboratory method detection limit and the laboratory practical quantitation limit.)",,,,,,,"Anatoxin-a: not detected; Cylindrospermopsin: 0.26 I (I qualifier indicates that the reported value is between the laboratory method detection limit and the laboratory practical quantitation limit.); Nodularin: not detected; Saxitoxins: not detected",,2021-10-26 15:34:00,28.72678,-81.21107,0.3,
"Lake Copeland - SE Corner","Orange",2021-10-26,"DEP_CEN_ROC","No","mixed algae; no dominant species in sample","No","No",,,,,,,,,,,"Anatoxin-a: not detected; Cylindrospermopsin: not detected; Nodularin: not detected","Water green with no visible bloom and clear surface",2021-10-26 15:21:00,28.526,-81.3738,0.3,"https://services1.arcgis.com/nRHtyn3uE1kyzoYc/arcgis/rest/services/service_5c5ebb2c750c442da2b09ddcc97bb150/FeatureServer/0/3207/attachments/2796?token=5-9B4_qFJxwE43FpRKmTcizn9xE4gyQzR7iJriH_WSdv7PgrexGGAhHhsGpscZa8SH_qjt0z84tspBh9UZdaQiiM655xl5nYilYijuNFLU5ctgA5UqoDG-yQnKzdu40YNWB8oief-0n4SY_CsI5ZrvtQHd97t_Zf1Jytpde8Gcx1_zdC8Fhz3OKM_JWL5zg6"
"Lake Monroe - Center (LMAC)","Volusia",2021-10-26,"SJRWMD","No","mixed algae; no dominant species in sample","No","No",,,,,,,,,,,"Anatoxin-a: not detected; Cylindrospermopsin: not detected; Nodularin: not detected; Saxitoxins: not detected",,2021-10-26 14:07:00,28.8349722222222,-81.2709166666667,0.3,
"St. Johns River - St. Johns Marina, Jacksonville","Duval",2021-10-25,"DEP_NE_ROC","Yes","mixed algae; no dominant species in sample","No","Yes",0.27,"I (I qualifier indicates that the reported value is between the laboratory method detection limit and the laboratory practical quantitation limit.)",,,,,,,,,"Anatoxin-a: not detected; Cylindrospermopsin: not detected; Nodularin: not detected",,2021-10-25 17:20:00,30.3200169,-81.6620238,0.3,"https://services1.arcgis.com/nRHtyn3uE1kyzoYc/arcgis/rest/services/service_5c5ebb2c750c442da2b09ddcc97bb150/FeatureServer/0/3202/attachments/2794?token=5-9B4_qFJxwE43FpRKmTcizn9xE4gyQzR7iJriH_WSdv7PgrexGGAhHhsGpscZa8SH_qjt0z84tspBh9UZdaQiiM655xl5nYilYijuNFLU5ctgA5UqoDG-yQnKzdu40YNWB8oief-0n4SY_CsI5ZrvtQHd97t_Zf1Jytpde8Gcx1_zdC8Fhz3OKM_JWL5zg6"
"St. Johns River - Canal to Marco Lake","Duval",2021-10-25,"DEP_NE_ROC","Yes","mixed algae; no dominant species in sample","No","No",,,,,,,,,,,"Anatoxin-a: not detected; Cylindrospermopsin: not detected; Nodularin: not detected",,2021-10-25 16:50:00,30.301244,-81.6582268,0.3,"https://services1.arcgis.com/nRHtyn3uE1kyzoYc/arcgis/rest/services/service_5c5ebb2c750c442da2b09ddcc97bb150/FeatureServer/0/3199/attachments/2792?token=5-9B4_qFJxwE43FpRKmTcizn9xE4gyQzR7iJriH_WSdv7PgrexGGAhHhsGpscZa8SH_qjt0z84tspBh9UZdaQiiM655xl5nYilYijuNFLU5ctgA5UqoDG-yQnKzdu40YNWB8oief-0n4SY_CsI5ZrvtQHd97t_Zf1Jytpde8Gcx1_zdC8Fhz3OKM_JWL5zg6"
"St. Johns River - at Worth Dr S","Duval",2021-10-25,"DEP_NE_ROC","Yes","mixed algae; no dominant species in sample","No","No",,,,,,,,,,,"Anatoxin-a: not detected; Cylindrospermopsin: not detected; Nodularin: not detected",,2021-10-25 16:15:00,30.2713323,-81.6549704,0.3,"https://services1.arcgis.com/nRHtyn3uE1kyzoYc/arcgis/rest/services/service_5c5ebb2c750c442da2b09ddcc97bb150/FeatureServer/0/3198/attachments/2790?token=5-9B4_qFJxwE43FpRKmTcizn9xE4gyQzR7iJriH_WSdv7PgrexGGAhHhsGpscZa8SH_qjt0z84tspBh9UZdaQiiM655xl5nYilYijuNFLU5ctgA5UqoDG-yQnKzdu40YNWB8oief-0n4SY_CsI5ZrvtQHd97t_Zf1Jytpde8Gcx1_zdC8Fhz3OKM_JWL5zg6"
"St. Johns River - Marina Ortega Land","Duval",2021-10-25,"DEP_NE_ROC","No","mixed algae; no dominant species in sample","No","No",,,,,,,,,,,"Anatoxin-a: not detected; Cylindrospermopsin: not detected; Nodularin: not detected",,2021-10-25 15:35:00,30.2768198,-81.7126168,0.3,"https://services1.arcgis.com/nRHtyn3uE1kyzoYc/arcgis/rest/services/service_5c5ebb2c750c442da2b09ddcc97bb150/FeatureServer/0/3197/attachments/2788?token=5-9B4_qFJxwE43FpRKmTcizn9xE4gyQzR7iJriH_WSdv7PgrexGGAhHhsGpscZa8SH_qjt0z84tspBh9UZdaQiiM655xl5nYilYijuNFLU5ctgA5UqoDG-yQnKzdu40YNWB8oief-0n4SY_CsI5ZrvtQHd97t_Zf1Jytpde8Gcx1_zdC8Fhz3OKM_JWL5zg6"
"SJR - Shands Bridge (20030157)","StJohns",2021-10-25,"SJRWMD","No","mixed algae; no dominant species in sample","No","No",,,,,,,,,,,"Anatoxin-a: not detected; Cylindrospermopsin: not detected; Nodularin: not detected; Saxitoxins: not detected",,2021-10-25 15:31:00,29.9816305555556,-81.6221388888889,0.3,
"St. Johns River - St. Vincent Riverside","Duval",2021-10-25,"DEP_NE_ROC","No","mixed algae; no dominant species in sample","No","No",,,,,,,,,,,"Anatoxin-a: not detected; Cylindrospermopsin: not detected; Nodularin: not detected",,2021-10-25 15:10:00,30.3060309,-81.689505,0.3,"https://services1.arcgis.com/nRHtyn3uE1kyzoYc/arcgis/rest/services/service_5c5ebb2c750c442da2b09ddcc97bb150/FeatureServer/0/3196/attachments/2786?token=5-9B4_qFJxwE43FpRKmTcizn9xE4gyQzR7iJriH_WSdv7PgrexGGAhHhsGpscZa8SH_qjt0z84tspBh9UZdaQiiM655xl5nYilYijuNFLU5ctgA5UqoDG-yQnKzdu40YNWB8oief-0n4SY_CsI5ZrvtQHd97t_Zf1Jytpde8Gcx1_zdC8Fhz3OKM_JWL5zg6"
"SJR - Mandarin Point (MP72)","Duval",2021-10-25,"SJRWMD","No","Dominant taxon: Microcystis aeruginosa","Yes","No",,,,,,,,,,,"Anatoxin-a: not detected; Cylindrospermopsin: not detected; Nodularin: not detected; Saxitoxins: not detected",,2021-10-25 14:57:00,30.1566666666667,-81.6838888888889,0.3,
"St. Johns River - South end of Hart Bridge","Duval",2021-10-25,"DEP_NE_ROC","No","mixed algae; no dominant species in sample","No","No",,,,,,,,,,,"Anatoxin-a: not detected; Cylindrospermopsin: not detected; Nodularin: not detected",,2021-10-25 14:40:00,30.3118078,-81.6256268,0.3,"https://services1.arcgis.com/nRHtyn3uE1kyzoYc/arcgis/rest/services/service_5c5ebb2c750c442da2b09ddcc97bb150/FeatureServer/0/3195/attachments/2784?token=5-9B4_qFJxwE43FpRKmTcizn9xE4gyQzR7iJriH_WSdv7PgrexGGAhHhsGpscZa8SH_qjt0z84tspBh9UZdaQiiM655xl5nYilYijuNFLU5ctgA5UqoDG-yQnKzdu40YNWB8oief-0n4SY_CsI5ZrvtQHd97t_Zf1Jytpde8Gcx1_zdC8Fhz3OKM_JWL5zg6"
"Doctors Lake - Center (DTL)","Clay",2021-10-25,"SJRWMD","No","mixed algae; no dominant species in sample","No","No",,,,,,,,,,,"Anatoxin-a: not detected; Cylindrospermopsin: not detected; Nodularin: not detected; Saxitoxins: not detected",,2021-10-25 14:24:00,30.1380555555556,-81.7272222222222,0.3,
"Kissimmee River - S65 (canal side)","Osceola",2021-10-25,"SFWMD","No","mixed algae; no dominant species in sample","No","No",,,,,,,,,,,"Anatoxin-a: not detected; Cylindrospermopsin: not detected; Nodularin: not detected","Flow observed through S65 structure. No visible BGA.",2021-10-25 13:07:00,27.80358,-81.19739,0.3,
"Lake Washington - Center (LWC)","Brevard",2021-10-20,"SJRWMD","No","mixed algae; no dominant species in sample","No","No",,,,,,,,,,,"Anatoxin-a: not detected; Cylindrospermopsin: not detected; Nodularin: not detected; Saxitoxins: not detected",,2021-10-20 12:46:00,28.1424776,-80.7445641,0.3,
"Ortega River - Imperial Cove","Duval",2021-10-14,"DEP_NE_ROC","No","mixed algae; no dominant species in sample","No","No",,,,,,,,,,,"Anatoxin-a: not detected; Cylindrospermopsin: not detected; Nodularin: not detected",,2021-10-14 16:45:00,30.2510568,-81.701929,0.3,"https://services1.arcgis.com/nRHtyn3uE1kyzoYc/arcgis/rest/services/service_5c5ebb2c750c442da2b09ddcc97bb150/FeatureServer/0/3145/attachments/2776?token=5-9B4_qFJxwE43FpRKmTcizn9xE4gyQzR7iJriH_WSdv7PgrexGGAhHhsGpscZa8SH_qjt0z84tspBh9UZdaQiiM655xl5nYilYijuNFLU5ctgA5UqoDG-yQnKzdu40YNWB8oief-0n4SY_CsI5ZrvtQHd97t_Zf1Jytpde8Gcx1_zdC8Fhz3OKM_JWL5zg6"
"Pottsburg Creek - River Hills Cir E","Duval",2021-10-14,"DEP_NE_ROC","No","mixed algae; no dominant species in sample","No","Yes",0.26,"I (I qualifier indicates that the reported value is between the laboratory method detection limit and the laboratory practical quantitation limit.)",,,,,,,,,"Anatoxin-a: not detected; Cylindrospermopsin: not detected; Nodularin: not detected",,2021-10-14 16:05:00,30.3146331,-81.5942936,0.3,"https://services1.arcgis.com/nRHtyn3uE1kyzoYc/arcgis/rest/services/service_5c5ebb2c750c442da2b09ddcc97bb150/FeatureServer/0/3144/attachments/2773?token=5-9B4_qFJxwE43FpRKmTcizn9xE4gyQzR7iJriH_WSdv7PgrexGGAhHhsGpscZa8SH_qjt0z84tspBh9UZdaQiiM655xl5nYilYijuNFLU5ctgA5UqoDG-yQnKzdu40YNWB8oief-0n4SY_CsI5ZrvtQHd97t_Zf1Jytpde8Gcx1_zdC8Fhz3OKM_JWL5zg6"
"Lake Monroe - Center (LMAC)","Volusia",2021-10-14,"SJRWMD","No","mixed algae; no dominant species in sample","No","No",,,,,,,,,,,"Anatoxin-a: not detected; Cylindrospermopsin: not detected; Nodularin: not detected; Saxitoxins: not detected",,2021-10-14 15:59:00,28.83496,-81.27091,0.3,
"St. Johns River - near Georgetown (CM68)","Putnam",2021-10-14,"SJRWMD","Yes","Dominant taxon: Microcystis sp.","Yes","Yes",0.91,"I (I qualifier indicates that the reported value is between the laboratory method detection limit and the laboratory practical quantitation limit.)",,,,,,,,,"Anatoxin-a: not detected; Cylindrospermopsin: not detected; Nodularin: not detected; Saxitoxins: not detected",,2021-10-14 15:00:00,29.3927777777778,-81.6561111111111,0.3,
"Lake Jesup - Center (OW-CTR)","Seminole",2021-10-14,"SJRWMD","Yes","Dominant taxon: Cylindrospermopsis raciborskii","Yes","Yes",,,0.24,"I (I qualifier indicates that the reported value is between the laboratory method detection limit and the laboratory practical quantitation limit.)",,,,,,,"Anatoxin-a: not detected; Cylindrospermopsin: 0.24 I (I qualifier indicates that the reported value is between the laboratory method detection limit and the laboratory practical quantitation limit.); Nodularin: not detected; Saxitoxins: not detected",,2021-10-14 14:42:00,28.7268,-81.2111,0.3,
"St. Johns River - Arlington Boat Ramp","Duval",2021-10-14,"DEP_NE_ROC","No","mixed algae; no dominant species in sample","No","Yes",0.26,"I (I qualifier indicates that the reported value is between the laboratory method detection limit and the laboratory practical quantitation limit.)",,,,,,,,,"Anatoxin-a: not detected; Cylindrospermopsin: not detected; Nodularin: not detected",,2021-10-14 14:40:00,30.3338663,-81.6125739,0.3,"https://services1.arcgis.com/nRHtyn3uE1kyzoYc/arcgis/rest/services/service_5c5ebb2c750c442da2b09ddcc97bb150/FeatureServer/0/3134/attachments/2770?token=5-9B4_qFJxwE43FpRKmTcizn9xE4gyQzR7iJriH_WSdv7PgrexGGAhHhsGpscZa8SH_qjt0z84tspBh9UZdaQiiM655xl5nYilYijuNFLU5ctgA5UqoDG-yQnKzdu40YNWB8oief-0n4SY_CsI5ZrvtQHd97t_Zf1Jytpde8Gcx1_zdC8Fhz3OKM_JWL5zg6"
"Lake George - Center (LEO)","Volusia",2021-10-14,"SJRWMD","No","mixed algae; no dominant species in sample","No","No",,,,,,,,,,,"Anatoxin-a: not detected; Cylindrospermopsin: not detected; Nodularin: not detected; Saxitoxins: not detected",,2021-10-14 14:34:00,29.3083055555556,-81.6063888888889,0.3,
"St. Johns River - Arlington Lions Club Boat Ramp","Duval",2021-10-14,"DEP_NE_ROC","No","mixed algae; no dominant species in sample","No","No",,,,,,,,,,,"Anatoxin-a: not detected; Cylindrospermopsin: not detected; Nodularin: not detected",,2021-10-14 14:10:00,30.3786158,-81.6228455,0.3,"https://services1.arcgis.com/nRHtyn3uE1kyzoYc/arcgis/rest/services/service_5c5ebb2c750c442da2b09ddcc97bb150/FeatureServer/0/3133/attachments/2767?token=5-9B4_qFJxwE43FpRKmTcizn9xE4gyQzR7iJriH_WSdv7PgrexGGAhHhsGpscZa8SH_qjt0z84tspBh9UZdaQiiM655xl5nYilYijuNFLU5ctgA5UqoDG-yQnKzdu40YNWB8oief-0n4SY_CsI5ZrvtQHd97t_Zf1Jytpde8Gcx1_zdC8Fhz3OKM_JWL5zg6"
"Trout River - Bert Maxwell Boat Ramp","Duval",2021-10-14,"DEP_NE_ROC","No","mixed algae; no dominant species in sample","No","No",,,,,,,,,,,"Anatoxin-a: not detected; Cylindrospermopsin: not detected; Nodularin: not detected",,2021-10-14 13:45:00,30.4035576,-81.663901,0.3,"https://services1.arcgis.com/nRHtyn3uE1kyzoYc/arcgis/rest/services/service_5c5ebb2c750c442da2b09ddcc97bb150/FeatureServer/0/3132/attachments/2764?token=5-9B4_qFJxwE43FpRKmTcizn9xE4gyQzR7iJriH_WSdv7PgrexGGAhHhsGpscZa8SH_qjt0z84tspBh9UZdaQiiM655xl5nYilYijuNFLU5ctgA5UqoDG-yQnKzdu40YNWB8oief-0n4SY_CsI5ZrvtQHd97t_Zf1Jytpde8Gcx1_zdC8Fhz3OKM_JWL5zg6"
"Crescent Lake - mouth of Dunns Creek (CRESLM)","Putnam",2021-10-14,"SJRWMD","No","mixed algae; no dominant species in sample","No","No",,,,,,,,,,,"Anatoxin-a: not detected; Cylindrospermopsin: not detected; Nodularin: not detected; Saxitoxins: not detected",,2021-10-14 13:07:00,29.5295555555556,-81.5537222222222,0.3,
"Crescent Lake - South Side of City Dock","Putnam",2021-10-14,"SJRWMD","Yes","Dominant taxon: Microcystis aeruginosa","Yes","Yes",0.36,"I (I qualifier indicates that the reported value is between the laboratory method detection limit and the laboratory practical quantitation limit.)",,,,,,,,,"Anatoxin-a: not detected; Cylindrospermopsin: not detected; Nodularin: not detected; Saxitoxins: not detected",,2021-10-14 12:39:00,29.4278611111111,-81.5066944444444,0.3,
"Banana River - S of Pineda Causeway","Brevard",2021-10-13,"DEP_CEN_ROC","No","mixed algae; no dominant species in sample","No","No",,,,,,,,,,,"Anatoxin-a: not detected; Cylindrospermopsin: not detected; Nodularin: not detected","Canals off the Banana River.",2021-10-13 18:00:00,28.2112397,-80.6110273,0.3,"https://services1.arcgis.com/nRHtyn3uE1kyzoYc/arcgis/rest/services/service_5c5ebb2c750c442da2b09ddcc97bb150/FeatureServer/0/3128/attachments/2759?token=5-9B4_qFJxwE43FpRKmTcizn9xE4gyQzR7iJriH_WSdv7PgrexGGAhHhsGpscZa8SH_qjt0z84tspBh9UZdaQiiM655xl5nYilYijuNFLU5ctgA5UqoDG-yQnKzdu40YNWB8oief-0n4SY_CsI5ZrvtQHd97t_Zf1Jytpde8Gcx1_zdC8Fhz3OKM_JWL5zg6"
"Blue Cypress Lake - SW","IndianRiver",2021-10-13,"SJRWMD","Yes","Dominant taxon: Microcystis aeruginosa","Yes","No",,,,,,,,,,,"Anatoxin-a: not detected; Cylindrospermopsin: not detected; Nodularin: not detected; Saxitoxins: not detected",,2021-10-13 15:07:00,27.6982178749429,-80.7841490828864,0.3,"https://services1.arcgis.com/nRHtyn3uE1kyzoYc/arcgis/rest/services/service_5c5ebb2c750c442da2b09ddcc97bb150/FeatureServer/0/3127/attachments/2757?token=5-9B4_qFJxwE43FpRKmTcizn9xE4gyQzR7iJriH_WSdv7PgrexGGAhHhsGpscZa8SH_qjt0z84tspBh9UZdaQiiM655xl5nYilYijuNFLU5ctgA5UqoDG-yQnKzdu40YNWB8oief-0n4SY_CsI5ZrvtQHd97t_Zf1Jytpde8Gcx1_zdC8Fhz3OKM_JWL5zg6"
"Lake Anderson - Center","Orange",2021-10-13,"County","Yes","Dominant taxon: Microcystis aeruginosa","Yes","Yes",0.39,"I (I qualifier indicates that the reported value is between the laboratory method detection limit and the laboratory practical quantitation limit.)",,,,,,,,,"Anatoxin-a: not detected; Cylindrospermopsin: not detected; Nodularin: not detected",,2021-10-13 14:55:00,28.499,-81.337,0.3,"https://services1.arcgis.com/nRHtyn3uE1kyzoYc/arcgis/rest/services/service_5c5ebb2c750c442da2b09ddcc97bb150/FeatureServer/0/3129/attachments/2760?token=5-9B4_qFJxwE43FpRKmTcizn9xE4gyQzR7iJriH_WSdv7PgrexGGAhHhsGpscZa8SH_qjt0z84tspBh9UZdaQiiM655xl5nYilYijuNFLU5ctgA5UqoDG-yQnKzdu40YNWB8oief-0n4SY_CsI5ZrvtQHd97t_Zf1Jytpde8Gcx1_zdC8Fhz3OKM_JWL5zg6"
"Blue Cypress Lake - Center (BCL)","IndianRiver",2021-10-13,"SJRWMD","No","mixed algae; no dominant species in sample","No","No",,,,,,,,,,,"Anatoxin-a: not detected; Cylindrospermopsin: not detected; Nodularin: not detected; Saxitoxins: not detected",,2021-10-13 14:16:00,27.73123851503,-80.7548558652907,0.3,"https://services1.arcgis.com/nRHtyn3uE1kyzoYc/arcgis/rest/services/service_5c5ebb2c750c442da2b09ddcc97bb150/FeatureServer/0/3126/attachments/2755?token=5-9B4_qFJxwE43FpRKmTcizn9xE4gyQzR7iJriH_WSdv7PgrexGGAhHhsGpscZa8SH_qjt0z84tspBh9UZdaQiiM655xl5nYilYijuNFLU5ctgA5UqoDG-yQnKzdu40YNWB8oief-0n4SY_CsI5ZrvtQHd97t_Zf1Jytpde8Gcx1_zdC8Fhz3OKM_JWL5zg6"
"Lake Speer - SE boat ramp ","Orange",2021-10-13,"County","Yes","Dominant taxon: Microcystis aeruginosa","Yes","Yes",6.6,,,,,,,,,,"Anatoxin-a: not detected; Cylindrospermopsin: not detected; Nodularin: not detected",,2021-10-13 13:30:00,28.4733,-81.5932,0.3,"https://services1.arcgis.com/nRHtyn3uE1kyzoYc/arcgis/rest/services/service_5c5ebb2c750c442da2b09ddcc97bb150/FeatureServer/0/3130/attachments/2762?token=5-9B4_qFJxwE43FpRKmTcizn9xE4gyQzR7iJriH_WSdv7PgrexGGAhHhsGpscZa8SH_qjt0z84tspBh9UZdaQiiM655xl5nYilYijuNFLU5ctgA5UqoDG-yQnKzdu40YNWB8oief-0n4SY_CsI5ZrvtQHd97t_Zf1Jytpde8Gcx1_zdC8Fhz3OKM_JWL5zg6"
"Stick Marsh - North (STKM)","IndianRiver",2021-10-13,"SJRWMD","No","mixed algae; no dominant species in sample","No","No",,,,,,,,,,,"Anatoxin-a: not detected; Cylindrospermopsin: not detected; Nodularin: not detected; Saxitoxins: not detected",,2021-10-13 12:51:00,27.812519997724,-80.7267629325404,0.3,"https://services1.arcgis.com/nRHtyn3uE1kyzoYc/arcgis/rest/services/service_5c5ebb2c750c442da2b09ddcc97bb150/FeatureServer/0/3125/attachments/2753?token=5-9B4_qFJxwE43FpRKmTcizn9xE4gyQzR7iJriH_WSdv7PgrexGGAhHhsGpscZa8SH_qjt0z84tspBh9UZdaQiiM655xl5nYilYijuNFLU5ctgA5UqoDG-yQnKzdu40YNWB8oief-0n4SY_CsI5ZrvtQHd97t_Zf1Jytpde8Gcx1_zdC8Fhz3OKM_JWL5zg6"
"SJR - Shands Bridge (20030157)","StJohns",2021-10-12,"SJRWMD","No","Dominant taxon: Microcystis aeruginosa","Yes","No",,,,,,,,,,,"Anatoxin-a: not detected; Cylindrospermopsin: not detected; Nodularin: not detected; Saxitoxins: not detected",,2021-10-12 15:36:00,29.9816111111111,-81.6221388888889,0.3,
"SJR - Mandarin Point (MP72)","Duval",2021-10-12,"SJRWMD","No","mixed algae; no dominant species in sample","No","No",,,,,,,,,,,"Anatoxin-a: not detected; Cylindrospermopsin: not detected; Nodularin: not detected; Saxitoxins: not detected",,2021-10-12 15:00:00,30.1566666666667,-81.6838888888889,0.3,
"Doctors Lake - Center (DTL)","Clay",2021-10-12,"SJRWMD","No","mixed algae; no dominant species in sample","No","No",,,,,,,,,,,"Anatoxin-a: not detected; Cylindrospermopsin: not detected; Nodularin: not detected; Saxitoxins: not detected",,2021-10-12 13:46:00,30.1380555555556,-81.7272222222222,0.3,
"St. Johns River - Hibernia Point (SJRHBP)","StJohns",2021-10-12,"SJRWMD","No","mixed algae; no dominant species in sample","No","No",,,,,,,,,,,"Anatoxin-a: not detected; Cylindrospermopsin: not detected; Nodularin: not detected; Saxitoxins: not detected",,2021-10-12 12:40:00,30.0667222222222,-81.6871388888889,0.3,
"Black Creek - Knight's Landing","Clay",2021-10-12,"SJRWMD","No","mixed algae; no dominant species in sample","No","No",,,,,,,,,,,"Anatoxin-a: not detected; Cylindrospermopsin: not detected; Nodularin: not detected; Saxitoxins: not detected",,2021-10-12 12:21:00,30.0407777777778,-81.707,0.3,
"Kissimmee River – S65 (canal side)","Osceola",2021-10-11,"SFWMD","No","mixed algae; no dominant species in sample","No","Yes",0.47,"I (I qualifier indicates that the reported value is between the laboratory method detection limit and the laboratory practical quantitation limit.)",,,,,,,,,"Anatoxin-a: not detected; Cylindrospermopsin: not detected; Nodularin: not detected","No visible BGA.",2021-10-11 18:46:00,27.80357,-81.19747,0.3,
"Lake Emerald - SE park shore ","Orange",2021-10-11,"DEP_CEN_ROC","Yes","mixed algae; no dominant species in sample","No","No",,,,,,,,,,,"Anatoxin-a: not detected; Cylindrospermopsin: not detected; Nodularin: not detected","Follow up visit, water still slightly turbid and green. ",2021-10-11 16:35:00,28.5298,-81.363,0.3,"https://services1.arcgis.com/nRHtyn3uE1kyzoYc/arcgis/rest/services/service_5c5ebb2c750c442da2b09ddcc97bb150/FeatureServer/0/3113/attachments/2742?token=5-9B4_qFJxwE43FpRKmTcizn9xE4gyQzR7iJriH_WSdv7PgrexGGAhHhsGpscZa8SH_qjt0z84tspBh9UZdaQiiM655xl5nYilYijuNFLU5ctgA5UqoDG-yQnKzdu40YNWB8oief-0n4SY_CsI5ZrvtQHd97t_Zf1Jytpde8Gcx1_zdC8Fhz3OKM_JWL5zg6"
"Lake Howell - SW Corner","Seminole",2021-10-07,"DEP_CEN_ROC","Yes","Dominant taxon: Microcystis aeruginosa","Yes","No",,,,,,,,,,,"Anatoxin-a: not detected; Cylindrospermopsin: not detected; Nodularin: not detected","Bloom dissipating, maybe dying starting to turn brownish. ",2021-10-07 18:20:00,28.6368,-81.3177,0.3,"https://services1.arcgis.com/nRHtyn3uE1kyzoYc/arcgis/rest/services/service_5c5ebb2c750c442da2b09ddcc97bb150/FeatureServer/0/3112/attachments/2741?token=5-9B4_qFJxwE43FpRKmTcizn9xE4gyQzR7iJriH_WSdv7PgrexGGAhHhsGpscZa8SH_qjt0z84tspBh9UZdaQiiM655xl5nYilYijuNFLU5ctgA5UqoDG-yQnKzdu40YNWB8oief-0n4SY_CsI5ZrvtQHd97t_Zf1Jytpde8Gcx1_zdC8Fhz3OKM_JWL5zg6"
"Lake Copeland - SE Corner","Orange",2021-10-07,"DEP_CEN_ROC","Yes","Dominant taxon: Microcystis aeruginosa","Yes","No",,,,,,,,,,,"Anatoxin-a: not detected; Cylindrospermopsin: not detected; Nodularin: not detected","Slight bloom still apparent. Water blueish tint, looked like a treatment had been applied. ",2021-10-07 17:25:00,28.526,-81.3738,0.3,"https://services1.arcgis.com/nRHtyn3uE1kyzoYc/arcgis/rest/services/service_5c5ebb2c750c442da2b09ddcc97bb150/FeatureServer/0/3110/attachments/2738?token=5-9B4_qFJxwE43FpRKmTcizn9xE4gyQzR7iJriH_WSdv7PgrexGGAhHhsGpscZa8SH_qjt0z84tspBh9UZdaQiiM655xl5nYilYijuNFLU5ctgA5UqoDG-yQnKzdu40YNWB8oief-0n4SY_CsI5ZrvtQHd97t_Zf1Jytpde8Gcx1_zdC8Fhz3OKM_JWL5zg6"
"Sawgrass Lake - from CWC dock","Lake",2021-10-07,"DEP_CEN_ROC","Yes","Dominant taxon: Microcystis aeruginosa","Yes","Yes",0.51,"I (I qualifier indicates that the reported value is between the laboratory method detection limit and the laboratory practical quantitation limit.)",,,,,,,,,"Anatoxin-a: not detected; Cylindrospermopsin: not detected; Nodularin: not detected","Bright green globs floating on surface and in water column. Accumulation at shore. ",2021-10-07 16:25:00,28.4336228,-81.6891351,0.3,"https://services1.arcgis.com/nRHtyn3uE1kyzoYc/arcgis/rest/services/service_5c5ebb2c750c442da2b09ddcc97bb150/FeatureServer/0/3111/attachments/2740?token=5-9B4_qFJxwE43FpRKmTcizn9xE4gyQzR7iJriH_WSdv7PgrexGGAhHhsGpscZa8SH_qjt0z84tspBh9UZdaQiiM655xl5nYilYijuNFLU5ctgA5UqoDG-yQnKzdu40YNWB8oief-0n4SY_CsI5ZrvtQHd97t_Zf1Jytpde8Gcx1_zdC8Fhz3OKM_JWL5zg6"
"St. Johns River - N Ridge Dr","Clay",2021-10-07,"DEP_NE_ROC","Yes","Dominant taxon: Microcystis aeruginosa","Yes","No",,,,,,,,,,,"Anatoxin-a: not detected; Cylindrospermopsin: not detected; Nodularin: not detected","Very diffuse, sampled end of dock",2021-10-07 15:20:00,30.0919271,-81.6934127,0.3,"https://services1.arcgis.com/nRHtyn3uE1kyzoYc/arcgis/rest/services/service_5c5ebb2c750c442da2b09ddcc97bb150/FeatureServer/0/3109/attachments/2737?token=5-9B4_qFJxwE43FpRKmTcizn9xE4gyQzR7iJriH_WSdv7PgrexGGAhHhsGpscZa8SH_qjt0z84tspBh9UZdaQiiM655xl5nYilYijuNFLU5ctgA5UqoDG-yQnKzdu40YNWB8oief-0n4SY_CsI5ZrvtQHd97t_Zf1Jytpde8Gcx1_zdC8Fhz3OKM_JWL5zg6"
"Doctors Lake - Pace Island Dock","Clay",2021-10-07,"DEP_NE_ROC","Yes","Dominant taxon: Microcystis aeruginosa","Yes","No",,,,,,,,,,,"Anatoxin-a: not detected; Cylindrospermopsin: not detected; Nodularin: not detected",,2021-10-07 14:45:00,30.13633,-81.720621,0.3,"https://services1.arcgis.com/nRHtyn3uE1kyzoYc/arcgis/rest/services/service_5c5ebb2c750c442da2b09ddcc97bb150/FeatureServer/0/3108/attachments/2736?token=5-9B4_qFJxwE43FpRKmTcizn9xE4gyQzR7iJriH_WSdv7PgrexGGAhHhsGpscZa8SH_qjt0z84tspBh9UZdaQiiM655xl5nYilYijuNFLU5ctgA5UqoDG-yQnKzdu40YNWB8oief-0n4SY_CsI5ZrvtQHd97t_Zf1Jytpde8Gcx1_zdC8Fhz3OKM_JWL5zg6"
"Doctors Lake - Mill Cove","Clay",2021-10-07,"DEP_NE_ROC","Yes","mixed algae; no dominant species in sample","No","No",,,,,,,,,,,"Anatoxin-a: not detected; Cylindrospermopsin: not detected; Nodularin: not detected",,2021-10-07 14:10:00,30.1228871,-81.7272974,0.3,"https://services1.arcgis.com/nRHtyn3uE1kyzoYc/arcgis/rest/services/service_5c5ebb2c750c442da2b09ddcc97bb150/FeatureServer/0/3107/attachments/2735?token=5-9B4_qFJxwE43FpRKmTcizn9xE4gyQzR7iJriH_WSdv7PgrexGGAhHhsGpscZa8SH_qjt0z84tspBh9UZdaQiiM655xl5nYilYijuNFLU5ctgA5UqoDG-yQnKzdu40YNWB8oief-0n4SY_CsI5ZrvtQHd97t_Zf1Jytpde8Gcx1_zdC8Fhz3OKM_JWL5zg6"
"Doctors lake - White Owl Rd","Clay",2021-10-07,"DEP_NE_ROC","Yes","Dominant taxon: Microcystis aeruginosa","Yes","Yes",0.3,"I (I qualifier indicates that the reported value is between the laboratory method detection limit and the laboratory practical quantitation limit.)",,,,,,,,,"Anatoxin-a: not detected; Cylindrospermopsin: not detected; Nodularin: not detected",,2021-10-07 13:50:00,30.1151872,-81.7465501,0.3,"https://services1.arcgis.com/nRHtyn3uE1kyzoYc/arcgis/rest/services/service_5c5ebb2c750c442da2b09ddcc97bb150/FeatureServer/0/3106/attachments/2734?token=5-9B4_qFJxwE43FpRKmTcizn9xE4gyQzR7iJriH_WSdv7PgrexGGAhHhsGpscZa8SH_qjt0z84tspBh9UZdaQiiM655xl5nYilYijuNFLU5ctgA5UqoDG-yQnKzdu40YNWB8oief-0n4SY_CsI5ZrvtQHd97t_Zf1Jytpde8Gcx1_zdC8Fhz3OKM_JWL5zg6"
"St. Johns River - north of Blount Island","Duval",2021-10-06,"DEP_NE_ROC","No","mixed algae; no dominant species in sample","No","No",,,,,,,,,,,"Anatoxin-a: not detected; Cylindrospermopsin: not detected; Nodularin: not detected",,2021-10-06 16:30:00,30.4170096,-81.5382511,0.3,"https://services1.arcgis.com/nRHtyn3uE1kyzoYc/arcgis/rest/services/service_5c5ebb2c750c442da2b09ddcc97bb150/FeatureServer/0/3089/attachments/2722?token=5-9B4_qFJxwE43FpRKmTcizn9xE4gyQzR7iJriH_WSdv7PgrexGGAhHhsGpscZa8SH_qjt0z84tspBh9UZdaQiiM655xl5nYilYijuNFLU5ctgA5UqoDG-yQnKzdu40YNWB8oief-0n4SY_CsI5ZrvtQHd97t_Zf1Jytpde8Gcx1_zdC8Fhz3OKM_JWL5zg6"
"Dunn Creek - at Crystal Lynn Ct","Duval",2021-10-06,"DEP_NE_ROC","Yes","mixed algae; no dominant species in sample","No","No",,,,,,,,,,,"Anatoxin-a: not detected; Cylindrospermopsin: not detected; Nodularin: not detected",,2021-10-06 15:45:00,30.4309225,-81.5845874,0.3,"https://services1.arcgis.com/nRHtyn3uE1kyzoYc/arcgis/rest/services/service_5c5ebb2c750c442da2b09ddcc97bb150/FeatureServer/0/3088/attachments/2720?token=5-9B4_qFJxwE43FpRKmTcizn9xE4gyQzR7iJriH_WSdv7PgrexGGAhHhsGpscZa8SH_qjt0z84tspBh9UZdaQiiM655xl5nYilYijuNFLU5ctgA5UqoDG-yQnKzdu40YNWB8oief-0n4SY_CsI5ZrvtQHd97t_Zf1Jytpde8Gcx1_zdC8Fhz3OKM_JWL5zg6"
"St. Johns River - end of Blake Ave","Clay",2021-10-05,"DEP_NE_ROC","Yes","Dominant taxon: Microcystis aeruginosa","Yes","Yes",1,,,,,,,,,,"Anatoxin-a: not detected; Cylindrospermopsin: not detected; Nodularin: not detected",,2021-10-05 15:55:00,30.1743378,-81.6971458,0.3,"https://services1.arcgis.com/nRHtyn3uE1kyzoYc/arcgis/rest/services/service_5c5ebb2c750c442da2b09ddcc97bb150/FeatureServer/0/3066/attachments/2717?token=5-9B4_qFJxwE43FpRKmTcizn9xE4gyQzR7iJriH_WSdv7PgrexGGAhHhsGpscZa8SH_qjt0z84tspBh9UZdaQiiM655xl5nYilYijuNFLU5ctgA5UqoDG-yQnKzdu40YNWB8oief-0n4SY_CsI5ZrvtQHd97t_Zf1Jytpde8Gcx1_zdC8Fhz3OKM_JWL5zg6"
"St. Johns River - Mouth of Deep Bottom Creek","Duval",2021-10-05,"DEP_NE_ROC","Yes","mixed algae; no dominant species in sample","No","Yes",0.47,"I (I qualifier indicates that the reported value is between the laboratory method detection limit and the laboratory practical quantitation limit.)",,,,,,,,,"Anatoxin-a: not detected; Cylindrospermopsin: not detected; Nodularin: not detected",,2021-10-05 15:20:00,30.177248,-81.642767,0.3,"https://services1.arcgis.com/nRHtyn3uE1kyzoYc/arcgis/rest/services/service_5c5ebb2c750c442da2b09ddcc97bb150/FeatureServer/0/3065/attachments/2714?token=5-9B4_qFJxwE43FpRKmTcizn9xE4gyQzR7iJriH_WSdv7PgrexGGAhHhsGpscZa8SH_qjt0z84tspBh9UZdaQiiM655xl5nYilYijuNFLU5ctgA5UqoDG-yQnKzdu40YNWB8oief-0n4SY_CsI5ZrvtQHd97t_Zf1Jytpde8Gcx1_zdC8Fhz3OKM_JWL5zg6"
"St. Johns River - Plummer's Cove","Duval",2021-10-05,"DEP_NE_ROC","Yes","mixed algae; no dominant species in sample","No","Yes",0.46,"I (I qualifier indicates that the reported value is between the laboratory method detection limit and the laboratory practical quantitation limit.)",,,,,,,,,"Anatoxin-a: not detected; Cylindrospermopsin: not detected; Nodularin: not detected",,2021-10-05 14:45:00,30.1921497,-81.6369287,0.3,"https://services1.arcgis.com/nRHtyn3uE1kyzoYc/arcgis/rest/services/service_5c5ebb2c750c442da2b09ddcc97bb150/FeatureServer/0/3064/attachments/2711?token=5-9B4_qFJxwE43FpRKmTcizn9xE4gyQzR7iJriH_WSdv7PgrexGGAhHhsGpscZa8SH_qjt0z84tspBh9UZdaQiiM655xl5nYilYijuNFLU5ctgA5UqoDG-yQnKzdu40YNWB8oief-0n4SY_CsI5ZrvtQHd97t_Zf1Jytpde8Gcx1_zdC8Fhz3OKM_JWL5zg6"
"St. Johns River - Yacht Basin, near Ortega River ","Duval",2021-10-05,"DEP_NE_ROC","Yes","Dominant taxon: Microcystis aeruginosa","Yes","Yes",0.51,"I (I qualifier indicates that the reported value is between the laboratory method detection limit and the laboratory practical quantitation limit.)",,,,,,,,,"Anatoxin-a: not detected; Cylindrospermopsin: not detected; Nodularin: not detected",,2021-10-05 14:05:00,30.2507355,-81.6893676,0.3,"https://services1.arcgis.com/nRHtyn3uE1kyzoYc/arcgis/rest/services/service_5c5ebb2c750c442da2b09ddcc97bb150/FeatureServer/0/3063/attachments/2708?token=5-9B4_qFJxwE43FpRKmTcizn9xE4gyQzR7iJriH_WSdv7PgrexGGAhHhsGpscZa8SH_qjt0z84tspBh9UZdaQiiM655xl5nYilYijuNFLU5ctgA5UqoDG-yQnKzdu40YNWB8oief-0n4SY_CsI5ZrvtQHd97t_Zf1Jytpde8Gcx1_zdC8Fhz3OKM_JWL5zg6"
"Christopher Creek - below San Jose Blvd","Duval",2021-10-05,"DEP_NE_ROC","Yes","Dominant taxon: Microcystis aeruginosa","Yes","Yes",0.5,"I (I qualifier indicates that the reported value is between the laboratory method detection limit and the laboratory practical quantitation limit.)",,,,,,,,,"Anatoxin-a: not detected; Cylindrospermopsin: not detected; Nodularin: not detected",,2021-10-05 13:40:00,30.2526377,-81.6420442,0.3,"https://services1.arcgis.com/nRHtyn3uE1kyzoYc/arcgis/rest/services/service_5c5ebb2c750c442da2b09ddcc97bb150/FeatureServer/0/3062/attachments/2705?token=5-9B4_qFJxwE43FpRKmTcizn9xE4gyQzR7iJriH_WSdv7PgrexGGAhHhsGpscZa8SH_qjt0z84tspBh9UZdaQiiM655xl5nYilYijuNFLU5ctgA5UqoDG-yQnKzdu40YNWB8oief-0n4SY_CsI5ZrvtQHd97t_Zf1Jytpde8Gcx1_zdC8Fhz3OKM_JWL5zg6"
"St. Johns River - Mouth of Goodbys Creek","Duval",2021-10-05,"DEP_NE_ROC","Yes","Dominant taxon: Microcystis aeruginosa","Yes","Yes",0.82,"I (I qualifier indicates that the reported value is between the laboratory method detection limit and the laboratory practical quantitation limit.)",,,,,,,,,"Anatoxin-a: not detected; Cylindrospermopsin: not detected; Nodularin: not detected",,2021-10-05 13:20:00,30.2165402,-81.6234001,0.3,"https://services1.arcgis.com/nRHtyn3uE1kyzoYc/arcgis/rest/services/service_5c5ebb2c750c442da2b09ddcc97bb150/FeatureServer/0/3061/attachments/2702?token=5-9B4_qFJxwE43FpRKmTcizn9xE4gyQzR7iJriH_WSdv7PgrexGGAhHhsGpscZa8SH_qjt0z84tspBh9UZdaQiiM655xl5nYilYijuNFLU5ctgA5UqoDG-yQnKzdu40YNWB8oief-0n4SY_CsI5ZrvtQHd97t_Zf1Jytpde8Gcx1_zdC8Fhz3OKM_JWL5zg6"
"St. Johns River - St. Vincent Riverside","Duval",2021-10-04,"DEP_NE_ROC","Yes","Dominant taxon: Microcystis aeruginosa","Yes","Yes",0.58,"I (I qualifier indicates that the reported value is between the laboratory method detection limit and the laboratory practical quantitation limit.)",,,,,,,,,"Anatoxin-a: not detected; Cylindrospermopsin: not detected; Nodularin: not detected",,2021-10-04 18:55:00,30.3063729,-81.6891767,0.3,"https://services1.arcgis.com/nRHtyn3uE1kyzoYc/arcgis/rest/services/service_5c5ebb2c750c442da2b09ddcc97bb150/FeatureServer/0/3054/attachments/2697?token=5-9B4_qFJxwE43FpRKmTcizn9xE4gyQzR7iJriH_WSdv7PgrexGGAhHhsGpscZa8SH_qjt0z84tspBh9UZdaQiiM655xl5nYilYijuNFLU5ctgA5UqoDG-yQnKzdu40YNWB8oief-0n4SY_CsI5ZrvtQHd97t_Zf1Jytpde8Gcx1_zdC8Fhz3OKM_JWL5zg6"
"St. Johns River - Marina Ortega Landing","Duval",2021-10-04,"DEP_NE_ROC","Yes","Dominant taxon: Microcystis aeruginosa","Yes","Yes",0.33,"I (I qualifier indicates that the reported value is between the laboratory method detection limit and the laboratory practical quantitation limit.)",,,,,,,,,"Anatoxin-a: not detected; Cylindrospermopsin: not detected; Nodularin: not detected",,2021-10-04 18:15:00,30.2768617,-81.7129299,0.3,"https://services1.arcgis.com/nRHtyn3uE1kyzoYc/arcgis/rest/services/service_5c5ebb2c750c442da2b09ddcc97bb150/FeatureServer/0/3053/attachments/2695?token=5-9B4_qFJxwE43FpRKmTcizn9xE4gyQzR7iJriH_WSdv7PgrexGGAhHhsGpscZa8SH_qjt0z84tspBh9UZdaQiiM655xl5nYilYijuNFLU5ctgA5UqoDG-yQnKzdu40YNWB8oief-0n4SY_CsI5ZrvtQHd97t_Zf1Jytpde8Gcx1_zdC8Fhz3OKM_JWL5zg6"
"St. Johns River - at Worth Dr S","Duval",2021-10-04,"DEP_NE_ROC","Yes","Dominant taxon: Microcystis aeruginosa","Yes","Yes",0.65,"I (I qualifier indicates that the reported value is between the laboratory method detection limit and the laboratory practical quantitation limit.)",,,,,,,,,"Anatoxin-a: not detected; Cylindrospermopsin: not detected; Nodularin: not detected",,2021-10-04 17:20:00,30.2713563,-81.6551096,0.3,"https://services1.arcgis.com/nRHtyn3uE1kyzoYc/arcgis/rest/services/service_5c5ebb2c750c442da2b09ddcc97bb150/FeatureServer/0/3052/attachments/2692?token=5-9B4_qFJxwE43FpRKmTcizn9xE4gyQzR7iJriH_WSdv7PgrexGGAhHhsGpscZa8SH_qjt0z84tspBh9UZdaQiiM655xl5nYilYijuNFLU5ctgA5UqoDG-yQnKzdu40YNWB8oief-0n4SY_CsI5ZrvtQHd97t_Zf1Jytpde8Gcx1_zdC8Fhz3OKM_JWL5zg6"
"St. Johns River - Canal to Marco Lake","Duval",2021-10-04,"DEP_NE_ROC","Yes","Dominant taxon: Microcystis aeruginosa","Yes","Yes",0.34,"I (I qualifier indicates that the reported value is between the laboratory method detection limit and the laboratory practical quantitation limit.)",,,,,,,,,"Anatoxin-a: not detected; Cylindrospermopsin: not detected; Nodularin: not detected",,2021-10-04 16:50:00,30.3015007,-81.657927,0.3,"https://services1.arcgis.com/nRHtyn3uE1kyzoYc/arcgis/rest/services/service_5c5ebb2c750c442da2b09ddcc97bb150/FeatureServer/0/3051/attachments/2689?token=5-9B4_qFJxwE43FpRKmTcizn9xE4gyQzR7iJriH_WSdv7PgrexGGAhHhsGpscZa8SH_qjt0z84tspBh9UZdaQiiM655xl5nYilYijuNFLU5ctgA5UqoDG-yQnKzdu40YNWB8oief-0n4SY_CsI5ZrvtQHd97t_Zf1Jytpde8Gcx1_zdC8Fhz3OKM_JWL5zg6"
"St. Johns River - South end Hart Bridge","Duval",2021-10-04,"DEP_NE_ROC","Yes","Dominant taxon: Microcystis aeruginosa","Yes","Yes",0.35,"I (I qualifier indicates that the reported value is between the laboratory method detection limit and the laboratory practical quantitation limit.)",,,,,,,,,"Anatoxin-a: not detected; Cylindrospermopsin: not detected; Nodularin: not detected",,2021-10-04 15:40:00,30.3117987,-81.6257112,0.3,"https://services1.arcgis.com/nRHtyn3uE1kyzoYc/arcgis/rest/services/service_5c5ebb2c750c442da2b09ddcc97bb150/FeatureServer/0/3050/attachments/2686?token=5-9B4_qFJxwE43FpRKmTcizn9xE4gyQzR7iJriH_WSdv7PgrexGGAhHhsGpscZa8SH_qjt0z84tspBh9UZdaQiiM655xl5nYilYijuNFLU5ctgA5UqoDG-yQnKzdu40YNWB8oief-0n4SY_CsI5ZrvtQHd97t_Zf1Jytpde8Gcx1_zdC8Fhz3OKM_JWL5zg6"
"St. Johns River - St. Johns Marina, Jacksonville","Duval",2021-10-04,"DEP_NE_ROC","Yes","Dominant taxon: Microcystis aeruginosa","Yes","Yes",0.42,"I (I qualifier indicates that the reported value is between the laboratory method detection limit and the laboratory practical quantitation limit.)",,,,,,,,,"Anatoxin-a: not detected; Cylindrospermopsin: not detected; Nodularin: not detected",,2021-10-04 15:05:00,30.3198043,-81.6615858,0.3,"https://services1.arcgis.com/nRHtyn3uE1kyzoYc/arcgis/rest/services/service_5c5ebb2c750c442da2b09ddcc97bb150/FeatureServer/0/3049/attachments/2683?token=5-9B4_qFJxwE43FpRKmTcizn9xE4gyQzR7iJriH_WSdv7PgrexGGAhHhsGpscZa8SH_qjt0z84tspBh9UZdaQiiM655xl5nYilYijuNFLU5ctgA5UqoDG-yQnKzdu40YNWB8oief-0n4SY_CsI5ZrvtQHd97t_Zf1Jytpde8Gcx1_zdC8Fhz3OKM_JWL5zg6"
"St. Johns River - Dames Point Bridge","Duval",2021-09-30,"DEP_NE_ROC","Yes","Dominant taxon: Microcystis aeruginosa","Yes","Yes",0.36,"I (I qualifier indicates that the reported value is between the laboratory method detection limit and the laboratory practical quantitation limit.)",,,,,,,,,"Anatoxin-a: not detected; Cylindrospermopsin: not detected; Nodularin: not detected",,2021-09-30 16:40:00,30.3869233,-81.5580333,0.3,"https://services1.arcgis.com/nRHtyn3uE1kyzoYc/arcgis/rest/services/service_5c5ebb2c750c442da2b09ddcc97bb150/FeatureServer/0/3044/attachments/2674?token=5-9B4_qFJxwE43FpRKmTcizn9xE4gyQzR7iJriH_WSdv7PgrexGGAhHhsGpscZa8SH_qjt0z84tspBh9UZdaQiiM655xl5nYilYijuNFLU5ctgA5UqoDG-yQnKzdu40YNWB8oief-0n4SY_CsI5ZrvtQHd97t_Zf1Jytpde8Gcx1_zdC8Fhz3OKM_JWL5zg6"
"Lake Emerald - SE park shore ","Orange",2021-09-30,"DEP_CEN_ROC","No","mixed algae; no dominant species in sample","No","Yes",0.26,"I (I qualifier indicates that the reported value is between the laboratory method detection limit and the laboratory practical quantitation limit.)",,,,,,,,,"Anatoxin-a: not detected; Cylindrospermopsin: not detected; Nodularin: not detected","Slightly green but no bloom present ",2021-09-30 16:25:00,28.529847,-81.362979,0.3,"https://services1.arcgis.com/nRHtyn3uE1kyzoYc/arcgis/rest/services/service_5c5ebb2c750c442da2b09ddcc97bb150/FeatureServer/0/3047/attachments/2680?token=5-9B4_qFJxwE43FpRKmTcizn9xE4gyQzR7iJriH_WSdv7PgrexGGAhHhsGpscZa8SH_qjt0z84tspBh9UZdaQiiM655xl5nYilYijuNFLU5ctgA5UqoDG-yQnKzdu40YNWB8oief-0n4SY_CsI5ZrvtQHd97t_Zf1Jytpde8Gcx1_zdC8Fhz3OKM_JWL5zg6"
"St. Johns River - Little Marsh Island","Duval",2021-09-30,"DEP_NE_ROC","Yes","Dominant taxon: Microcystis aeruginosa","Yes","No",,,,,,,,,,,"Anatoxin-a: not detected; Cylindrospermopsin: not detected; Nodularin: not detected",,2021-09-30 16:05:00,30.3931733,-81.4933483,0.3,"https://services1.arcgis.com/nRHtyn3uE1kyzoYc/arcgis/rest/services/service_5c5ebb2c750c442da2b09ddcc97bb150/FeatureServer/0/3038/attachments/2671?token=5-9B4_qFJxwE43FpRKmTcizn9xE4gyQzR7iJriH_WSdv7PgrexGGAhHhsGpscZa8SH_qjt0z84tspBh9UZdaQiiM655xl5nYilYijuNFLU5ctgA5UqoDG-yQnKzdu40YNWB8oief-0n4SY_CsI5ZrvtQHd97t_Zf1Jytpde8Gcx1_zdC8Fhz3OKM_JWL5zg6"
"Lake Hart - Hart Branch Circle","Orange",2021-09-30,"DEP_CEN_ROC","No","mixed algae; no dominant species in sample","No","No",,,,,,,,,,,"Anatoxin-a: not detected; Cylindrospermopsin: not detected; Nodularin: not detected",,2021-09-30 15:15:00,28.3921944444444,-81.2171388888889,0.3,"https://services1.arcgis.com/nRHtyn3uE1kyzoYc/arcgis/rest/services/service_5c5ebb2c750c442da2b09ddcc97bb150/FeatureServer/0/3037/attachments/2669?token=5-9B4_qFJxwE43FpRKmTcizn9xE4gyQzR7iJriH_WSdv7PgrexGGAhHhsGpscZa8SH_qjt0z84tspBh9UZdaQiiM655xl5nYilYijuNFLU5ctgA5UqoDG-yQnKzdu40YNWB8oief-0n4SY_CsI5ZrvtQHd97t_Zf1Jytpde8Gcx1_zdC8Fhz3OKM_JWL5zg6"
"St. Johns River - North Ferry Ramp","Duval",2021-09-30,"DEP_NE_ROC","No","mixed algae; no dominant species in sample","No","No",,,,,,,,,,,"Anatoxin-a: not detected; Cylindrospermopsin: not detected; Nodularin: not detected",,2021-09-30 15:00:00,30.3957356,-81.4360522,0.3,"https://services1.arcgis.com/nRHtyn3uE1kyzoYc/arcgis/rest/services/service_5c5ebb2c750c442da2b09ddcc97bb150/FeatureServer/0/3036/attachments/2666?token=5-9B4_qFJxwE43FpRKmTcizn9xE4gyQzR7iJriH_WSdv7PgrexGGAhHhsGpscZa8SH_qjt0z84tspBh9UZdaQiiM655xl5nYilYijuNFLU5ctgA5UqoDG-yQnKzdu40YNWB8oief-0n4SY_CsI5ZrvtQHd97t_Zf1Jytpde8Gcx1_zdC8Fhz3OKM_JWL5zg6"
"Lake Monroe - Center (LMAC)","Volusia",2021-09-30,"SJRWMD","No","mixed algae; no dominant species in sample","No","No",,,,,,,,,,,"Anatoxin-a: not detected; Cylindrospermopsin: not detected; Nodularin: not detected; Saxitoxins: not detected",,2021-09-30 14:21:00,28.8349722222222,-81.2709166666667,0.3,
"Willow Branch - Willow Branch Park","Duval",2021-09-30,"DEP_NE_ROC","Yes","mixed algae; no dominant species in sample","No","No",,,,,,,,,,,"Anatoxin-a: not detected; Cylindrospermopsin: not detected; Nodularin: not detected","Streaks of algae",2021-09-30 13:20:00,30.3041852,-81.6968042,0.3,"https://services1.arcgis.com/nRHtyn3uE1kyzoYc/arcgis/rest/services/service_5c5ebb2c750c442da2b09ddcc97bb150/FeatureServer/0/3035/attachments/2665?token=5-9B4_qFJxwE43FpRKmTcizn9xE4gyQzR7iJriH_WSdv7PgrexGGAhHhsGpscZa8SH_qjt0z84tspBh9UZdaQiiM655xl5nYilYijuNFLU5ctgA5UqoDG-yQnKzdu40YNWB8oief-0n4SY_CsI5ZrvtQHd97t_Zf1Jytpde8Gcx1_zdC8Fhz3OKM_JWL5zg6"
"Lake Washington - Center (LWC)","Brevard",2021-09-30,"SJRWMD","No","mixed algae; no dominant species in sample","No","No",,,,,,,,,,,"Anatoxin-a: not detected; Cylindrospermopsin: not detected; Nodularin: not detected; Saxitoxins: not detected","Routine HAB Sample",2021-09-30 12:49:00,28.1424002,-80.7447539,0.3,"https://services1.arcgis.com/nRHtyn3uE1kyzoYc/arcgis/rest/services/service_5c5ebb2c750c442da2b09ddcc97bb150/FeatureServer/0/3046/attachments/2678?token=5-9B4_qFJxwE43FpRKmTcizn9xE4gyQzR7iJriH_WSdv7PgrexGGAhHhsGpscZa8SH_qjt0z84tspBh9UZdaQiiM655xl5nYilYijuNFLU5ctgA5UqoDG-yQnKzdu40YNWB8oief-0n4SY_CsI5ZrvtQHd97t_Zf1Jytpde8Gcx1_zdC8Fhz3OKM_JWL5zg6"
"Stick Marsh - North (STKM)","IndianRiver",2021-09-30,"SJRWMD","No","mixed algae; no dominant species in sample","No","No",,,,,,,,,,,"Anatoxin-a: not detected; Cylindrospermopsin: not detected; Nodularin: not detected; Saxitoxins: not detected",,2021-09-30 12:48:00,27.8107863,-80.7245865,0.3,"https://services1.arcgis.com/nRHtyn3uE1kyzoYc/arcgis/rest/services/service_5c5ebb2c750c442da2b09ddcc97bb150/FeatureServer/0/3045/attachments/2677?token=5-9B4_qFJxwE43FpRKmTcizn9xE4gyQzR7iJriH_WSdv7PgrexGGAhHhsGpscZa8SH_qjt0z84tspBh9UZdaQiiM655xl5nYilYijuNFLU5ctgA5UqoDG-yQnKzdu40YNWB8oief-0n4SY_CsI5ZrvtQHd97t_Zf1Jytpde8Gcx1_zdC8Fhz3OKM_JWL5zg6"
"Trout River - Main St Bridge","Duval",2021-09-29,"DEP_NE_ROC","Yes","Dominant taxon: Microcystis aeruginosa","Yes","Yes",0.76,"I (I qualifier indicates that the reported value is between the laboratory method detection limit and the laboratory practical quantitation limit.)",,,,,,,,,"Anatoxin-a: not detected; Cylindrospermopsin: not detected; Nodularin: not detected",,2021-09-29 18:40:00,30.3940983,-81.6474167,0.3,"https://services1.arcgis.com/nRHtyn3uE1kyzoYc/arcgis/rest/services/service_5c5ebb2c750c442da2b09ddcc97bb150/FeatureServer/0/3022/attachments/2659?token=5-9B4_qFJxwE43FpRKmTcizn9xE4gyQzR7iJriH_WSdv7PgrexGGAhHhsGpscZa8SH_qjt0z84tspBh9UZdaQiiM655xl5nYilYijuNFLU5ctgA5UqoDG-yQnKzdu40YNWB8oief-0n4SY_CsI5ZrvtQHd97t_Zf1Jytpde8Gcx1_zdC8Fhz3OKM_JWL5zg6"
"Trout River - Bert Maxwell Boat Ramp","Duval",2021-09-29,"DEP_NE_ROC","Yes","Dominant taxon: Microcystis aeruginosa","Yes","Yes",9.5,,,,,,,,,,"Anatoxin-a: not detected; Cylindrospermopsin: not detected; Nodularin: not detected",,2021-09-29 18:05:00,30.403717,-81.6635856,0.3,"https://services1.arcgis.com/nRHtyn3uE1kyzoYc/arcgis/rest/services/service_5c5ebb2c750c442da2b09ddcc97bb150/FeatureServer/0/3020/attachments/2656?token=5-9B4_qFJxwE43FpRKmTcizn9xE4gyQzR7iJriH_WSdv7PgrexGGAhHhsGpscZa8SH_qjt0z84tspBh9UZdaQiiM655xl5nYilYijuNFLU5ctgA5UqoDG-yQnKzdu40YNWB8oief-0n4SY_CsI5ZrvtQHd97t_Zf1Jytpde8Gcx1_zdC8Fhz3OKM_JWL5zg6"
"Cedar River - at San Juan Ave","Duval",2021-09-29,"DEP_NE_ROC","No","Mixed algae; no dominant species in sample","No","No",,,,,,,,,,,"Anatoxin-a: not detected; Cylindrospermopsin: not detected; Nodularin: not detected",,2021-09-29 17:20:00,30.281585,-81.7402833,0.3,"https://services1.arcgis.com/nRHtyn3uE1kyzoYc/arcgis/rest/services/service_5c5ebb2c750c442da2b09ddcc97bb150/FeatureServer/0/3019/attachments/2653?token=5-9B4_qFJxwE43FpRKmTcizn9xE4gyQzR7iJriH_WSdv7PgrexGGAhHhsGpscZa8SH_qjt0z84tspBh9UZdaQiiM655xl5nYilYijuNFLU5ctgA5UqoDG-yQnKzdu40YNWB8oief-0n4SY_CsI5ZrvtQHd97t_Zf1Jytpde8Gcx1_zdC8Fhz3OKM_JWL5zg6"
"Crescent Lake - Center","Putnam",2021-09-29,"SJRWMD","Yes","Dominant taxon: Microcystis aeruginosa","Yes","Yes",0.26,"I (I qualifier indicates that the reported value is between the laboratory method detection limit and the laboratory practical quantitation limit.)",,,,,,,,,"Anatoxin-a: not detected; Cylindrospermopsin: not detected; Nodularin: not detected; Saxitoxins: not detected",,2021-09-29 15:46:00,29.5044444444444,-81.5364222222222,0.3,
"Crescent Lake - mouth of Dunns Creek (CRESLM)","Putnam",2021-09-29,"SJRWMD","No","Dominant taxon: Microcystis sp.","Yes","No",,,,,,,,,,,"Anatoxin-a: not detected; Cylindrospermopsin: not detected; Nodularin: not detected; Saxitoxins: not detected",,2021-09-29 15:27:00,29.5295555555556,-81.5537222222222,0.3,
"St. Johns River - Mouth of Deep Bottom Creek","Duval",2021-09-29,"DEP_NE_ROC","Yes","Dominant taxon: Microcystis aeruginosa","Yes","Yes",6.6,,,,,,,,,,"Anatoxin-a: not detected; Cylindrospermopsin: not detected; Nodularin: not detected",,2021-09-29 15:25:00,30.1771860710747,-81.6431657484786,0.3,"https://services1.arcgis.com/nRHtyn3uE1kyzoYc/arcgis/rest/services/service_5c5ebb2c750c442da2b09ddcc97bb150/FeatureServer/0/3017/attachments/2647?token=5-9B4_qFJxwE43FpRKmTcizn9xE4gyQzR7iJriH_WSdv7PgrexGGAhHhsGpscZa8SH_qjt0z84tspBh9UZdaQiiM655xl5nYilYijuNFLU5ctgA5UqoDG-yQnKzdu40YNWB8oief-0n4SY_CsI5ZrvtQHd97t_Zf1Jytpde8Gcx1_zdC8Fhz3OKM_JWL5zg6"
"St. Johns River - Plummer's Cove","Duval",2021-09-29,"DEP_NE_ROC","Yes","Dominant taxon: Microcystis aeruginosa","Yes","Yes",1.3,,,,,,,,,,"Anatoxin-a: not detected; Cylindrospermopsin: not detected; Nodularin: not detected",,2021-09-29 15:00:00,30.1930160653935,-81.6396494222345,0.3,"https://services1.arcgis.com/nRHtyn3uE1kyzoYc/arcgis/rest/services/service_5c5ebb2c750c442da2b09ddcc97bb150/FeatureServer/0/3016/attachments/2644?token=5-9B4_qFJxwE43FpRKmTcizn9xE4gyQzR7iJriH_WSdv7PgrexGGAhHhsGpscZa8SH_qjt0z84tspBh9UZdaQiiM655xl5nYilYijuNFLU5ctgA5UqoDG-yQnKzdu40YNWB8oief-0n4SY_CsI5ZrvtQHd97t_Zf1Jytpde8Gcx1_zdC8Fhz3OKM_JWL5zg6"
"Blue Cypress Lake SE - Trail Entry","IndianRiver",2021-09-29,"SJRWMD","Yes","Dominant taxon: Microcystis aeruginosa","Yes","No",,,,,,,,,,,"Anatoxin-a: not detected; Cylindrospermopsin: not detected; Nodularin: not detected; Saxitoxins: not detected",,2021-09-29 14:37:00,27.6967664736646,-80.7451768777528,0.3,"https://services1.arcgis.com/nRHtyn3uE1kyzoYc/arcgis/rest/services/service_5c5ebb2c750c442da2b09ddcc97bb150/FeatureServer/0/3031/attachments/2663?token=5-9B4_qFJxwE43FpRKmTcizn9xE4gyQzR7iJriH_WSdv7PgrexGGAhHhsGpscZa8SH_qjt0z84tspBh9UZdaQiiM655xl5nYilYijuNFLU5ctgA5UqoDG-yQnKzdu40YNWB8oief-0n4SY_CsI5ZrvtQHd97t_Zf1Jytpde8Gcx1_zdC8Fhz3OKM_JWL5zg6"
"Lake Jesup - Center (OW-CTR)","Seminole",2021-09-29,"SJRWMD","Yes","Co-dominant taxa were: Microcystis aeruginosa and Cylindrospermopsis raciborskii","Yes","Yes",,,0.35,"I (I qualifier indicates that the reported value is between the laboratory method detection limit and the laboratory practical quantitation limit.)",,,,,,,"Anatoxin-a: not detected; Cylindrospermopsin: 0.35 I (I qualifier indicates that the reported value is between the laboratory method detection limit and the laboratory practical quantitation limit.); Nodularin: not detected; Saxitoxins: not detected",,2021-09-29 14:30:00,28.72678,-81.21107,0.3,
"St. Johns River - Welaka City Boat Ramp","Putnam",2021-09-29,"SJRWMD","Yes","Dominant taxon: Microcystis aeruginosa","Yes","No",,,,,,,,,,,"Anatoxin-a: not detected; Cylindrospermopsin: not detected; Nodularin: not detected; Saxitoxins: not detected",,2021-09-29 14:19:00,29.4786055555556,-81.6748,0.3,
"Blue Cypress Lake - Center (BCL)","IndianRiver",2021-09-29,"SJRWMD","No","Mixed algae; no dominant species in sample","No","No",,,,,,,,,,,"Anatoxin-a: not detected; Cylindrospermopsin: not detected; Nodularin: not detected; Saxitoxins: not detected",,2021-09-29 14:10:00,27.7289384799175,-80.7548217300159,0.3,
"St. Johns River - near Georgetown (CM72)","Putnam",2021-09-29,"SJRWMD","Yes","Dominant taxon: Microcystis aeruginosa","Yes","No",,,,,,,,,,,"Anatoxin-a: not detected; Cylindrospermopsin: not detected; Nodularin: not detected; Saxitoxins: not detected",,2021-09-29 13:14:00,29.3774388888889,-81.6281166666667,0.3,
"Lake George - Center (LEO)","Volusia",2021-09-29,"SJRWMD","No","mixed algae; no dominant species in sample","No","No",,,,,,,,,,,"Anatoxin-a: not detected; Cylindrospermopsin: not detected; Nodularin: not detected; Saxitoxins: not detected",,2021-09-29 12:50:00,29.3083055555556,-81.6063888888889,0.3,
"Christopher Creek - below San Jose Blvd","Duval",2021-09-27,"DEP_NE_ROC","Yes","Dominant taxon: Microcystis aeruginosa","Yes","Yes",6.1,,,,,,,,,,"Anatoxin-a: not detected; Cylindrospermopsin: not detected; Nodularin: not detected",,2021-09-27 18:40:00,30.2527457,-81.6418991,0.3,"https://services1.arcgis.com/nRHtyn3uE1kyzoYc/arcgis/rest/services/service_5c5ebb2c750c442da2b09ddcc97bb150/FeatureServer/0/3003/attachments/2633?token=5-9B4_qFJxwE43FpRKmTcizn9xE4gyQzR7iJriH_WSdv7PgrexGGAhHhsGpscZa8SH_qjt0z84tspBh9UZdaQiiM655xl5nYilYijuNFLU5ctgA5UqoDG-yQnKzdu40YNWB8oief-0n4SY_CsI5ZrvtQHd97t_Zf1Jytpde8Gcx1_zdC8Fhz3OKM_JWL5zg6"
"St. Johns River - at Worth Dr S","Duval",2021-09-27,"DEP_NE_ROC","Yes","Dominant taxon: Microcystis aeruginosa","Yes","Yes",3.8,,,,,,,,,,"Anatoxin-a: not detected; Cylindrospermopsin: not detected; Nodularin: not detected",,2021-09-27 17:55:00,30.2712262,-81.6551793,0.3,"https://services1.arcgis.com/nRHtyn3uE1kyzoYc/arcgis/rest/services/service_5c5ebb2c750c442da2b09ddcc97bb150/FeatureServer/0/3002/attachments/2630?token=5-9B4_qFJxwE43FpRKmTcizn9xE4gyQzR7iJriH_WSdv7PgrexGGAhHhsGpscZa8SH_qjt0z84tspBh9UZdaQiiM655xl5nYilYijuNFLU5ctgA5UqoDG-yQnKzdu40YNWB8oief-0n4SY_CsI5ZrvtQHd97t_Zf1Jytpde8Gcx1_zdC8Fhz3OKM_JWL5zg6"
"SJR - Shands Bridge (20030157)","StJohns",2021-09-27,"SJRWMD","No","mixed algae; no dominant species in sample","No","No",,,,,,,,,,,"Anatoxin-a: not detected; Cylindrospermopsin: not detected; Nodularin: not detected; Saxitoxins: not detected",,2021-09-27 15:41:00,29.9816305555556,-81.6221388888889,0.3,
"St. Johns River - end of Blake Ave","Clay",2021-09-27,"DEP_NE_ROC","Yes","Dominant taxon: Microcystis aeruginosa","Yes","Yes",15,,,,,,,,,,"Anatoxin-a: not detected; Cylindrospermopsin: not detected; Nodularin: not detected",,2021-09-27 15:40:00,30.1741403,-81.6971756,0.3,"https://services1.arcgis.com/nRHtyn3uE1kyzoYc/arcgis/rest/services/service_5c5ebb2c750c442da2b09ddcc97bb150/FeatureServer/0/3000/attachments/2624?token=5-9B4_qFJxwE43FpRKmTcizn9xE4gyQzR7iJriH_WSdv7PgrexGGAhHhsGpscZa8SH_qjt0z84tspBh9UZdaQiiM655xl5nYilYijuNFLU5ctgA5UqoDG-yQnKzdu40YNWB8oief-0n4SY_CsI5ZrvtQHd97t_Zf1Jytpde8Gcx1_zdC8Fhz3OKM_JWL5zg6"
"St. Johns River - South end Hart Bridge","Duval",2021-09-27,"DEP_NE_ROC","Yes","Dominant taxon: Microcystis aeruginosa","Yes","Yes",9.8,,,,,,,,,,"Anatoxin-a: not detected; Cylindrospermopsin: not detected; Nodularin: not detected",,2021-09-27 15:15:00,30.3117175,-81.6257627,0.3,"https://services1.arcgis.com/nRHtyn3uE1kyzoYc/arcgis/rest/services/service_5c5ebb2c750c442da2b09ddcc97bb150/FeatureServer/0/3001/attachments/2627?token=5-9B4_qFJxwE43FpRKmTcizn9xE4gyQzR7iJriH_WSdv7PgrexGGAhHhsGpscZa8SH_qjt0z84tspBh9UZdaQiiM655xl5nYilYijuNFLU5ctgA5UqoDG-yQnKzdu40YNWB8oief-0n4SY_CsI5ZrvtQHd97t_Zf1Jytpde8Gcx1_zdC8Fhz3OKM_JWL5zg6"
"St. Johns River - Yacht Basin, near Ortega River ","Duval",2021-09-27,"DEP_NE_ROC","Yes","Dominant taxon: Microcystis aeruginosa","Yes","Yes",8.3,,,,,,,,,,"Anatoxin-a: not detected; Cylindrospermopsin: not detected; Nodularin: not detected",,2021-09-27 15:00:00,30.2513244,-81.6893775,0.3,"https://services1.arcgis.com/nRHtyn3uE1kyzoYc/arcgis/rest/services/service_5c5ebb2c750c442da2b09ddcc97bb150/FeatureServer/0/2999/attachments/2621?token=5-9B4_qFJxwE43FpRKmTcizn9xE4gyQzR7iJriH_WSdv7PgrexGGAhHhsGpscZa8SH_qjt0z84tspBh9UZdaQiiM655xl5nYilYijuNFLU5ctgA5UqoDG-yQnKzdu40YNWB8oief-0n4SY_CsI5ZrvtQHd97t_Zf1Jytpde8Gcx1_zdC8Fhz3OKM_JWL5zg6"
"Doctors Lake - Center (DTL)","Clay",2021-09-27,"SJRWMD","Yes","mixed algae; no dominant species in sample","No","No",,,,,,,,,,,"Anatoxin-a: not detected; Cylindrospermopsin: not detected; Nodularin: not detected; Saxitoxins: not detected",,2021-09-27 14:55:00,30.1380555555556,-81.7272222222222,0.3,
"SJR - Mandarin Point (MP72)","Duval",2021-09-27,"SJRWMD","Yes","Dominant taxon: Microcystis aeruginosa","Yes","Yes",1.7,,,,,,,,,,"Anatoxin-a: not detected; Cylindrospermopsin: not detected; Nodularin: not detected; Saxitoxins: not detected",,2021-09-27 14:25:00,30.1566666666667,-81.6838888888889,0.3,
"Brown L. Whatley Memorial Park stream - Jacksonville","Duval",2021-09-27,"DEP_NE_ROC","Yes","mixed algae; no dominant species in sample","No","No",,,,,,,,,,,"Anatoxin-a: not detected; Cylindrospermopsin: not detected; Nodularin: not detected",,2021-09-27 14:20:00,30.3025783,-81.6505346,0.1,"https://services1.arcgis.com/nRHtyn3uE1kyzoYc/arcgis/rest/services/service_5c5ebb2c750c442da2b09ddcc97bb150/FeatureServer/0/2998/attachments/2618?token=5-9B4_qFJxwE43FpRKmTcizn9xE4gyQzR7iJriH_WSdv7PgrexGGAhHhsGpscZa8SH_qjt0z84tspBh9UZdaQiiM655xl5nYilYijuNFLU5ctgA5UqoDG-yQnKzdu40YNWB8oief-0n4SY_CsI5ZrvtQHd97t_Zf1Jytpde8Gcx1_zdC8Fhz3OKM_JWL5zg6"
"St. Johns River - near Hibernia Point (SJRHBP)","StJohns",2021-09-27,"SJRWMD","Yes","Dominant taxon: Microcystis aeruginosa","Yes","Yes",0.57,"I (I qualifier indicates that the reported value is between the laboratory method detection limit and the laboratory practical quantitation limit.)",,,,,,,,,"Anatoxin-a: not detected; Cylindrospermopsin: not detected; Nodularin: not detected; Saxitoxins: not detected",,2021-09-27 12:49:00,30.0668333333333,-81.6870555555556,0.3,
"Black Creek - Knight's Landing","Clay",2021-09-27,"SJRWMD","No","Dominant taxon: Microcystis aeruginosa","Yes","Yes",0.31,"I (I qualifier indicates that the reported value is between the laboratory method detection limit and the laboratory practical quantitation limit.)",,,,,,,,,"Anatoxin-a: not detected; Cylindrospermopsin: not detected; Nodularin: not detected; Saxitoxins: not detected",,2021-09-27 12:23:00,30.0421944444444,-81.7065555555556,0.3,
"Kissimmee River – S65 (canal side)","Osceola",2021-09-27,"SFWMD","No","mixed algae; no dominant species in sample","No","Yes",0.29,"I (I qualifier indicates that the reported value is between the laboratory method detection limit and the laboratory practical quantitation limit.)",,,,,,,,,"Anatoxin-a: not detected; Cylindrospermopsin: not detected; Nodularin: not detected","No visible BGA. Gates open. Visible flow at time of sampling. Flow is towards the South.",2021-09-27 12:16:00,27.80339,-81.19757,0.3,"https://services1.arcgis.com/nRHtyn3uE1kyzoYc/arcgis/rest/services/service_5c5ebb2c750c442da2b09ddcc97bb150/FeatureServer/0/3007/attachments/2636?token=5-9B4_qFJxwE43FpRKmTcizn9xE4gyQzR7iJriH_WSdv7PgrexGGAhHhsGpscZa8SH_qjt0z84tspBh9UZdaQiiM655xl5nYilYijuNFLU5ctgA5UqoDG-yQnKzdu40YNWB8oief-0n4SY_CsI5ZrvtQHd97t_Zf1Jytpde8Gcx1_zdC8Fhz3OKM_JWL5zg6"
"St. Johns River - Mouth of Goodbys Creek","Duval",2021-09-23,"DEP_NE_ROC","Yes","Dominant taxon: Microcystis aeruginosa","Yes","Yes",0.81,"I (I qualifier indicates that the reported value is between the laboratory method detection limit and the laboratory practical quantitation limit.)",,,,,,,,,"Anatoxin-a: not detected; Cylindrospermopsin: not detected; Nodularin: not detected",,2021-09-23 17:54:00,30.2162113,-81.6224507,0.3,"https://services1.arcgis.com/nRHtyn3uE1kyzoYc/arcgis/rest/services/service_5c5ebb2c750c442da2b09ddcc97bb150/FeatureServer/0/2994/attachments/2613?token=5-9B4_qFJxwE43FpRKmTcizn9xE4gyQzR7iJriH_WSdv7PgrexGGAhHhsGpscZa8SH_qjt0z84tspBh9UZdaQiiM655xl5nYilYijuNFLU5ctgA5UqoDG-yQnKzdu40YNWB8oief-0n4SY_CsI5ZrvtQHd97t_Zf1Jytpde8Gcx1_zdC8Fhz3OKM_JWL5zg6"
"Crescent Lake - Lakeside Lane","Putnam",2021-09-23,"SJRWMD","No","mixed algae; no dominant species in sample","No","No",,,,,,,,,,,"Anatoxin-a: not detected; Cylindrospermopsin: not detected; Nodularin: not detected; Saxitoxins: not detected",,2021-09-23 16:47:00,29.4582555555556,-81.5123472222222,0.3,"https://services1.arcgis.com/nRHtyn3uE1kyzoYc/arcgis/rest/services/service_5c5ebb2c750c442da2b09ddcc97bb150/FeatureServer/0/2997/attachments/2617?token=5-9B4_qFJxwE43FpRKmTcizn9xE4gyQzR7iJriH_WSdv7PgrexGGAhHhsGpscZa8SH_qjt0z84tspBh9UZdaQiiM655xl5nYilYijuNFLU5ctgA5UqoDG-yQnKzdu40YNWB8oief-0n4SY_CsI5ZrvtQHd97t_Zf1Jytpde8Gcx1_zdC8Fhz3OKM_JWL5zg6"
"St. Johns River - Mouth of Craig Creek","Duval",2021-09-23,"DEP_NE_ROC","Yes","Dominant taxon: Microcystis aeruginosa","Yes","Yes",1.5,,,,,,,,,,"Anatoxin-a: not detected; Cylindrospermopsin: not detected; Nodularin: not detected",,2021-09-23 15:39:00,30.2958469,-81.6528407,0.3,"https://services1.arcgis.com/nRHtyn3uE1kyzoYc/arcgis/rest/services/service_5c5ebb2c750c442da2b09ddcc97bb150/FeatureServer/0/2992/attachments/2608?token=5-9B4_qFJxwE43FpRKmTcizn9xE4gyQzR7iJriH_WSdv7PgrexGGAhHhsGpscZa8SH_qjt0z84tspBh9UZdaQiiM655xl5nYilYijuNFLU5ctgA5UqoDG-yQnKzdu40YNWB8oief-0n4SY_CsI5ZrvtQHd97t_Zf1Jytpde8Gcx1_zdC8Fhz3OKM_JWL5zg6"
"St. Johns River - Canal to Marco Lake","Duval",2021-09-23,"DEP_NE_ROC","Yes","Dominant taxon: Microcystis aeruginosa","Yes","Yes",24,,,,,,,,,,"Anatoxin-a: not detected; Cylindrospermopsin: not detected; Nodularin: not detected",,2021-09-23 15:22:00,30.3013988,-81.657991,0.3,"https://services1.arcgis.com/nRHtyn3uE1kyzoYc/arcgis/rest/services/service_5c5ebb2c750c442da2b09ddcc97bb150/FeatureServer/0/2991/attachments/2605?token=5-9B4_qFJxwE43FpRKmTcizn9xE4gyQzR7iJriH_WSdv7PgrexGGAhHhsGpscZa8SH_qjt0z84tspBh9UZdaQiiM655xl5nYilYijuNFLU5ctgA5UqoDG-yQnKzdu40YNWB8oief-0n4SY_CsI5ZrvtQHd97t_Zf1Jytpde8Gcx1_zdC8Fhz3OKM_JWL5zg6"
"St. Johns River - St. Johns Marina, Jacksonville","Duval",2021-09-23,"DEP_NE_ROC","Yes","Dominant taxon: Microcystis aeruginosa","Yes","Yes",1.1,,,,,,,,,,"Anatoxin-a: not detected; Cylindrospermopsin: not detected; Nodularin: not detected",,2021-09-23 14:55:00,30.3198709,-81.6616377,0.3,"https://services1.arcgis.com/nRHtyn3uE1kyzoYc/arcgis/rest/services/service_5c5ebb2c750c442da2b09ddcc97bb150/FeatureServer/0/2990/attachments/2602?token=5-9B4_qFJxwE43FpRKmTcizn9xE4gyQzR7iJriH_WSdv7PgrexGGAhHhsGpscZa8SH_qjt0z84tspBh9UZdaQiiM655xl5nYilYijuNFLU5ctgA5UqoDG-yQnKzdu40YNWB8oief-0n4SY_CsI5ZrvtQHd97t_Zf1Jytpde8Gcx1_zdC8Fhz3OKM_JWL5zg6"
"St. Johns River - near San Mateo","Putnam",2021-09-23,"SJRWMD","No","mixed algae; no dominant species in sample","No","No",,,,,,,,,,,"Anatoxin-a: not detected; Cylindrospermopsin: not detected; Nodularin: not detected; Saxitoxins: not detected",,2021-09-23 13:58:00,29.604456,-81.598375,0.3,"https://services1.arcgis.com/nRHtyn3uE1kyzoYc/arcgis/rest/services/service_5c5ebb2c750c442da2b09ddcc97bb150/FeatureServer/0/2996/attachments/2616?token=5-9B4_qFJxwE43FpRKmTcizn9xE4gyQzR7iJriH_WSdv7PgrexGGAhHhsGpscZa8SH_qjt0z84tspBh9UZdaQiiM655xl5nYilYijuNFLU5ctgA5UqoDG-yQnKzdu40YNWB8oief-0n4SY_CsI5ZrvtQHd97t_Zf1Jytpde8Gcx1_zdC8Fhz3OKM_JWL5zg6"
"St. Johns River - Arlington Lions Club Boat Ramp","Duval",2021-09-23,"DEP_NE_ROC","Yes","Dominant taxon: Microcystis aeruginosa","Yes","Yes",1.3,,,,,,,,,,"Anatoxin-a: not detected; Cylindrospermopsin: not detected; Nodularin: not detected",,2021-09-23 13:54:00,30.3784276,-81.6213504,0.3,"https://services1.arcgis.com/nRHtyn3uE1kyzoYc/arcgis/rest/services/service_5c5ebb2c750c442da2b09ddcc97bb150/FeatureServer/0/2989/attachments/2599?token=5-9B4_qFJxwE43FpRKmTcizn9xE4gyQzR7iJriH_WSdv7PgrexGGAhHhsGpscZa8SH_qjt0z84tspBh9UZdaQiiM655xl5nYilYijuNFLU5ctgA5UqoDG-yQnKzdu40YNWB8oief-0n4SY_CsI5ZrvtQHd97t_Zf1Jytpde8Gcx1_zdC8Fhz3OKM_JWL5zg6"
"Lake Washington - Center (LWC)","Brevard",2021-09-23,"SJRWMD","No","mixed algae; no dominant species in sample","No","No",,,,,,,,,,,"Anatoxin-a: not detected; Cylindrospermopsin: not detected; Nodularin: not detected; Saxitoxins: not detected",,2021-09-23 12:32:00,28.1424776,-80.7445641,0.302,"https://services1.arcgis.com/nRHtyn3uE1kyzoYc/arcgis/rest/services/service_5c5ebb2c750c442da2b09ddcc97bb150/FeatureServer/0/2993/attachments/2611?token=5-9B4_qFJxwE43FpRKmTcizn9xE4gyQzR7iJriH_WSdv7PgrexGGAhHhsGpscZa8SH_qjt0z84tspBh9UZdaQiiM655xl5nYilYijuNFLU5ctgA5UqoDG-yQnKzdu40YNWB8oief-0n4SY_CsI5ZrvtQHd97t_Zf1Jytpde8Gcx1_zdC8Fhz3OKM_JWL5zg6"
"Black Creek - SR-17","Clay",2021-09-21,"DEP_NE_ROC","Yes","Dominant taxon: Microcystis aeruginosa","Yes","Yes",0.48,"I (I qualifier indicates that the reported value is between the laboratory method detection limit and the laboratory practical quantitation limit.)",,,,,,,,,"Anatoxin-a: not detected; Cylindrospermopsin: not detected; Nodularin: not detected",,2021-09-21 18:15:00,30.0420406,-81.7121916,0.3,"https://services1.arcgis.com/nRHtyn3uE1kyzoYc/arcgis/rest/services/service_5c5ebb2c750c442da2b09ddcc97bb150/FeatureServer/0/2959/attachments/2581?token=5-9B4_qFJxwE43FpRKmTcizn9xE4gyQzR7iJriH_WSdv7PgrexGGAhHhsGpscZa8SH_qjt0z84tspBh9UZdaQiiM655xl5nYilYijuNFLU5ctgA5UqoDG-yQnKzdu40YNWB8oief-0n4SY_CsI5ZrvtQHd97t_Zf1Jytpde8Gcx1_zdC8Fhz3OKM_JWL5zg6"
"St. Johns River - Marina Ortega Landing","Duval",2021-09-21,"DEP_NE_ROC","Yes","Dominant taxon: Microcystis aeruginosa","Yes","Yes",1.7,,,,,,,,,,"Anatoxin-a: not detected; Cylindrospermopsin: not detected; Nodularin: not detected",,2021-09-21 17:05:00,30.2770529,-81.7128439,0.3,"https://services1.arcgis.com/nRHtyn3uE1kyzoYc/arcgis/rest/services/service_5c5ebb2c750c442da2b09ddcc97bb150/FeatureServer/0/2958/attachments/2578?token=5-9B4_qFJxwE43FpRKmTcizn9xE4gyQzR7iJriH_WSdv7PgrexGGAhHhsGpscZa8SH_qjt0z84tspBh9UZdaQiiM655xl5nYilYijuNFLU5ctgA5UqoDG-yQnKzdu40YNWB8oief-0n4SY_CsI5ZrvtQHd97t_Zf1Jytpde8Gcx1_zdC8Fhz3OKM_JWL5zg6"
"St. Johns River - St. Vincent Riverside","Duval",2021-09-21,"DEP_NE_ROC","Yes","Dominant taxon: Microcystis aeruginosa","Yes","Yes",3.9,,,,,,,,,,"Anatoxin-a: not detected; Cylindrospermopsin: not detected; Nodularin: not detected",,2021-09-21 16:25:00,30.3061207,-81.6895108,0.3,"https://services1.arcgis.com/nRHtyn3uE1kyzoYc/arcgis/rest/services/service_5c5ebb2c750c442da2b09ddcc97bb150/FeatureServer/0/2956/attachments/2574?token=5-9B4_qFJxwE43FpRKmTcizn9xE4gyQzR7iJriH_WSdv7PgrexGGAhHhsGpscZa8SH_qjt0z84tspBh9UZdaQiiM655xl5nYilYijuNFLU5ctgA5UqoDG-yQnKzdu40YNWB8oief-0n4SY_CsI5ZrvtQHd97t_Zf1Jytpde8Gcx1_zdC8Fhz3OKM_JWL5zg6"
"Pottsburg Creek - River Hills Cir E","Duval",2021-09-21,"DEP_NE_ROC","Yes","Dominant taxon: Microcystis aeruginosa","Yes","Yes",0.39,"I (I qualifier indicates that the reported value is between the laboratory method detection limit and the laboratory practical quantitation limit.)",,,,,,,,,"Anatoxin-a: not detected; Cylindrospermopsin: not detected; Nodularin: not detected",,2021-09-21 15:05:00,30.3147481,-81.5943897,0.3,"https://services1.arcgis.com/nRHtyn3uE1kyzoYc/arcgis/rest/services/service_5c5ebb2c750c442da2b09ddcc97bb150/FeatureServer/0/2955/attachments/2571?token=5-9B4_qFJxwE43FpRKmTcizn9xE4gyQzR7iJriH_WSdv7PgrexGGAhHhsGpscZa8SH_qjt0z84tspBh9UZdaQiiM655xl5nYilYijuNFLU5ctgA5UqoDG-yQnKzdu40YNWB8oief-0n4SY_CsI5ZrvtQHd97t_Zf1Jytpde8Gcx1_zdC8Fhz3OKM_JWL5zg6"
"St. Johns River - Arlington Boat Ramp","Duval",2021-09-21,"DEP_NE_ROC","Yes","Dominant taxon: Microcystis aeruginosa","Yes","Yes",21,,,,,,,,,,"Anatoxin-a: not detected; Cylindrospermopsin: not detected; Nodularin: not detected",,2021-09-21 14:25:00,30.3338921,-81.6124163,0.3,"https://services1.arcgis.com/nRHtyn3uE1kyzoYc/arcgis/rest/services/service_5c5ebb2c750c442da2b09ddcc97bb150/FeatureServer/0/2954/attachments/2568?token=5-9B4_qFJxwE43FpRKmTcizn9xE4gyQzR7iJriH_WSdv7PgrexGGAhHhsGpscZa8SH_qjt0z84tspBh9UZdaQiiM655xl5nYilYijuNFLU5ctgA5UqoDG-yQnKzdu40YNWB8oief-0n4SY_CsI5ZrvtQHd97t_Zf1Jytpde8Gcx1_zdC8Fhz3OKM_JWL5zg6"
"St. Johns River - N Ridge Dr","Clay",2021-09-20,"DEP_NE_ROC","Yes","Dominant taxon: Microcystis aeruginosa","Yes","Yes",1.4,,,,,,,,,,"Anatoxin-a: not detected; Cylindrospermopsin: not detected; Nodularin: not detected","Diffuse bloom observed",2021-09-20 17:45:00,30.0916808,-81.6935414,0.3,"https://services1.arcgis.com/nRHtyn3uE1kyzoYc/arcgis/rest/services/service_5c5ebb2c750c442da2b09ddcc97bb150/FeatureServer/0/2953/attachments/2566?token=5-9B4_qFJxwE43FpRKmTcizn9xE4gyQzR7iJriH_WSdv7PgrexGGAhHhsGpscZa8SH_qjt0z84tspBh9UZdaQiiM655xl5nYilYijuNFLU5ctgA5UqoDG-yQnKzdu40YNWB8oief-0n4SY_CsI5ZrvtQHd97t_Zf1Jytpde8Gcx1_zdC8Fhz3OKM_JWL5zg6"
"Lake Lorraine - West","Volusia",2021-09-20,"DEP_CEN_ROC","Yes","Co-dominant taxa were: Microcystis aeruginosa and Microcystis wesenbergii","Yes","No",,,,,,,,,,,"Anatoxin-a: not detected; Cylindrospermopsin: not detected; Nodularin: not detected","Follow up visit: bloom still present with globs on surface and suspended in the column",2021-09-20 15:10:00,28.880922,-81.224442,0.3,"https://services1.arcgis.com/nRHtyn3uE1kyzoYc/arcgis/rest/services/service_5c5ebb2c750c442da2b09ddcc97bb150/FeatureServer/0/2945/attachments/2553?token=5-9B4_qFJxwE43FpRKmTcizn9xE4gyQzR7iJriH_WSdv7PgrexGGAhHhsGpscZa8SH_qjt0z84tspBh9UZdaQiiM655xl5nYilYijuNFLU5ctgA5UqoDG-yQnKzdu40YNWB8oief-0n4SY_CsI5ZrvtQHd97t_Zf1Jytpde8Gcx1_zdC8Fhz3OKM_JWL5zg6"
"St. Johns River - end of Blake Ave","Clay",2021-09-16,"DEP_NE_ROC","Yes","Dominant taxon: Microcystis aeruginosa","Yes","Yes",40,,,,,,,,,,"Anatoxin-a: not detected; Cylindrospermopsin: not detected; Nodularin: not detected",,2021-09-16 17:10:00,30.1740515,-81.6973203,0.3,"https://services1.arcgis.com/nRHtyn3uE1kyzoYc/arcgis/rest/services/service_5c5ebb2c750c442da2b09ddcc97bb150/FeatureServer/0/2922/attachments/2544?token=5-9B4_qFJxwE43FpRKmTcizn9xE4gyQzR7iJriH_WSdv7PgrexGGAhHhsGpscZa8SH_qjt0z84tspBh9UZdaQiiM655xl5nYilYijuNFLU5ctgA5UqoDG-yQnKzdu40YNWB8oief-0n4SY_CsI5ZrvtQHd97t_Zf1Jytpde8Gcx1_zdC8Fhz3OKM_JWL5zg6"
"Lake Jesup - Center (OW-CTR)","Seminole",2021-09-16,"SJRWMD","Yes","Co-dominant taxa were: Microcystis aeruginosa and Cylindrospermopsis raciborskii","Yes","Yes",,,0.47,,,,,,,,"Anatoxin-a: not detected; Cylindrospermopsin: 0.47; Nodularin: not detected; Saxitoxins: not detected",,2021-09-16 16:11:00,28.7268,-81.2111,0.3,
"St. Johns River - end of Oakvale Rd","StJohns",2021-09-16,"DEP_NE_ROC","No","mixed algae; no dominant species in sample","No","No",,,,,,,,,,,"Anatoxin-a: not detected; Cylindrospermopsin: not detected; Nodularin: not detected",,2021-09-16 15:55:00,30.109633,-81.6431026,0.3,"https://services1.arcgis.com/nRHtyn3uE1kyzoYc/arcgis/rest/services/service_5c5ebb2c750c442da2b09ddcc97bb150/FeatureServer/0/2921/attachments/2542?token=5-9B4_qFJxwE43FpRKmTcizn9xE4gyQzR7iJriH_WSdv7PgrexGGAhHhsGpscZa8SH_qjt0z84tspBh9UZdaQiiM655xl5nYilYijuNFLU5ctgA5UqoDG-yQnKzdu40YNWB8oief-0n4SY_CsI5ZrvtQHd97t_Zf1Jytpde8Gcx1_zdC8Fhz3OKM_JWL5zg6"
"Blue Cypress Lake - Middleton's Fish Camp","IndianRiver",2021-09-16,"SJRWMD","Yes","Dominant taxon: Microcystis wesenbergii","Yes","No",,,,,,,,,,,"Anatoxin-a: not detected; Cylindrospermopsin: not detected; Nodularin: not detected; Saxitoxins: not detected","Bloom response sample. Bloom visible.",2021-09-16 15:10:00,27.7263845256105,-80.7760035679162,0.3,"https://services1.arcgis.com/nRHtyn3uE1kyzoYc/arcgis/rest/services/service_5c5ebb2c750c442da2b09ddcc97bb150/FeatureServer/0/2923/attachments/2547?token=5-9B4_qFJxwE43FpRKmTcizn9xE4gyQzR7iJriH_WSdv7PgrexGGAhHhsGpscZa8SH_qjt0z84tspBh9UZdaQiiM655xl5nYilYijuNFLU5ctgA5UqoDG-yQnKzdu40YNWB8oief-0n4SY_CsI5ZrvtQHd97t_Zf1Jytpde8Gcx1_zdC8Fhz3OKM_JWL5zg6"
"Christopher Creek - below San Jose Blvd","Duval",2021-09-16,"DEP_NE_ROC","No","Dominant taxon: Microcystis aeruginosa","Yes","No",,,,,,,,,,,"Anatoxin-a: not detected; Cylindrospermopsin: not detected; Nodularin: not detected",,2021-09-16 14:45:00,30.2525633,-81.6422152,0.3,"https://services1.arcgis.com/nRHtyn3uE1kyzoYc/arcgis/rest/services/service_5c5ebb2c750c442da2b09ddcc97bb150/FeatureServer/0/2920/attachments/2541?token=5-9B4_qFJxwE43FpRKmTcizn9xE4gyQzR7iJriH_WSdv7PgrexGGAhHhsGpscZa8SH_qjt0z84tspBh9UZdaQiiM655xl5nYilYijuNFLU5ctgA5UqoDG-yQnKzdu40YNWB8oief-0n4SY_CsI5ZrvtQHd97t_Zf1Jytpde8Gcx1_zdC8Fhz3OKM_JWL5zg6"
"Lake Monroe - Center (LMAC)","Volusia",2021-09-16,"SJRWMD","No","mixed algae; no dominant species in sample","No","No",,,,,,,,,,,"Anatoxin-a: not detected; Cylindrospermopsin: not detected; Nodularin: not detected; Saxitoxins: not detected",,2021-09-16 14:24:00,28.83496,-81.27091,0.3,
"Crescent Lake - mouth of Dunns Creek (CRESLM)","Putnam",2021-09-16,"SJRWMD","No","mixed algae; no dominant species in sample","No","No",,,,,,,,,,,"Anatoxin-a: not detected; Cylindrospermopsin: not detected; Nodularin: not detected; Saxitoxins: not detected",,2021-09-16 13:54:00,29.5295555555556,-81.5537222222222,0.3,
"SJR - Shands Bridge (20030157)","StJohns",2021-09-15,"SJRWMD","No","mixed algae; no dominant species in sample","No","No",,,,,,,,,,,"Anatoxin-a: not detected; Cylindrospermopsin: not detected; Nodularin: not detected; Saxitoxins: not detected",,2021-09-15 17:33:00,29.9816305555556,-81.6221388888889,0.3,
"Doctors Lake - Center (DTL)","Clay",2021-09-15,"SJRWMD","No","mixed algae; no dominant species in sample","No","No",,,,,,,,,,,"Anatoxin-a: not detected; Cylindrospermopsin: not detected; Nodularin: not detected; Saxitoxins: not detected",,2021-09-15 16:26:00,30.1380555555556,-81.7272222222222,0.3,"https://services1.arcgis.com/nRHtyn3uE1kyzoYc/arcgis/rest/services/service_5c5ebb2c750c442da2b09ddcc97bb150/FeatureServer/0/2933/attachments/2551?token=5-9B4_qFJxwE43FpRKmTcizn9xE4gyQzR7iJriH_WSdv7PgrexGGAhHhsGpscZa8SH_qjt0z84tspBh9UZdaQiiM655xl5nYilYijuNFLU5ctgA5UqoDG-yQnKzdu40YNWB8oief-0n4SY_CsI5ZrvtQHd97t_Zf1Jytpde8Gcx1_zdC8Fhz3OKM_JWL5zg6"
"SJR - Mandarin Point (MP72)","Duval",2021-09-15,"SJRWMD","Yes","Dominant taxon: Microcystis aeruginosa","Yes","Yes",1,,,,,,,,,,"Anatoxin-a: not detected; Cylindrospermopsin: not detected; Nodularin: not detected; Saxitoxins: not detected",,2021-09-15 15:59:00,30.1566666666667,-81.6838888888889,0.3,"https://services1.arcgis.com/nRHtyn3uE1kyzoYc/arcgis/rest/services/service_5c5ebb2c750c442da2b09ddcc97bb150/FeatureServer/0/2932/attachments/2550?token=5-9B4_qFJxwE43FpRKmTcizn9xE4gyQzR7iJriH_WSdv7PgrexGGAhHhsGpscZa8SH_qjt0z84tspBh9UZdaQiiM655xl5nYilYijuNFLU5ctgA5UqoDG-yQnKzdu40YNWB8oief-0n4SY_CsI5ZrvtQHd97t_Zf1Jytpde8Gcx1_zdC8Fhz3OKM_JWL5zg6"
"Blue Cypress Lake - Center (BCL)","IndianRiver",2021-09-15,"SJRWMD","No","mixed algae; no dominant species in sample","No","No",,,,,,,,,,,"Anatoxin-a: not detected; Cylindrospermopsin: not detected; Nodularin: not detected; Saxitoxins: not detected","Routine HAB sample",2021-09-15 15:55:00,27.72968,-80.75442,0.302,
"Cypress Lake - West Lobe","Orange",2021-09-15,"County","No","Dominant taxon: Planktolyngbya limnetica","Yes","No",,,,,,,,,,,"Anatoxin-a: not detected; Cylindrospermopsin: not detected; Nodularin: not detected","Follow up sample: no bloom observed",2021-09-15 15:08:00,28.4799,-81.5699,0.3,"https://services1.arcgis.com/nRHtyn3uE1kyzoYc/arcgis/rest/services/service_5c5ebb2c750c442da2b09ddcc97bb150/FeatureServer/0/2919/attachments/2538?token=5-9B4_qFJxwE43FpRKmTcizn9xE4gyQzR7iJriH_WSdv7PgrexGGAhHhsGpscZa8SH_qjt0z84tspBh9UZdaQiiM655xl5nYilYijuNFLU5ctgA5UqoDG-yQnKzdu40YNWB8oief-0n4SY_CsI5ZrvtQHd97t_Zf1Jytpde8Gcx1_zdC8Fhz3OKM_JWL5zg6"
"Lake Emerald - SE park shore","Orange",2021-09-15,"DEP_CEN_ROC","No","Dominant taxon: Microcystis aeruginosa","Yes","No",,,,,,,,,,,"Anatoxin-a: not detected; Cylindrospermopsin: not detected; Nodularin: not detected","Follow up visit: no bloom observed",2021-09-15 14:05:00,28.529847,-81.362979,0.3,"https://services1.arcgis.com/nRHtyn3uE1kyzoYc/arcgis/rest/services/service_5c5ebb2c750c442da2b09ddcc97bb150/FeatureServer/0/2911/attachments/2529?token=5-9B4_qFJxwE43FpRKmTcizn9xE4gyQzR7iJriH_WSdv7PgrexGGAhHhsGpscZa8SH_qjt0z84tspBh9UZdaQiiM655xl5nYilYijuNFLU5ctgA5UqoDG-yQnKzdu40YNWB8oief-0n4SY_CsI5ZrvtQHd97t_Zf1Jytpde8Gcx1_zdC8Fhz3OKM_JWL5zg6"
"St. Johns River - near Hibernia Point (SJRHBP)","StJohns",2021-09-15,"SJRWMD","Yes","Dominant taxon: Microcystis aeruginosa","Yes","Yes",0.52,"I (I qualifier indicates that the reported value is between the laboratory method detection limit and the laboratory practical quantitation limit.)",,,,,,,,,"Anatoxin-a: not detected; Cylindrospermopsin: not detected; Nodularin: not detected; Saxitoxins: not detected",,2021-09-15 14:02:00,30.0679722222222,-81.68725,0.3,"https://services1.arcgis.com/nRHtyn3uE1kyzoYc/arcgis/rest/services/service_5c5ebb2c750c442da2b09ddcc97bb150/FeatureServer/0/2931/attachments/2549?token=5-9B4_qFJxwE43FpRKmTcizn9xE4gyQzR7iJriH_WSdv7PgrexGGAhHhsGpscZa8SH_qjt0z84tspBh9UZdaQiiM655xl5nYilYijuNFLU5ctgA5UqoDG-yQnKzdu40YNWB8oief-0n4SY_CsI5ZrvtQHd97t_Zf1Jytpde8Gcx1_zdC8Fhz3OKM_JWL5zg6"
"Black Creek - Knight's Landing","Clay",2021-09-15,"SJRWMD","Yes","Dominant taxon: Microcystis aeruginosa","Yes","Yes",0.48,"I (I qualifier indicates that the reported value is between the laboratory method detection limit and the laboratory practical quantitation limit.)",,,,,,,,,"Anatoxin-a: not detected; Cylindrospermopsin: not detected; Nodularin: not detected; Saxitoxins: not detected",,2021-09-15 13:29:00,30.0394722222222,-81.7077777777778,0.3,"https://services1.arcgis.com/nRHtyn3uE1kyzoYc/arcgis/rest/services/service_5c5ebb2c750c442da2b09ddcc97bb150/FeatureServer/0/2930/attachments/2552?token=5-9B4_qFJxwE43FpRKmTcizn9xE4gyQzR7iJriH_WSdv7PgrexGGAhHhsGpscZa8SH_qjt0z84tspBh9UZdaQiiM655xl5nYilYijuNFLU5ctgA5UqoDG-yQnKzdu40YNWB8oief-0n4SY_CsI5ZrvtQHd97t_Zf1Jytpde8Gcx1_zdC8Fhz3OKM_JWL5zg6"
"Stick Marsh - North (STKM)","IndianRiver",2021-09-15,"SJRWMD","No","mixed algae; no dominant species in sample","No","No",,,,,,,,,,,"Anatoxin-a: not detected; Cylindrospermopsin: not detected; Nodularin: not detected; Saxitoxins: not detected","Routine HAB sample",2021-09-15 13:22:00,27.8098347525587,-80.7270829468731,0.3,
"Lake Howell - SW Corner","Seminole",2021-09-15,"DEP_CEN_ROC","Yes","Dominant taxon: Microcystis aeruginosa","Yes","No",,,,,,,,,,,"Anatoxin-a: not detected; Cylindrospermopsin: not detected; Nodularin: not detected","Algae suspended in column, surface scum striation pushed along shore",2021-09-15 13:05:00,28.6368,-81.3177,0.3,"https://services1.arcgis.com/nRHtyn3uE1kyzoYc/arcgis/rest/services/service_5c5ebb2c750c442da2b09ddcc97bb150/FeatureServer/0/2912/attachments/2531?token=5-9B4_qFJxwE43FpRKmTcizn9xE4gyQzR7iJriH_WSdv7PgrexGGAhHhsGpscZa8SH_qjt0z84tspBh9UZdaQiiM655xl5nYilYijuNFLU5ctgA5UqoDG-yQnKzdu40YNWB8oief-0n4SY_CsI5ZrvtQHd97t_Zf1Jytpde8Gcx1_zdC8Fhz3OKM_JWL5zg6"
"Lake Copeland - SE Corner","Orange",2021-09-14,"DEP_CEN_ROC","Yes","Dominant taxon: Microcystis aeruginosa","Yes","No",,,,,,,,,,,"Anatoxin-a: not detected; Cylindrospermopsin: not detected; Nodularin: not detected","Blie water tint",2021-09-14 16:30:00,28.5260291,-81.3738297,0.3,"https://services1.arcgis.com/nRHtyn3uE1kyzoYc/arcgis/rest/services/service_5c5ebb2c750c442da2b09ddcc97bb150/FeatureServer/0/2906/attachments/2524?token=5-9B4_qFJxwE43FpRKmTcizn9xE4gyQzR7iJriH_WSdv7PgrexGGAhHhsGpscZa8SH_qjt0z84tspBh9UZdaQiiM655xl5nYilYijuNFLU5ctgA5UqoDG-yQnKzdu40YNWB8oief-0n4SY_CsI5ZrvtQHd97t_Zf1Jytpde8Gcx1_zdC8Fhz3OKM_JWL5zg6"
"St. Johns River - near Palatka Bridge","Putnam",2021-09-14,"SJRWMD","Yes","Dominant taxon: Microcystis aeruginosa","Yes","No",,,,,,,,,,,"Anatoxin-a: not detected; Cylindrospermopsin: not detected; Nodularin: not detected; Saxitoxins: not detected",,2021-09-14 16:06:00,29.6434166666667,-81.6238333333333,0.3,
"Lake George - Center (LEO)","Volusia",2021-09-14,"SJRWMD","Yes","Co-dominant taxa were: Microcystis aeruginosa and Cylindrospermopsis raciborskii","Yes","No",,,,,,,,,,,"Anatoxin-a: not detected; Cylindrospermopsin: not detected; Nodularin: not detected; Saxitoxins: not detected",,2021-09-14 13:56:00,29.30830556,-81.60638889,0.3,
"St. Johns River - near San Mateo","Putnam",2021-09-13,"SJRWMD","Yes","Dominant taxon: Microcystis aeruginosa","Yes","No",,,,,,,,,,,"Anatoxin-a: not detected; Cylindrospermopsin: not detected; Nodularin: not detected; Saxitoxins: not detected",,2021-09-13 18:09:00,29.6022,-81.60003,0.3,"https://services1.arcgis.com/nRHtyn3uE1kyzoYc/arcgis/rest/services/service_5c5ebb2c750c442da2b09ddcc97bb150/FeatureServer/0/2910/attachments/2540?token=5-9B4_qFJxwE43FpRKmTcizn9xE4gyQzR7iJriH_WSdv7PgrexGGAhHhsGpscZa8SH_qjt0z84tspBh9UZdaQiiM655xl5nYilYijuNFLU5ctgA5UqoDG-yQnKzdu40YNWB8oief-0n4SY_CsI5ZrvtQHd97t_Zf1Jytpde8Gcx1_zdC8Fhz3OKM_JWL5zg6"
"Kissimmee River – S65 (canal side)","Osceola",2021-09-13,"SFWMD","No","Dominant taxon: Microcystis aeruginosa","Yes","Yes",0.3,"I (I qualifier indicates that the reported value is between the laboratory method detection limit and the laboratory practical quantitation limit.)",,,,,,,,,"Anatoxin-a: not detected; Cylindrospermopsin: not detected; Nodularin: not detected","No visible BGA. Gates open, visible flow towards the South.",2021-09-13 12:47:00,27.80337,-81.1975,0.3,"https://services1.arcgis.com/nRHtyn3uE1kyzoYc/arcgis/rest/services/service_5c5ebb2c750c442da2b09ddcc97bb150/FeatureServer/0/2901/attachments/2518?token=5-9B4_qFJxwE43FpRKmTcizn9xE4gyQzR7iJriH_WSdv7PgrexGGAhHhsGpscZa8SH_qjt0z84tspBh9UZdaQiiM655xl5nYilYijuNFLU5ctgA5UqoDG-yQnKzdu40YNWB8oief-0n4SY_CsI5ZrvtQHd97t_Zf1Jytpde8Gcx1_zdC8Fhz3OKM_JWL5zg6"
"Lake Anderson - Center","Orange",2021-09-09,"County","No","mixed algae; no dominant species in sample","No","No",,,,,,,,,,,"Anatoxin-a: not detected; Cylindrospermopsin: not detected; Nodularin: not detected","Collected by Orange County. No apparent bloom, but some algae suspended in the water column.",2021-09-09 13:15:00,28.499,-81.337,0.3,
"St. Johns River - end of Oakvale Rd","StJohns",2021-09-01,"DEP_NE_ROC","No","mixed algae; no dominant species in sample","No","Yes",,,0.18,"I (I qualifier indicates that the reported value is between the laboratory method detection limit and the laboratory practical quantitation limit.)",,,,,,,"Anatoxin-a: not detected; Cylindrospermopsin: 0.18 I (I qualifier indicates that the reported value is between the laboratory method detection limit and the laboratory practical quantitation limit.); Nodularin: not detected",,2021-09-01 14:15:00,30.1096164,-81.643089,0.3,"https://services1.arcgis.com/nRHtyn3uE1kyzoYc/arcgis/rest/services/service_5c5ebb2c750c442da2b09ddcc97bb150/FeatureServer/0/2839/attachments/2477?token=5-9B4_qFJxwE43FpRKmTcizn9xE4gyQzR7iJriH_WSdv7PgrexGGAhHhsGpscZa8SH_qjt0z84tspBh9UZdaQiiM655xl5nYilYijuNFLU5ctgA5UqoDG-yQnKzdu40YNWB8oief-0n4SY_CsI5ZrvtQHd97t_Zf1Jytpde8Gcx1_zdC8Fhz3OKM_JWL5zg6"
"Lake Monroe - Center (LMAC)","Volusia",2021-09-01,"SJRWMD","No","mixed algae; no dominant species in sample","No","No",,,,,,,,,,,"Anatoxin-a: not detected; Cylindrospermopsin: not detected; Nodularin: not detected; Saxitoxins: not detected","Routine HAB",2021-09-01 13:01:00,28.8411045248015,-81.2730682782066,0.3,
"Lake Washington - Center (LWC)","Brevard",2021-08-31,"SJRWMD","No","mixed algae; no dominant species in sample","No","No",,,,,,,,,,,"Anatoxin-a: not detected; Cylindrospermopsin: not detected; Nodularin: not detected; Saxitoxins: not detected","No bloom visible",2021-08-31 14:30:00,28.1445833121893,-80.7453086774996,0.3,"https://services1.arcgis.com/nRHtyn3uE1kyzoYc/arcgis/rest/services/service_5c5ebb2c750c442da2b09ddcc97bb150/FeatureServer/0/2836/attachments/2470?token=5-9B4_qFJxwE43FpRKmTcizn9xE4gyQzR7iJriH_WSdv7PgrexGGAhHhsGpscZa8SH_qjt0z84tspBh9UZdaQiiM655xl5nYilYijuNFLU5ctgA5UqoDG-yQnKzdu40YNWB8oief-0n4SY_CsI5ZrvtQHd97t_Zf1Jytpde8Gcx1_zdC8Fhz3OKM_JWL5zg6"
"Lake George - Center (LEO)","Volusia",2021-08-31,"SJRWMD","Yes","Dominant taxon: Cylindrospermopsis raciborskii","Yes","Yes",,,0.55,,,,,,,,"Anatoxin-a: not detected; Cylindrospermopsin: 0.55; Nodularin: not detected; Saxitoxins: not detected",,2021-08-31 14:27:00,29.3083055555556,-81.6063888888889,0.3,"https://services1.arcgis.com/nRHtyn3uE1kyzoYc/arcgis/rest/services/service_5c5ebb2c750c442da2b09ddcc97bb150/FeatureServer/0/2845/attachments/2489?token=5-9B4_qFJxwE43FpRKmTcizn9xE4gyQzR7iJriH_WSdv7PgrexGGAhHhsGpscZa8SH_qjt0z84tspBh9UZdaQiiM655xl5nYilYijuNFLU5ctgA5UqoDG-yQnKzdu40YNWB8oief-0n4SY_CsI5ZrvtQHd97t_Zf1Jytpde8Gcx1_zdC8Fhz3OKM_JWL5zg6"
"Crescent Lake - mouth of Dunns Creek (CRESLM)","Putnam",2021-08-30,"SJRWMD","No","Dominant taxon: Microcystis aeruginosa","Yes","No",,,,,,,,,,,"Anatoxin-a: not detected; Cylindrospermopsin: not detected; Nodularin: not detected; Saxitoxins: not detected",,2021-08-30 19:36:00,29.5295555555556,-81.5537222222222,0.3,
"Trout Lake Canal - 35m from FL-19","Lake",2021-08-30,"DEP_CEN_ROC","Yes","mixed algae; no dominant species in sample","No","No",,,,,,,,,,,"Anatoxin-a: not detected; Cylindrospermopsin: not detected; Nodularin: not detected","Slight bloom persistent ",2021-08-30 17:30:00,28.8640931,-81.6871352,0.3,"https://services1.arcgis.com/nRHtyn3uE1kyzoYc/arcgis/rest/services/service_5c5ebb2c750c442da2b09ddcc97bb150/FeatureServer/0/2827/attachments/2455?token=5-9B4_qFJxwE43FpRKmTcizn9xE4gyQzR7iJriH_WSdv7PgrexGGAhHhsGpscZa8SH_qjt0z84tspBh9UZdaQiiM655xl5nYilYijuNFLU5ctgA5UqoDG-yQnKzdu40YNWB8oief-0n4SY_CsI5ZrvtQHd97t_Zf1Jytpde8Gcx1_zdC8Fhz3OKM_JWL5zg6"
"Dead River - residential canal S of US 441","Lake",2021-08-30,"DEP_CEN_ROC","Yes","mixed algae; no dominant species in sample","No","No",,,,,,,,,,,"Anatoxin-a: not detected; Cylindrospermopsin: not detected; Nodularin: not detected","Slight bloom persistent ",2021-08-30 16:15:00,28.8140523,-81.7601309,0.3,"https://services1.arcgis.com/nRHtyn3uE1kyzoYc/arcgis/rest/services/service_5c5ebb2c750c442da2b09ddcc97bb150/FeatureServer/0/2828/attachments/2457?token=5-9B4_qFJxwE43FpRKmTcizn9xE4gyQzR7iJriH_WSdv7PgrexGGAhHhsGpscZa8SH_qjt0z84tspBh9UZdaQiiM655xl5nYilYijuNFLU5ctgA5UqoDG-yQnKzdu40YNWB8oief-0n4SY_CsI5ZrvtQHd97t_Zf1Jytpde8Gcx1_zdC8Fhz3OKM_JWL5zg6"
"Lake Eustis - canal near Linda Lane","Lake",2021-08-30,"DEP_CEN_ROC","Yes","Dominant taxon: Microcystis aeruginosa","Yes","No",,,,,,,,,,,"Anatoxin-a: not detected; Cylindrospermopsin: not detected; Nodularin: not detected","Investigated new report: bloom present in lake and canal as well as floating aquatic vegetation ",2021-08-30 16:00:00,28.8421844,-81.7539987,0.3,"https://services1.arcgis.com/nRHtyn3uE1kyzoYc/arcgis/rest/services/service_5c5ebb2c750c442da2b09ddcc97bb150/FeatureServer/0/2829/attachments/2459?token=5-9B4_qFJxwE43FpRKmTcizn9xE4gyQzR7iJriH_WSdv7PgrexGGAhHhsGpscZa8SH_qjt0z84tspBh9UZdaQiiM655xl5nYilYijuNFLU5ctgA5UqoDG-yQnKzdu40YNWB8oief-0n4SY_CsI5ZrvtQHd97t_Zf1Jytpde8Gcx1_zdC8Fhz3OKM_JWL5zg6"
"Lake Eustis - NW Corner","Lake",2021-08-30,"DEP_CEN_ROC","Yes","Dominant taxon: Microcystis aeruginosa","Yes","No",,,,,,,,,,,"Anatoxin-a: not detected; Cylindrospermopsin: not detected; Nodularin: not detected","Checked on new report in canal: mixture of bloom and plants",2021-08-30 15:35:00,28.86613,-81.744221,0.3,"https://services1.arcgis.com/nRHtyn3uE1kyzoYc/arcgis/rest/services/service_5c5ebb2c750c442da2b09ddcc97bb150/FeatureServer/0/2830/attachments/2461?token=5-9B4_qFJxwE43FpRKmTcizn9xE4gyQzR7iJriH_WSdv7PgrexGGAhHhsGpscZa8SH_qjt0z84tspBh9UZdaQiiM655xl5nYilYijuNFLU5ctgA5UqoDG-yQnKzdu40YNWB8oief-0n4SY_CsI5ZrvtQHd97t_Zf1Jytpde8Gcx1_zdC8Fhz3OKM_JWL5zg6"
"Lake Jesup - Center (OW-CTR)","Seminole",2021-08-30,"SJRWMD","Yes","mixed algae; no dominant species in sample","No","Yes",,,0.41,,,,,,,,"Anatoxin-a: not detected; Cylindrospermopsin: 0.41; Nodularin: not detected; Saxitoxins: not detected",,2021-08-30 14:52:00,28.7268,-81.2111,0.3,
"Blue Cypress Lake - Center (BCL)","IndianRiver",2021-08-30,"SJRWMD","No","mixed algae; no dominant species in sample","No","No",,,,,,,,,,,"Anatoxin-a: not detected; Cylindrospermopsin: not detected; Nodularin: not detected; Saxitoxins: not detected","Routine HAB Sample",2021-08-30 13:17:00,27.72968,-80.75442,0.302,"https://services1.arcgis.com/nRHtyn3uE1kyzoYc/arcgis/rest/services/service_5c5ebb2c750c442da2b09ddcc97bb150/FeatureServer/0/2825/attachments/2454?token=5-9B4_qFJxwE43FpRKmTcizn9xE4gyQzR7iJriH_WSdv7PgrexGGAhHhsGpscZa8SH_qjt0z84tspBh9UZdaQiiM655xl5nYilYijuNFLU5ctgA5UqoDG-yQnKzdu40YNWB8oief-0n4SY_CsI5ZrvtQHd97t_Zf1Jytpde8Gcx1_zdC8Fhz3OKM_JWL5zg6"
"Kissimmee River – S65 (canal side)","Osceola",2021-08-30,"SFWMD","No","Dominant taxon: Microcystis aeruginosa","Yes","Yes",0.36,"I (I qualifier indicates that the reported value is between the laboratory method detection limit and the laboratory practical quantitation limit.)",,,,,,,,,"Anatoxin-a: not detected; Cylindrospermopsin: not detected; Nodularin: not detected","No visible BGA.",2021-08-30 12:02:00,27.80339,-81.19729,0.3,"https://services1.arcgis.com/nRHtyn3uE1kyzoYc/arcgis/rest/services/service_5c5ebb2c750c442da2b09ddcc97bb150/FeatureServer/0/2833/attachments/2468?token=5-9B4_qFJxwE43FpRKmTcizn9xE4gyQzR7iJriH_WSdv7PgrexGGAhHhsGpscZa8SH_qjt0z84tspBh9UZdaQiiM655xl5nYilYijuNFLU5ctgA5UqoDG-yQnKzdu40YNWB8oief-0n4SY_CsI5ZrvtQHd97t_Zf1Jytpde8Gcx1_zdC8Fhz3OKM_JWL5zg6"
"SJR - Shands Bridge (20030157)","StJohns",2021-08-25,"SJRWMD","Yes","Dominant taxon: Microcystis aeruginosa","Yes","Yes",,,0.15,"I (I qualifier indicates that the reported value is between the laboratory method detection limit and the laboratory practical quantitation limit.)",,,,,,,"Anatoxin-a: not detected; Cylindrospermopsin: 0.15 I (I qualifier indicates that the reported value is between the laboratory method detection limit and the laboratory practical quantitation limit.); Nodularin: not detected; Saxitoxins: not detected",,2021-08-25 16:42:00,29.9816305555556,-81.6221388888889,0.3,
"Lake Rowena - NE Corner","Orange",2021-08-25,"DEP_CEN_ROC","No","Dominant taxon: Microcystis aeruginosa","Yes","Yes",,,0.12,"I (I qualifier indicates that the reported value is between the laboratory method detection limit and the laboratory practical quantitation limit.)",,,,,,,"Anatoxin-a: not detected; Cylindrospermopsin: 0.12 I (I qualifier indicates that the reported value is between the laboratory method detection limit and the laboratory practical quantitation limit.); Nodularin: not detected",,2021-08-25 16:25:00,28.572379,-81.3575216,0.3,"https://services1.arcgis.com/nRHtyn3uE1kyzoYc/arcgis/rest/services/service_5c5ebb2c750c442da2b09ddcc97bb150/FeatureServer/0/2797/attachments/2447?token=5-9B4_qFJxwE43FpRKmTcizn9xE4gyQzR7iJriH_WSdv7PgrexGGAhHhsGpscZa8SH_qjt0z84tspBh9UZdaQiiM655xl5nYilYijuNFLU5ctgA5UqoDG-yQnKzdu40YNWB8oief-0n4SY_CsI5ZrvtQHd97t_Zf1Jytpde8Gcx1_zdC8Fhz3OKM_JWL5zg6"
"Doctors Lake - Center (DTL)","Clay",2021-08-25,"SJRWMD","No","mixed algae; no dominant species in sample","No","Yes",0.34,"I (I qualifier indicates that the reported value is between the laboratory method detection limit and the laboratory practical quantitation limit.)",,,,,,,,,"Anatoxin-a: not detected; Cylindrospermopsin: not detected; Nodularin: not detected; Saxitoxins: not detected",,2021-08-25 15:36:00,30.1380555555556,-81.7272222222222,0.3,
"SJR - Mandarin Point (MP72)","Duval",2021-08-25,"SJRWMD","No","Dominant taxon: Microcystis aeruginosa","Yes","No",,,,,,,,,,,"Anatoxin-a: not detected; Cylindrospermopsin: not detected; Nodularin: not detected; Saxitoxins: not detected",,2021-08-25 14:57:00,30.1566666666667,-81.6838888888889,0.3,
"Stick Marsh - North (STKM)","IndianRiver",2021-08-25,"SJRWMD","No","mixed algae; no dominant species in sample","No","No",,,,,,,,,,,"Anatoxin-a: not detected; Cylindrospermopsin: not detected; Nodularin: not detected; Saxitoxins: not detected","No Bloom Observed",2021-08-25 13:19:00,27.807118829736,-80.7262726457716,0.3,
"Lake Emerald - SE park shore","Orange",2021-08-23,"DEP_CEN_ROC","No","mixed algae; no dominant species in sample","No","No",,,,,,,,,,,"Anatoxin-a: not detected; Cylindrospermopsin: not detected; Nodularin: not detected",,2021-08-23 18:20:00,28.529847,-81.362979,0.3,"https://services1.arcgis.com/nRHtyn3uE1kyzoYc/arcgis/rest/services/service_5c5ebb2c750c442da2b09ddcc97bb150/FeatureServer/0/2777/attachments/2435?token=5-9B4_qFJxwE43FpRKmTcizn9xE4gyQzR7iJriH_WSdv7PgrexGGAhHhsGpscZa8SH_qjt0z84tspBh9UZdaQiiM655xl5nYilYijuNFLU5ctgA5UqoDG-yQnKzdu40YNWB8oief-0n4SY_CsI5ZrvtQHd97t_Zf1Jytpde8Gcx1_zdC8Fhz3OKM_JWL5zg6"
"St. Johns River - end of Oakvale Rd","StJohns",2021-08-18,"DEP_NE_ROC","Yes","Dominant taxon: Microcystis aeruginosa","Yes","No",,,,,,,,,,,"Anatoxin-a: not detected; Cylindrospermopsin: not detected; Nodularin: not detected","Sheen on water with bubbles, presenting an anaerobic smell.",2021-08-18 18:30:00,30.1097202,-81.6421397,0.2,"https://services1.arcgis.com/nRHtyn3uE1kyzoYc/arcgis/rest/services/service_5c5ebb2c750c442da2b09ddcc97bb150/FeatureServer/0/2774/attachments/2432?token=5-9B4_qFJxwE43FpRKmTcizn9xE4gyQzR7iJriH_WSdv7PgrexGGAhHhsGpscZa8SH_qjt0z84tspBh9UZdaQiiM655xl5nYilYijuNFLU5ctgA5UqoDG-yQnKzdu40YNWB8oief-0n4SY_CsI5ZrvtQHd97t_Zf1Jytpde8Gcx1_zdC8Fhz3OKM_JWL5zg6"
"Christopher Creek - below San Jose Blvd","Duval",2021-08-18,"DEP_NE_ROC","Yes","Dominant taxon: Microcystis aeruginosa","Yes","Yes",,,0.18,"I (I qualifier indicates that the reported value is between the laboratory method detection limit and the laboratory practical quantitation limit.)",,,,,,,"Anatoxin-a: not detected; Cylindrospermopsin: 0.18 I (I qualifier indicates that the reported value is between the laboratory method detection limit and the laboratory practical quantitation limit.); Nodularin: not detected","Slight bloom present in water column.",2021-08-18 17:15:00,30.2529027192977,-81.6416596595891,0.3,
"Lake Lorraine - West","Volusia",2021-08-17,"DEP_CEN_ROC","Yes","Dominant taxon: Microcystis aeruginosa","Yes","Yes",0.83,"I (I qualifier indicates that the reported value is between the laboratory method detection limit and the laboratory practical quantitation limit.)",,,,,,,,,"Anatoxin-a: not detected; Cylindrospermopsin: not detected; Nodularin: not detected","Particulates in water column",2021-08-17 13:30:00,28.880899,-81.2244938,0.3,"https://services1.arcgis.com/nRHtyn3uE1kyzoYc/arcgis/rest/services/service_5c5ebb2c750c442da2b09ddcc97bb150/FeatureServer/0/2770/attachments/2429?token=5-9B4_qFJxwE43FpRKmTcizn9xE4gyQzR7iJriH_WSdv7PgrexGGAhHhsGpscZa8SH_qjt0z84tspBh9UZdaQiiM655xl5nYilYijuNFLU5ctgA5UqoDG-yQnKzdu40YNWB8oief-0n4SY_CsI5ZrvtQHd97t_Zf1Jytpde8Gcx1_zdC8Fhz3OKM_JWL5zg6"
"Lake Washington - Center (LWC)","Brevard",2021-08-17,"SJRWMD","No","mixed algae; no dominant species in sample","No","No",,,,,,,,,,,"Anatoxin-a: not detected; Cylindrospermopsin: not detected; Nodularin: not detected; Saxitoxins: not detected",,2021-08-17 12:46:00,28.1435792808713,-80.7438982957599,0.3,"https://services1.arcgis.com/nRHtyn3uE1kyzoYc/arcgis/rest/services/service_5c5ebb2c750c442da2b09ddcc97bb150/FeatureServer/0/2773/attachments/2431?token=5-9B4_qFJxwE43FpRKmTcizn9xE4gyQzR7iJriH_WSdv7PgrexGGAhHhsGpscZa8SH_qjt0z84tspBh9UZdaQiiM655xl5nYilYijuNFLU5ctgA5UqoDG-yQnKzdu40YNWB8oief-0n4SY_CsI5ZrvtQHd97t_Zf1Jytpde8Gcx1_zdC8Fhz3OKM_JWL5zg6"
"Lake Willisara - Center","Orange",2021-08-16,"DEP_CEN_ROC","Yes","Dominant taxon: Microcystis aeruginosa","Yes","Yes",0.92,"I (I qualifier indicates that the reported value is between the laboratory method detection limit and the laboratory practical quantitation limit.)",,,,,,,,,"Anatoxin-a: not detected; Cylindrospermopsin: not detected; Nodularin: not detected",,2021-08-16 17:37:00,28.5079299,-81.3613963,0.3,"https://services1.arcgis.com/nRHtyn3uE1kyzoYc/arcgis/rest/services/service_5c5ebb2c750c442da2b09ddcc97bb150/FeatureServer/0/2767/attachments/2425?token=5-9B4_qFJxwE43FpRKmTcizn9xE4gyQzR7iJriH_WSdv7PgrexGGAhHhsGpscZa8SH_qjt0z84tspBh9UZdaQiiM655xl5nYilYijuNFLU5ctgA5UqoDG-yQnKzdu40YNWB8oief-0n4SY_CsI5ZrvtQHd97t_Zf1Jytpde8Gcx1_zdC8Fhz3OKM_JWL5zg6"
"Lake Eustis - NW Corner","Lake",2021-08-16,"DEP_CEN_ROC","No","Dominant taxon: Microcystis aeruginosa","Yes","Yes",0.27,"I (I qualifier indicates that the reported value is between the laboratory method detection limit and the laboratory practical quantitation limit.)",,,,,,,,,"Anatoxin-a: not detected; Cylindrospermopsin: not detected; Nodularin: not detected","No apparent bloom but water was green",2021-08-16 17:01:00,28.86613,-81.744221,0.3,"https://services1.arcgis.com/nRHtyn3uE1kyzoYc/arcgis/rest/services/service_5c5ebb2c750c442da2b09ddcc97bb150/FeatureServer/0/2766/attachments/2424?token=5-9B4_qFJxwE43FpRKmTcizn9xE4gyQzR7iJriH_WSdv7PgrexGGAhHhsGpscZa8SH_qjt0z84tspBh9UZdaQiiM655xl5nYilYijuNFLU5ctgA5UqoDG-yQnKzdu40YNWB8oief-0n4SY_CsI5ZrvtQHd97t_Zf1Jytpde8Gcx1_zdC8Fhz3OKM_JWL5zg6"
"Crescent Lake - mouth of Dunns Creek (CRESLM)","Putnam",2021-08-16,"SJRWMD","No","Dominant taxon: Microcystis aeruginosa","Yes","No",,,,,,,,,,,"Anatoxin-a: not detected; Cylindrospermopsin: not detected; Nodularin: not detected; Saxitoxins: not detected",,2021-08-16 12:37:00,29.5295555555556,-81.5537222222222,0.3,
"St. Johns River - Beauclerc Circle W","Duval",2021-08-12,"DEP_NE_ROC","No","mixed algae; no dominant species in sample","No","No",,,,,,,,,,,"Anatoxin-a: not detected; Cylindrospermopsin: not detected; Nodularin: not detected",,2021-08-12 18:50:00,30.2132779,-81.6277785,0.3,"https://services1.arcgis.com/nRHtyn3uE1kyzoYc/arcgis/rest/services/service_5c5ebb2c750c442da2b09ddcc97bb150/FeatureServer/0/2752/attachments/2415?token=5-9B4_qFJxwE43FpRKmTcizn9xE4gyQzR7iJriH_WSdv7PgrexGGAhHhsGpscZa8SH_qjt0z84tspBh9UZdaQiiM655xl5nYilYijuNFLU5ctgA5UqoDG-yQnKzdu40YNWB8oief-0n4SY_CsI5ZrvtQHd97t_Zf1Jytpde8Gcx1_zdC8Fhz3OKM_JWL5zg6"
"Lake Monroe - Center (LMAC)","Volusia",2021-08-12,"SJRWMD","No","mixed algae; no dominant species in sample","No","No",,,,,,,,,,,"Anatoxin-a: not detected; Cylindrospermopsin: not detected; Nodularin: not detected; Saxitoxins: not detected",,2021-08-12 16:56:00,28.83496,-81.27091,0.3,
"Kissimmee River - 650m S of US 60","Osceola",2021-08-12,"DEP_CEN_ROC","Yes","mixed algae; no dominant species in sample","No","Yes",0.3,"I (I qualifier indicates that the reported value is between the laboratory method detection limit and the laboratory practical quantitation limit.)",,,,,,,,,"Anatoxin-a: not detected; Cylindrospermopsin: not detected; Nodularin: not detected",,2021-08-12 16:50:00,27.7988955,-81.1976676,0.3,"https://services1.arcgis.com/nRHtyn3uE1kyzoYc/arcgis/rest/services/service_5c5ebb2c750c442da2b09ddcc97bb150/FeatureServer/0/2755/attachments/2418?token=5-9B4_qFJxwE43FpRKmTcizn9xE4gyQzR7iJriH_WSdv7PgrexGGAhHhsGpscZa8SH_qjt0z84tspBh9UZdaQiiM655xl5nYilYijuNFLU5ctgA5UqoDG-yQnKzdu40YNWB8oief-0n4SY_CsI5ZrvtQHd97t_Zf1Jytpde8Gcx1_zdC8Fhz3OKM_JWL5zg6"
"St. Johns River - Watson Island (SJWSIL)","StJohns",2021-08-12,"SJRWMD","Yes","Co-dominant taxa were: Microcystis aeruginosa and Cylindrospermopsis raciborskii","Yes","Yes",,,0.18,"I (I qualifier indicates that the reported value is between the laboratory method detection limit and the laboratory practical quantitation limit.)",,,,,,,"Anatoxin-a: not detected; Cylindrospermopsin: 0.18 I (I qualifier indicates that the reported value is between the laboratory method detection limit and the laboratory practical quantitation limit.); Nodularin: not detected; Saxitoxins: not detected",,2021-08-12 16:36:00,29.895,-81.5947222222222,0.3,"https://services1.arcgis.com/nRHtyn3uE1kyzoYc/arcgis/rest/services/service_5c5ebb2c750c442da2b09ddcc97bb150/FeatureServer/0/2764/attachments/2423?token=5-9B4_qFJxwE43FpRKmTcizn9xE4gyQzR7iJriH_WSdv7PgrexGGAhHhsGpscZa8SH_qjt0z84tspBh9UZdaQiiM655xl5nYilYijuNFLU5ctgA5UqoDG-yQnKzdu40YNWB8oief-0n4SY_CsI5ZrvtQHd97t_Zf1Jytpde8Gcx1_zdC8Fhz3OKM_JWL5zg6"
"Lake Jesup - Center (OW-CTR)","Seminole",2021-08-12,"SJRWMD","No","mixed algae; no dominant species in sample","No","Yes",,,0.1,"I (I qualifier indicates that the reported value is between the laboratory method detection limit and the laboratory practical quantitation limit.)",,,,,,,"Anatoxin-a: not detected; Cylindrospermopsin: 0.10 I (I qualifier indicates that the reported value is between the laboratory method detection limit and the laboratory practical quantitation limit.); Nodularin: not detected; Saxitoxins: not detected",,2021-08-12 14:58:00,28.7268,-81.2111,0.3,
"Lake George - Center (LEO)","Volusia",2021-08-12,"SJRWMD","No","Co-dominant taxa were: Microcystis aeruginosa and Cylindrospermopsis raciborskii","Yes","Yes",,,0.71,,,,,,,,"Anatoxin-a: not detected; Cylindrospermopsin: 0.71; Nodularin: not detected; Saxitoxins: not detected",,2021-08-12 12:17:00,29.3083055555556,-81.6063888888889,0.3,
"SJR - Shands Bridge (20030157)","StJohns",2021-08-11,"SJRWMD","No","mixed algae; no dominant species in sample","No","Yes",,,0.12,"I (I qualifier indicates that the reported value is between the laboratory method detection limit and the laboratory practical quantitation limit.)",,,,,,,"Anatoxin-a: not detected; Cylindrospermopsin: 0.12 I (I qualifier indicates that the reported value is between the laboratory method detection limit and the laboratory practical quantitation limit.); Nodularin: not detected; Saxitoxins: not detected",,2021-08-11 16:22:00,29.9816305555556,-81.6221388888889,0.3,
"Lake Anderson - Center","Orange",2021-08-11,"County","No","mixed algae; no dominant species in sample","No","Yes",,,0.26,"I (I qualifier indicates that the reported value is between the laboratory method detection limit and the laboratory practical quantitation limit.)",,,,,,,"Anatoxin-a: not detected; Cylindrospermopsin: 0.26 I (I qualifier indicates that the reported value is between the laboratory method detection limit and the laboratory practical quantitation limit.); Nodularin: not detected",,2021-08-11 15:45:00,28.499,-81.337,0.3,"https://services1.arcgis.com/nRHtyn3uE1kyzoYc/arcgis/rest/services/service_5c5ebb2c750c442da2b09ddcc97bb150/FeatureServer/0/2732/attachments/2396?token=5-9B4_qFJxwE43FpRKmTcizn9xE4gyQzR7iJriH_WSdv7PgrexGGAhHhsGpscZa8SH_qjt0z84tspBh9UZdaQiiM655xl5nYilYijuNFLU5ctgA5UqoDG-yQnKzdu40YNWB8oief-0n4SY_CsI5ZrvtQHd97t_Zf1Jytpde8Gcx1_zdC8Fhz3OKM_JWL5zg6"
"Doctors Lake - Center (DTL)","Clay",2021-08-11,"SJRWMD","No","mixed algae; no dominant species in sample","No","No",,,,,,,,,,,"Anatoxin-a: not detected; Cylindrospermopsin: not detected; Nodularin: not detected; Saxitoxins: not detected",,2021-08-11 15:35:00,30.1380555555556,-81.7272222222222,0.3,
"SJR - Mandarin Point (MP72)","Duval",2021-08-11,"SJRWMD","No","Dominant taxon: Microcystis aeruginosa","Yes","No",,,,,,,,,,,"Anatoxin-a: not detected; Cylindrospermopsin: not detected; Nodularin: not detected; Saxitoxins: not detected",,2021-08-11 15:08:00,30.1566666666667,-81.6838888888889,0.3,
"Blue Cypress Lake - Center (BCL)","IndianRiver",2021-08-11,"SJRWMD","No","Dominant taxon: Microcystis wesenbergii","Yes","No",,,,,,,,,,,"Anatoxin-a: not detected; Cylindrospermopsin: not detected; Nodularin: not detected; Saxitoxins: not detected",,2021-08-11 15:04:00,27.7282043,-80.7536804,0.3,"https://services1.arcgis.com/nRHtyn3uE1kyzoYc/arcgis/rest/services/service_5c5ebb2c750c442da2b09ddcc97bb150/FeatureServer/0/2735/attachments/2401?token=5-9B4_qFJxwE43FpRKmTcizn9xE4gyQzR7iJriH_WSdv7PgrexGGAhHhsGpscZa8SH_qjt0z84tspBh9UZdaQiiM655xl5nYilYijuNFLU5ctgA5UqoDG-yQnKzdu40YNWB8oief-0n4SY_CsI5ZrvtQHd97t_Zf1Jytpde8Gcx1_zdC8Fhz3OKM_JWL5zg6"
"Cypress Lake - West Lobe","Orange",2021-08-11,"County","No","Dominant taxon: Cylindrospermopsis raciborskii","Yes","No",,,,,,,,,,,"Anatoxin-a: not detected; Cylindrospermopsin: not detected; Nodularin: not detected",,2021-08-11 14:25:00,28.4799,-81.56988,0.3,"https://services1.arcgis.com/nRHtyn3uE1kyzoYc/arcgis/rest/services/service_5c5ebb2c750c442da2b09ddcc97bb150/FeatureServer/0/2733/attachments/2398?token=5-9B4_qFJxwE43FpRKmTcizn9xE4gyQzR7iJriH_WSdv7PgrexGGAhHhsGpscZa8SH_qjt0z84tspBh9UZdaQiiM655xl5nYilYijuNFLU5ctgA5UqoDG-yQnKzdu40YNWB8oief-0n4SY_CsI5ZrvtQHd97t_Zf1Jytpde8Gcx1_zdC8Fhz3OKM_JWL5zg6"
"Stick Marsh - North (STKM)","IndianRiver",2021-08-11,"SJRWMD","No","mixed algae; no dominant species in sample","No","No",,,,,,,,,,,"Anatoxin-a: not detected; Cylindrospermopsin: not detected; Nodularin: not detected; Saxitoxins: not detected",,2021-08-11 13:41:00,27.8115096,-80.724321,0.3,"https://services1.arcgis.com/nRHtyn3uE1kyzoYc/arcgis/rest/services/service_5c5ebb2c750c442da2b09ddcc97bb150/FeatureServer/0/2734/attachments/2400?token=5-9B4_qFJxwE43FpRKmTcizn9xE4gyQzR7iJriH_WSdv7PgrexGGAhHhsGpscZa8SH_qjt0z84tspBh9UZdaQiiM655xl5nYilYijuNFLU5ctgA5UqoDG-yQnKzdu40YNWB8oief-0n4SY_CsI5ZrvtQHd97t_Zf1Jytpde8Gcx1_zdC8Fhz3OKM_JWL5zg6"
"Goodbys Creek - San Jose Blvd","Duval",2021-08-10,"DEP_NE_ROC","No","Dominant taxon: Microcystis aeruginosa","Yes","No",,,,,,,,,,,"Anatoxin-a: not detected; Cylindrospermopsin: not detected; Nodularin: not detected","Surveyed stretch of creek from mouth to Baymeadows Rd and a bloom was not observed. Samples taken regardless.",2021-08-10 19:00:00,30.2159317,-81.6160697,0.3,"https://services1.arcgis.com/nRHtyn3uE1kyzoYc/arcgis/rest/services/service_5c5ebb2c750c442da2b09ddcc97bb150/FeatureServer/0/2731/attachments/2393?token=5-9B4_qFJxwE43FpRKmTcizn9xE4gyQzR7iJriH_WSdv7PgrexGGAhHhsGpscZa8SH_qjt0z84tspBh9UZdaQiiM655xl5nYilYijuNFLU5ctgA5UqoDG-yQnKzdu40YNWB8oief-0n4SY_CsI5ZrvtQHd97t_Zf1Jytpde8Gcx1_zdC8Fhz3OKM_JWL5zg6"
"Lake Howell - SW Corner","Seminole",2021-08-10,"DEP_CEN_ROC","Yes","Dominant taxon: Microcystis aeruginosa","Yes","Yes",0.27,"I (I qualifier indicates that the reported value is between the laboratory method detection limit and the laboratory practical quantitation limit.)",,,,,,,,,"Anatoxin-a: not detected; Cylindrospermopsin: not detected; Nodularin: not detected","Suspended in the column, some scum accumulated on shore",2021-08-10 16:20:00,28.6368,-81.3177,0.3,"https://services1.arcgis.com/nRHtyn3uE1kyzoYc/arcgis/rest/services/service_5c5ebb2c750c442da2b09ddcc97bb150/FeatureServer/0/2730/attachments/2391?token=5-9B4_qFJxwE43FpRKmTcizn9xE4gyQzR7iJriH_WSdv7PgrexGGAhHhsGpscZa8SH_qjt0z84tspBh9UZdaQiiM655xl5nYilYijuNFLU5ctgA5UqoDG-yQnKzdu40YNWB8oief-0n4SY_CsI5ZrvtQHd97t_Zf1Jytpde8Gcx1_zdC8Fhz3OKM_JWL5zg6"
"St. Johns River - Inwood Park","Duval",2021-08-09,"DEP_NE_ROC","Yes","Dominant taxon: Microcystis aeruginosa","Yes","No",,,,,,,,,,,"Anatoxin-a: not detected; Cylindrospermopsin: not detected; Nodularin: not detected","Bloom observed.",2021-08-09 17:00:00,30.292308,-81.6554824,0.3,"https://services1.arcgis.com/nRHtyn3uE1kyzoYc/arcgis/rest/services/service_5c5ebb2c750c442da2b09ddcc97bb150/FeatureServer/0/2728/attachments/2388?token=5-9B4_qFJxwE43FpRKmTcizn9xE4gyQzR7iJriH_WSdv7PgrexGGAhHhsGpscZa8SH_qjt0z84tspBh9UZdaQiiM655xl5nYilYijuNFLU5ctgA5UqoDG-yQnKzdu40YNWB8oief-0n4SY_CsI5ZrvtQHd97t_Zf1Jytpde8Gcx1_zdC8Fhz3OKM_JWL5zg6"
"Lake Weir - Near Center (CLW)","Marion",2021-08-09,"SJRWMD","Yes","Dominant taxon: Botryococcus braunii","No","No",,,,,,,,,,,"Anatoxin-a: not detected; Cylindrospermopsin: not detected; Nodularin: not detected; Saxitoxins: not detected",,2021-08-09 15:28:00,29.015,-81.9434166666667,0.3,
"Trout Lake Canal - 35m from FL-19","Lake",2021-08-05,"DEP_CEN_ROC","No","Dominant taxon: Microcystis aeruginosa","Yes","No",,,,,,,,,,,"Anatoxin-a: not detected; Cylindrospermopsin: not detected; Nodularin: not detected",,2021-08-05 18:25:00,28.8640931,-81.6871352,0.3,"https://services1.arcgis.com/nRHtyn3uE1kyzoYc/arcgis/rest/services/service_5c5ebb2c750c442da2b09ddcc97bb150/FeatureServer/0/2726/attachments/2387?token=5-9B4_qFJxwE43FpRKmTcizn9xE4gyQzR7iJriH_WSdv7PgrexGGAhHhsGpscZa8SH_qjt0z84tspBh9UZdaQiiM655xl5nYilYijuNFLU5ctgA5UqoDG-yQnKzdu40YNWB8oief-0n4SY_CsI5ZrvtQHd97t_Zf1Jytpde8Gcx1_zdC8Fhz3OKM_JWL5zg6"
"Dead River - residential canal S of US 441","Lake",2021-08-05,"DEP_CEN_ROC","Yes","Dominant taxon: Microcystis aeruginosa","Yes","No",,,,,,,,,,,"Anatoxin-a: not detected; Cylindrospermopsin: not detected; Nodularin: not detected",,2021-08-05 17:40:00,28.8140523,-81.7601309,0.3,"https://services1.arcgis.com/nRHtyn3uE1kyzoYc/arcgis/rest/services/service_5c5ebb2c750c442da2b09ddcc97bb150/FeatureServer/0/2725/attachments/2386?token=5-9B4_qFJxwE43FpRKmTcizn9xE4gyQzR7iJriH_WSdv7PgrexGGAhHhsGpscZa8SH_qjt0z84tspBh9UZdaQiiM655xl5nYilYijuNFLU5ctgA5UqoDG-yQnKzdu40YNWB8oief-0n4SY_CsI5ZrvtQHd97t_Zf1Jytpde8Gcx1_zdC8Fhz3OKM_JWL5zg6"
"Lake Weir - Carney Island swim beach","Marion",2021-08-05,"DEP_CEN_ROC","No","Dominant taxon: Botryococcus braunii","No","No",,,,,,,,,,,"Anatoxin-a: not detected; Cylindrospermopsin: not detected; Nodularin: not detected",,2021-08-05 16:15:00,29.0158352,-81.9623768,0.3,"https://services1.arcgis.com/nRHtyn3uE1kyzoYc/arcgis/rest/services/service_5c5ebb2c750c442da2b09ddcc97bb150/FeatureServer/0/2724/attachments/2384?token=5-9B4_qFJxwE43FpRKmTcizn9xE4gyQzR7iJriH_WSdv7PgrexGGAhHhsGpscZa8SH_qjt0z84tspBh9UZdaQiiM655xl5nYilYijuNFLU5ctgA5UqoDG-yQnKzdu40YNWB8oief-0n4SY_CsI5ZrvtQHd97t_Zf1Jytpde8Gcx1_zdC8Fhz3OKM_JWL5zg6"
"Sawgrass Lake - from CWC dock","Lake",2021-08-05,"DEP_CEN_ROC","Yes","Co-dominant taxa were: Microcystis aeruginosa and Aphanizomenon flos-aquae","Yes","Yes",1.6,"I (I qualifier indicates that the reported value is between the laboratory method detection limit and the laboratory practical quantitation limit.)",,,,,,,,,"Anatoxin-a: not detected; Cylindrospermopsin: not detected; Nodularin: not detected",,2021-08-05 14:30:00,28.4336,-81.6891,0.3,"https://services1.arcgis.com/nRHtyn3uE1kyzoYc/arcgis/rest/services/service_5c5ebb2c750c442da2b09ddcc97bb150/FeatureServer/0/2722/attachments/2380?token=5-9B4_qFJxwE43FpRKmTcizn9xE4gyQzR7iJriH_WSdv7PgrexGGAhHhsGpscZa8SH_qjt0z84tspBh9UZdaQiiM655xl5nYilYijuNFLU5ctgA5UqoDG-yQnKzdu40YNWB8oief-0n4SY_CsI5ZrvtQHd97t_Zf1Jytpde8Gcx1_zdC8Fhz3OKM_JWL5zg6"
"St. Johns River - Mandarin Point","Duval",2021-08-04,"DEP_NE_ROC","Yes","mixed algae; no dominant species in sample","No","No",,,,,,,,,,,"Anatoxin-a: not detected; Cylindrospermopsin: not detected; Nodularin: not detected","Algae was very sparse at the time of the visit.",2021-08-04 18:30:00,30.148,-81.675172,0.3,
"St. Johns River - end of Oakvale Rd","StJohns",2021-08-04,"DEP_NE_ROC","Yes","Dominant taxon: Microcystis aeruginosa","Yes","No",,,,,,,,,,,"Anatoxin-a: not detected; Cylindrospermopsin: not detected; Nodularin: not detected",,2021-08-04 17:40:00,30.1097867574844,-81.6419899515816,0.2,
"Christopher Creek - below San Jose Blvd","Duval",2021-08-04,"DEP_NE_ROC","Yes","Dominant taxon: Microcystis aeruginosa","Yes","Yes",1,,,,,,,,,,"Anatoxin-a: not detected; Cylindrospermopsin: not detected; Nodularin: not detected",,2021-08-04 15:30:00,30.2525564,-81.6418087,0.3,"https://services1.arcgis.com/nRHtyn3uE1kyzoYc/arcgis/rest/services/service_5c5ebb2c750c442da2b09ddcc97bb150/FeatureServer/0/2705/attachments/2374?token=5-9B4_qFJxwE43FpRKmTcizn9xE4gyQzR7iJriH_WSdv7PgrexGGAhHhsGpscZa8SH_qjt0z84tspBh9UZdaQiiM655xl5nYilYijuNFLU5ctgA5UqoDG-yQnKzdu40YNWB8oief-0n4SY_CsI5ZrvtQHd97t_Zf1Jytpde8Gcx1_zdC8Fhz3OKM_JWL5zg6"
"Clapboard Creek - Boat Ramp","Duval",2021-08-02,"DEP_NE_ROC","Yes","mixed algae; no dominant species in sample","No","No",,,,,,,,,,,"Anatoxin-a: not detected; Cylindrospermopsin: not detected; Nodularin: not detected",,2021-08-02 16:20:00,30.4050632,-81.5073407,0.3,"https://services1.arcgis.com/nRHtyn3uE1kyzoYc/arcgis/rest/services/service_5c5ebb2c750c442da2b09ddcc97bb150/FeatureServer/0/2675/attachments/2357?token=5-9B4_qFJxwE43FpRKmTcizn9xE4gyQzR7iJriH_WSdv7PgrexGGAhHhsGpscZa8SH_qjt0z84tspBh9UZdaQiiM655xl5nYilYijuNFLU5ctgA5UqoDG-yQnKzdu40YNWB8oief-0n4SY_CsI5ZrvtQHd97t_Zf1Jytpde8Gcx1_zdC8Fhz3OKM_JWL5zg6"
"Crescent Lake - mouth of Dunns Creek (CRESLM)","Putnam",2021-07-29,"SJRWMD","No","Dominant taxon: Microcystis aeruginosa","Yes","No",,,,,,,,,,,"Anatoxin-a: not detected; Cylindrospermopsin: not detected; Nodularin: not detected; Saxitoxins: not detected",,2021-07-29 16:02:00,29.5295555555556,-81.5537222222222,0.3,
"Lake George - Center (LEO)","Volusia",2021-07-29,"SJRWMD","Yes","Co-dominant taxa were: Microcystis aeruginosa and Cylindrospermopsis raciborskii","Yes","Yes",,,0.77,,,,,,,,"Anatoxin-a: not detected; Cylindrospermopsin: 0.77; Nodularin: not detected; Saxitoxins: not detected",,2021-07-29 14:19:00,29.3083055555556,-81.6063888888889,0.3,
"Lake Monroe - Center (LMAC)","Volusia",2021-07-29,"SJRWMD","No","mixed algae; no dominant species in sample","No","No",,,,,,,,,,,"Anatoxin-a: not detected; Cylindrospermopsin: not detected; Nodularin: not detected; Saxitoxins: not detected",,2021-07-29 14:01:00,28.8399587290382,-81.2682700090921,0.3,
"Stick Marsh - North (STKM)","IndianRiver",2021-07-29,"SJRWMD","No","mixed algae; no dominant species in sample","No","No",,,,,,,,,,,"Anatoxin-a: not detected; Cylindrospermopsin: not detected; Nodularin: not detected; Saxitoxins: not detected","HAB Routine sample",2021-07-29 13:38:00,27.8107377,-80.7248254,0.306,"https://services1.arcgis.com/nRHtyn3uE1kyzoYc/arcgis/rest/services/service_5c5ebb2c750c442da2b09ddcc97bb150/FeatureServer/0/2671/attachments/2355?token=5-9B4_qFJxwE43FpRKmTcizn9xE4gyQzR7iJriH_WSdv7PgrexGGAhHhsGpscZa8SH_qjt0z84tspBh9UZdaQiiM655xl5nYilYijuNFLU5ctgA5UqoDG-yQnKzdu40YNWB8oief-0n4SY_CsI5ZrvtQHd97t_Zf1Jytpde8Gcx1_zdC8Fhz3OKM_JWL5zg6"
"Lake Jesup - Center (OW-CTR)","Seminole",2021-07-28,"SJRWMD","No","mixed algae; no dominant species in sample","No","Yes",0.28,"I (I qualifier indicates that the reported value is between the laboratory method detection limit and the laboratory practical quantitation limit.)",,,,,,,,,"Anatoxin-a: not detected; Cylindrospermopsin: not detected; Nodularin: not detected; Saxitoxins: not detected",,2021-07-28 15:14:00,28.7268,-81.2111,0.3,
"Lake Washington - Center (LWC)","Brevard",2021-07-28,"SJRWMD","No","mixed algae; no dominant species in sample","No","No",,,,,,,,,,,"Anatoxin-a: not detected; Cylindrospermopsin: not detected; Nodularin: not detected; Saxitoxins: not detected","HAB routine sample",2021-07-28 14:00:00,28.1426387,-80.7442545,0.316,"https://services1.arcgis.com/nRHtyn3uE1kyzoYc/arcgis/rest/services/service_5c5ebb2c750c442da2b09ddcc97bb150/FeatureServer/0/2659/attachments/2341?token=5-9B4_qFJxwE43FpRKmTcizn9xE4gyQzR7iJriH_WSdv7PgrexGGAhHhsGpscZa8SH_qjt0z84tspBh9UZdaQiiM655xl5nYilYijuNFLU5ctgA5UqoDG-yQnKzdu40YNWB8oief-0n4SY_CsI5ZrvtQHd97t_Zf1Jytpde8Gcx1_zdC8Fhz3OKM_JWL5zg6"
"SJR - Mandarin Point (MP72)","Duval",2021-07-27,"SJRWMD","No","Dominant taxon: Microcystis aeruginosa","Yes","Yes",0.55,"I (I qualifier indicates that the reported value is between the laboratory method detection limit and the laboratory practical quantitation limit.)",,,,,,,,,"Anatoxin-a: not detected; Cylindrospermopsin: not detected; Nodularin: not detected; Saxitoxins: not detected",,2021-07-28 02:09:00,30.1566666666667,-81.6838888888889,0.3,
"SJR - Shands Bridge (20030157)","Putnam",2021-07-27,"SJRWMD","No","Dominant taxon: Microcystis aeruginosa","Yes","No",,,,,,,,,,,"Anatoxin-a: not detected; Cylindrospermopsin: not detected; Nodularin: not detected; Saxitoxins: not detected",,2021-07-27 15:37:00,29.9816305555556,-81.6221388888889,0.3,
"Doctors Lake - Center (DTL)","Clay",2021-07-27,"SJRWMD","No","mixed algae; no dominant species in sample","No","No",,,,,,,,,,,"Anatoxin-a: not detected; Cylindrospermopsin: not detected; Nodularin: not detected; Saxitoxins: not detected",,2021-07-27 14:36:00,30.1380555555556,-81.7272222222222,0.3,
"Blue Cypress Lake - Center (BCL)","IndianRiver",2021-07-27,"SJRWMD","Yes","Dominant taxon: Microcystis wesenbergii","Yes","No",,,,,,,,,,,"Anatoxin-a: not detected; Cylindrospermopsin: not detected; Nodularin: not detected; Saxitoxins: not detected","HAB Routine Sample Bloom Present",2021-07-27 14:30:00,27.7265305,-80.7536772,0.312,"https://services1.arcgis.com/nRHtyn3uE1kyzoYc/arcgis/rest/services/service_5c5ebb2c750c442da2b09ddcc97bb150/FeatureServer/0/2658/attachments/2340?token=5-9B4_qFJxwE43FpRKmTcizn9xE4gyQzR7iJriH_WSdv7PgrexGGAhHhsGpscZa8SH_qjt0z84tspBh9UZdaQiiM655xl5nYilYijuNFLU5ctgA5UqoDG-yQnKzdu40YNWB8oief-0n4SY_CsI5ZrvtQHd97t_Zf1Jytpde8Gcx1_zdC8Fhz3OKM_JWL5zg6"
"Lake Emerald - SE park shore","Orange",2021-07-21,"DEP_CEN_ROC","Yes","Co-dominant taxa were: Microcystis aeruginosa and Aphanothece sp.","Yes","Yes",0.32,"I (I qualifier indicates that the reported value is between the laboratory method detection limit and the laboratory practical quantitation limit.)",,,,,,,,,"Anatoxin-a: not detected; Cylindrospermopsin: not detected; Nodularin: not detected",,2021-07-21 18:00:00,28.529847,-81.362979,0.3,"https://services1.arcgis.com/nRHtyn3uE1kyzoYc/arcgis/rest/services/service_5c5ebb2c750c442da2b09ddcc97bb150/FeatureServer/0/2628/attachments/2320?token=5-9B4_qFJxwE43FpRKmTcizn9xE4gyQzR7iJriH_WSdv7PgrexGGAhHhsGpscZa8SH_qjt0z84tspBh9UZdaQiiM655xl5nYilYijuNFLU5ctgA5UqoDG-yQnKzdu40YNWB8oief-0n4SY_CsI5ZrvtQHd97t_Zf1Jytpde8Gcx1_zdC8Fhz3OKM_JWL5zg6"
"Lake Rowena - Formosa canal outflow","Orange",2021-07-21,"DEP_CEN_ROC","Yes","mixed algae; no dominant species in sample","No","No",,,,,,,,,,,"Anatoxin-a: not detected; Cylindrospermopsin: not detected; Nodularin: not detected","Collected at outflow into Rowena. Filamentous algae was observed in the canal and Formosa side. ",2021-07-21 17:05:00,28.569992,-81.364241,0.3,"https://services1.arcgis.com/nRHtyn3uE1kyzoYc/arcgis/rest/services/service_5c5ebb2c750c442da2b09ddcc97bb150/FeatureServer/0/2629/attachments/2322?token=5-9B4_qFJxwE43FpRKmTcizn9xE4gyQzR7iJriH_WSdv7PgrexGGAhHhsGpscZa8SH_qjt0z84tspBh9UZdaQiiM655xl5nYilYijuNFLU5ctgA5UqoDG-yQnKzdu40YNWB8oief-0n4SY_CsI5ZrvtQHd97t_Zf1Jytpde8Gcx1_zdC8Fhz3OKM_JWL5zg6"
"Lake Washington - Center (LWC)","Brevard",2021-07-20,"SJRWMD","No","mixed algae; no dominant species in sample","No","No",,,,,,,,,,,"Anatoxin-a: not detected; Cylindrospermopsin: not detected; Nodularin: not detected; Saxitoxins: not detected","No Bloom Visible HAB Routine Sample",2021-07-20 12:34:00,28.1422441666667,-80.7446083333333,0.304,"https://services1.arcgis.com/nRHtyn3uE1kyzoYc/arcgis/rest/services/service_5c5ebb2c750c442da2b09ddcc97bb150/FeatureServer/0/2607/attachments/2305?token=5-9B4_qFJxwE43FpRKmTcizn9xE4gyQzR7iJriH_WSdv7PgrexGGAhHhsGpscZa8SH_qjt0z84tspBh9UZdaQiiM655xl5nYilYijuNFLU5ctgA5UqoDG-yQnKzdu40YNWB8oief-0n4SY_CsI5ZrvtQHd97t_Zf1Jytpde8Gcx1_zdC8Fhz3OKM_JWL5zg6"
"Lake Hart - Hart Branch Circle","Orange",2021-07-19,"DEP_CEN_ROC","No","Dominant taxon: Microcystis aeruginosa","Yes","No",,,,,,,,,,,"Anatoxin-a: not detected; Cylindrospermopsin: not detected; Nodularin: not detected","No bloom observed",2021-07-19 17:12:00,28.392184,-81.217138,0.3,
"Lake Monroe - Center (LMAC)","Volusia",2021-07-15,"SJRWMD","No","Dominant taxon: Microcystis sp.","Yes","No",,,,,,,,,,,"Anatoxin-a: not detected; Cylindrospermopsin: not detected; Nodularin: not detected; Saxitoxins: not detected",,2021-07-16 03:55:00,28.83496,-81.27091,0.3,
"SJR - Shands Bridge (20030157)","StJohns",2021-07-15,"SJRWMD","No","mixed algae; no dominant species in sample","No","Yes",,,0.13,"I (I qualifier indicates that the reported value is between the laboratory method detection limit and the laboratory practical quantitation limit.)",,,,,,,"Anatoxin-a: not detected; Cylindrospermopsin: 0.13 I (I qualifier indicates that the reported value is between the laboratory method detection limit and the laboratory practical quantitation limit.); Nodularin: not detected; Saxitoxins: not detected",,2021-07-15 17:05:00,29.9816305555556,-81.6221388888889,0.3,
"Lake Jesup - Center (OW-CTR)","Seminole",2021-07-15,"SJRWMD","No","Dominant taxon: Microcystis aeruginosa","Yes","No",,,,,,,,,,,"Anatoxin-a: not detected; Cylindrospermopsin: not detected; Nodularin: not detected; Saxitoxins: not detected",,2021-07-15 14:08:00,28.7269922307948,-81.2104423665067,0.3,
"Blue Cypress Lake - Center (BCL)","IndianRiver",2021-07-15,"SJRWMD","Yes","mixed algae; no dominant species in sample","No","No",,,,,,,,,,,"Anatoxin-a: not detected; Cylindrospermopsin: not detected; Nodularin: not detected; Saxitoxins: not detected","Routine HAB Sample",2021-07-15 14:01:00,27.7270383480916,-80.7539013627864,0.31,"https://services1.arcgis.com/nRHtyn3uE1kyzoYc/arcgis/rest/services/service_5c5ebb2c750c442da2b09ddcc97bb150/FeatureServer/0/2581/attachments/2289?token=5-9B4_qFJxwE43FpRKmTcizn9xE4gyQzR7iJriH_WSdv7PgrexGGAhHhsGpscZa8SH_qjt0z84tspBh9UZdaQiiM655xl5nYilYijuNFLU5ctgA5UqoDG-yQnKzdu40YNWB8oief-0n4SY_CsI5ZrvtQHd97t_Zf1Jytpde8Gcx1_zdC8Fhz3OKM_JWL5zg6"
"Stick Marsh - North (STKM)","IndianRiver",2021-07-15,"SJRWMD","No","mixed algae; no dominant species in sample","No","No",,,,,,,,,,,"Anatoxin-a: not detected; Cylindrospermopsin: not detected; Nodularin: not detected; Saxitoxins: not detected","Routine HAB Sample",2021-07-15 12:35:00,27.8112351846947,-80.7311987264431,0.3,"https://services1.arcgis.com/nRHtyn3uE1kyzoYc/arcgis/rest/services/service_5c5ebb2c750c442da2b09ddcc97bb150/FeatureServer/0/2580/attachments/2288?token=5-9B4_qFJxwE43FpRKmTcizn9xE4gyQzR7iJriH_WSdv7PgrexGGAhHhsGpscZa8SH_qjt0z84tspBh9UZdaQiiM655xl5nYilYijuNFLU5ctgA5UqoDG-yQnKzdu40YNWB8oief-0n4SY_CsI5ZrvtQHd97t_Zf1Jytpde8Gcx1_zdC8Fhz3OKM_JWL5zg6"
"Lake George - Center (LEO)","Volusia",2021-07-15,"SJRWMD","No","Dominant taxon: Cylindrospermopsis raciborskii","Yes","Yes",,,0.44,,,,,,,,"Anatoxin-a: not detected; Cylindrospermopsin: 0.44; Nodularin: not detected; Saxitoxins: not detected",,2021-07-15 12:10:00,29.3083055555556,-81.6063888888889,0.3,
"Crescent Lake - mouth of Dunns Creek (CRESLM)","Putnam",2021-07-14,"SJRWMD","No","Dominant taxon: Cylindrospermopsis raciborskii","Yes","No",,,,,,,,,,,"Anatoxin-a: not detected; Cylindrospermopsin: not detected; Nodularin: not detected; Saxitoxins: not detected",,2021-07-14 14:04:00,29.52955556,-81.55361111,0.3,
"SJR - Mandarin Point (MP72)","Duval",2021-07-13,"SJRWMD","No","mixed algae; no dominant species in sample","No","No",,,,,,,,,,,"Anatoxin-a: not detected; Cylindrospermopsin: not detected; Nodularin: not detected; Saxitoxins: not detected",,2021-07-13 14:27:00,30.1566666666667,-81.6838888888889,0.3,
"Doctors Lake - Center (DTL)","Clay",2021-07-13,"SJRWMD","No","mixed algae; no dominant species in sample","No","No",,,,,,,,,,,"Anatoxin-a: not detected; Cylindrospermopsin: not detected; Nodularin: not detected; Saxitoxins: not detected",,2021-07-13 13:37:00,30.1380555555556,-81.7272222222222,0.3,
"Lake Howell - SW Corner","Seminole",2021-07-08,"DEP_CEN_ROC","No","Dominant taxon: Microcystis aeruginosa","Yes","Yes",0.26,"I (I qualifier indicates that the reported value is between the laboratory method detection limit and the laboratory practical quantitation limit.)",,,,,,,,,"Anatoxin-a: not detected; Cylindrospermopsin: not detected; Nodularin: not detected",,2021-07-08 16:40:00,28.6368,-81.3177,0.3,"https://services1.arcgis.com/nRHtyn3uE1kyzoYc/arcgis/rest/services/service_5c5ebb2c750c442da2b09ddcc97bb150/FeatureServer/0/2527/attachments/2260?token=5-9B4_qFJxwE43FpRKmTcizn9xE4gyQzR7iJriH_WSdv7PgrexGGAhHhsGpscZa8SH_qjt0z84tspBh9UZdaQiiM655xl5nYilYijuNFLU5ctgA5UqoDG-yQnKzdu40YNWB8oief-0n4SY_CsI5ZrvtQHd97t_Zf1Jytpde8Gcx1_zdC8Fhz3OKM_JWL5zg6"
"Lake Monroe - Center (LMAC)","Volusia",2021-07-08,"SJRWMD","No","mixed algae; no dominant species in sample","No","No",,,,,,,,,,,"Anatoxin-a: not detected; Cylindrospermopsin: not detected; Nodularin: not detected; Saxitoxins: not detected","Routine HAB sample",2021-07-08 13:29:00,28.83496,-81.27091,0.3,
"Lake Rowena - NE Corner","Orange",2021-07-06,"DEP_CEN_ROC","Yes","Dominant taxon: Microcystis aeruginosa","Yes","Yes",,,0.18,"I (I qualifier indicates that the reported value is between the laboratory method detection limit and the laboratory practical quantitation limit.)",,,,,,,"Anatoxin-a: not detected; Cylindrospermopsin: 0.18 I (I qualifier indicates that the reported value is between the laboratory method detection limit and the laboratory practical quantitation limit.); Nodularin: not detected","Bloom persistent throughout lake",2021-07-06 19:00:00,28.572379,-81.3575216,0.3,"https://services1.arcgis.com/nRHtyn3uE1kyzoYc/arcgis/rest/services/service_5c5ebb2c750c442da2b09ddcc97bb150/FeatureServer/0/2504/attachments/2249?token=5-9B4_qFJxwE43FpRKmTcizn9xE4gyQzR7iJriH_WSdv7PgrexGGAhHhsGpscZa8SH_qjt0z84tspBh9UZdaQiiM655xl5nYilYijuNFLU5ctgA5UqoDG-yQnKzdu40YNWB8oief-0n4SY_CsI5ZrvtQHd97t_Zf1Jytpde8Gcx1_zdC8Fhz3OKM_JWL5zg6"
"Lake Anderson - Center ","Orange",2021-06-30,"County","No","Dominant taxon: Cylindrospermopsis raciborskii","Yes","Yes",,,1.2,,,,,,,,"Anatoxin-a: not detected; Cylindrospermopsin: 1.2; Nodularin: not detected","Collected by Orange County",2021-06-30 13:45:00,28.499,-81.337,0.3,
"Lake Washington - Center (LWC)","Brevard",2021-06-30,"SJRWMD","No","mixed algae; no dominant species in sample","No","No",,,,,,,,,,,"Anatoxin-a: not detected; Cylindrospermopsin: not detected; Nodularin: not detected; Saxitoxins: not detected","Matrix :  Fresh - Salinity : 0.27ppt",2021-06-30 13:13:00,28.1477686658514,-80.7436165331228,0.3,"https://services1.arcgis.com/nRHtyn3uE1kyzoYc/arcgis/rest/services/service_5c5ebb2c750c442da2b09ddcc97bb150/FeatureServer/0/2483/attachments/2243?token=5-9B4_qFJxwE43FpRKmTcizn9xE4gyQzR7iJriH_WSdv7PgrexGGAhHhsGpscZa8SH_qjt0z84tspBh9UZdaQiiM655xl5nYilYijuNFLU5ctgA5UqoDG-yQnKzdu40YNWB8oief-0n4SY_CsI5ZrvtQHd97t_Zf1Jytpde8Gcx1_zdC8Fhz3OKM_JWL5zg6"
"Lake Jesup - Center (OW-CTR)","Seminole",2021-06-29,"SJRWMD","No","mixed algae; no dominant species in sample","No","Yes",0.46,"I (I qualifier indicates that the reported value is between the laboratory method detection limit and the laboratory practical quantitation limit.)",,,,,,,,,"Anatoxin-a: not detected; Cylindrospermopsin: not detected; Nodularin: not detected; Saxitoxins: not detected",,2021-06-29 14:12:00,28.7268,-81.2111,0.3,
"Rodman Reservoir - Rodman Dam Road","Putnam",2021-06-24,"SJRWMD","No","Dominant taxon: Microcystis aeruginosa","Yes","No",,,,,,,,,,,"Anatoxin-a: not detected; Cylindrospermopsin: not detected; Nodularin: not detected; Saxitoxins: not detected",,2021-06-24 17:08:00,29.5210666666667,-81.8063833333333,0.3,
"Stick Marsh - North (STKM)","IndianRiver",2021-06-24,"SJRWMD","No","mixed algae; no dominant species in sample","No","No",,,,,,,,,,,"Anatoxin-a: not detected; Cylindrospermopsin: not detected; Nodularin: not detected; Saxitoxins: not detected",,2021-06-24 12:23:00,27.81065,-80.724854,0.3,"https://services1.arcgis.com/nRHtyn3uE1kyzoYc/arcgis/rest/services/service_5c5ebb2c750c442da2b09ddcc97bb150/FeatureServer/0/2465/attachments/2232?token=5-9B4_qFJxwE43FpRKmTcizn9xE4gyQzR7iJriH_WSdv7PgrexGGAhHhsGpscZa8SH_qjt0z84tspBh9UZdaQiiM655xl5nYilYijuNFLU5ctgA5UqoDG-yQnKzdu40YNWB8oief-0n4SY_CsI5ZrvtQHd97t_Zf1Jytpde8Gcx1_zdC8Fhz3OKM_JWL5zg6"
"Blue Cypress Lake - Center (BCL)","IndianRiver",2021-06-23,"SJRWMD","No","Dominant taxon: Microcystis wesenbergii","Yes","No",,,,,,,,,,,"Anatoxin-a: not detected; Cylindrospermopsin: not detected; Nodularin: not detected; Saxitoxins: not detected",,2021-06-23 14:30:00,27.7266,-80.7536,0.3,
"Lake Willisara - Center","Orange",2021-06-21,"DEP_CEN_ROC","Yes","Dominant taxon: Microcystis sp.","Yes","Yes",0.29,"I (I qualifier indicates that the reported value is between the laboratory method detection limit and the laboratory practical quantitation limit.)",,,,,,,,,"Anatoxin-a: not detected; Cylindrospermopsin: not detected; Nodularin: not detected",,2021-06-21 18:28:00,28.5079299,-81.3613963,0.3,"https://services1.arcgis.com/nRHtyn3uE1kyzoYc/arcgis/rest/services/service_5c5ebb2c750c442da2b09ddcc97bb150/FeatureServer/0/2411/attachments/2191?token=5-9B4_qFJxwE43FpRKmTcizn9xE4gyQzR7iJriH_WSdv7PgrexGGAhHhsGpscZa8SH_qjt0z84tspBh9UZdaQiiM655xl5nYilYijuNFLU5ctgA5UqoDG-yQnKzdu40YNWB8oief-0n4SY_CsI5ZrvtQHd97t_Zf1Jytpde8Gcx1_zdC8Fhz3OKM_JWL5zg6"
"Lake Monroe - Center (LMAC)","Volusia",2021-06-16,"SJRWMD","No","Dominant taxon: Cylindrospermopsis raciborskii","Yes","Yes",,,0.2,"I (I qualifier indicates that the reported value is between the laboratory method detection limit and the laboratory practical quantitation limit.)",,,,,,,"Anatoxin-a: not detected; Cylindrospermopsin: 0.20 I (I qualifier indicates that the reported value is between the laboratory method detection limit and the laboratory practical quantitation limit.); Nodularin: not detected; Saxitoxins: not detected",,2021-06-16 16:54:00,28.83496,-81.27091,0.3,
"Lake Jesup - Center (OW-CTR)","Seminole",2021-06-16,"SJRWMD","Yes","Dominant taxon: Microcystis aeruginosa","Yes","Yes",0.47,"I (I qualifier indicates that the reported value is between the laboratory method detection limit and the laboratory practical quantitation limit.)",,,,,,,,,"Anatoxin-a: not detected; Cylindrospermopsin: not detected; Nodularin: not detected; Saxitoxins: not detected",,2021-06-16 14:56:00,28.7268,-81.2111,0.3,
"Lake Washington - Center (LWC)","Brevard",2021-06-16,"SJRWMD","No","mixed algae; no dominant species in sample","No","No",,,,,,,,,,,"Anatoxin-a: not detected; Cylindrospermopsin: not detected; Nodularin: not detected; Saxitoxins: not detected",,2021-06-16 12:38:00,28.142439,-80.746111,0.3,"https://services1.arcgis.com/nRHtyn3uE1kyzoYc/arcgis/rest/services/service_5c5ebb2c750c442da2b09ddcc97bb150/FeatureServer/0/2400/attachments/2184?token=5-9B4_qFJxwE43FpRKmTcizn9xE4gyQzR7iJriH_WSdv7PgrexGGAhHhsGpscZa8SH_qjt0z84tspBh9UZdaQiiM655xl5nYilYijuNFLU5ctgA5UqoDG-yQnKzdu40YNWB8oief-0n4SY_CsI5ZrvtQHd97t_Zf1Jytpde8Gcx1_zdC8Fhz3OKM_JWL5zg6"
"Rodman Reservoir - Buckman lock","Putnam",2021-06-15,"DEP_NE_ROC","Yes","mixed algae; no dominant species in sample","No","No",,,,,,,,,,,"Anatoxin-a: not detected; Cylindrospermopsin: not detected; Nodularin: not detected","Green water. Comments by lock staff that bloom peaked late last week.",2021-06-15 16:20:00,29.5458546,-81.7286119,0.3,"https://services1.arcgis.com/nRHtyn3uE1kyzoYc/arcgis/rest/services/service_5c5ebb2c750c442da2b09ddcc97bb150/FeatureServer/0/2392/attachments/2180?token=5-9B4_qFJxwE43FpRKmTcizn9xE4gyQzR7iJriH_WSdv7PgrexGGAhHhsGpscZa8SH_qjt0z84tspBh9UZdaQiiM655xl5nYilYijuNFLU5ctgA5UqoDG-yQnKzdu40YNWB8oief-0n4SY_CsI5ZrvtQHd97t_Zf1Jytpde8Gcx1_zdC8Fhz3OKM_JWL5zg6"
"SJR - Shands Bridge (20030157)","StJohns",2021-06-15,"SJRWMD","No","mixed algae; no dominant species in sample","No","No",,,,,,,,,,,"Anatoxin-a: not detected; Cylindrospermopsin: not detected; Nodularin: not detected; Saxitoxins: not detected",,2021-06-15 14:11:00,29.98163056,-81.62213889,0.3,
"Doctors Lake - Center (DTL)","Clay",2021-06-15,"SJRWMD","No","mixed algae; no dominant species in sample","No","No",,,,,,,,,,,"Anatoxin-a: not detected; Cylindrospermopsin: not detected; Nodularin: not detected; Saxitoxins: not detected",,2021-06-15 13:29:00,30.13805556,-81.72722222,0.3,
"SJR - Mandarin Point (MP72)","Duval",2021-06-15,"SJRWMD","No","mixed algae; no dominant species in sample","No","No",,,,,,,,,,,"Anatoxin-a: not detected; Cylindrospermopsin: not detected; Nodularin: not detected; Saxitoxins: not detected",,2021-06-15 13:10:00,30.15666667,-81.68388889,0.3,
"Lake George - Center (LEO)","Volusia",2021-06-10,"SJRWMD","No","Co-dominant taxa were: Microcystis aeruginosa and Planktolyngbya limnetica","Yes","Yes",,,0.23,"I (I qualifier indicates that the reported value is between the laboratory method detection limit and the laboratory practical quantitation limit.)",,,,,,,"Anatoxin-a: not detected; Cylindrospermopsin: 0.23 I (I qualifier indicates that the reported value is between the laboratory method detection limit and the laboratory practical quantitation limit.); Nodularin: not detected; Saxitoxins: not detected",,2021-06-10 15:18:00,29.3083055555556,-81.6063888888889,0.3,
"Blue Cypress Lake - Center (BCL)","IndianRiver",2021-06-10,"SJRWMD","Yes","Dominant taxon: Microcystis wesenbergii","Yes","No",,,,,,,,,,,"Anatoxin-a: not detected; Cylindrospermopsin: not detected; Nodularin: not detected; Saxitoxins: not detected",,2021-06-10 14:27:00,27.7266,-80.7536,0.3,"https://services1.arcgis.com/nRHtyn3uE1kyzoYc/arcgis/rest/services/service_5c5ebb2c750c442da2b09ddcc97bb150/FeatureServer/0/2376/attachments/2171?token=5-9B4_qFJxwE43FpRKmTcizn9xE4gyQzR7iJriH_WSdv7PgrexGGAhHhsGpscZa8SH_qjt0z84tspBh9UZdaQiiM655xl5nYilYijuNFLU5ctgA5UqoDG-yQnKzdu40YNWB8oief-0n4SY_CsI5ZrvtQHd97t_Zf1Jytpde8Gcx1_zdC8Fhz3OKM_JWL5zg6"
"Stick Marsh - North (STKM)","IndianRiver",2021-06-10,"SJRWMD","Yes","mixed algae; no dominant species in sample","No","No",,,,,,,,,,,"Anatoxin-a: not detected; Cylindrospermopsin: not detected; Nodularin: not detected; Saxitoxins: not detected",,2021-06-10 12:52:00,27.81065,-80.724854,0.3,"https://services1.arcgis.com/nRHtyn3uE1kyzoYc/arcgis/rest/services/service_5c5ebb2c750c442da2b09ddcc97bb150/FeatureServer/0/2375/attachments/2170?token=5-9B4_qFJxwE43FpRKmTcizn9xE4gyQzR7iJriH_WSdv7PgrexGGAhHhsGpscZa8SH_qjt0z84tspBh9UZdaQiiM655xl5nYilYijuNFLU5ctgA5UqoDG-yQnKzdu40YNWB8oief-0n4SY_CsI5ZrvtQHd97t_Zf1Jytpde8Gcx1_zdC8Fhz3OKM_JWL5zg6"
"Dead River - residential canal S of US 441","Lake",2021-06-09,"DEP_CEN_ROC","Yes","Co-dominant taxa were: Microcystis aeruginosa and Cylindrospermopsis raciborskii","Yes","Yes",0.27,"I (I qualifier indicates that the reported value is between the laboratory method detection limit and the laboratory practical quantitation limit.)",,,,,,,,,"Anatoxin-a: not detected; Cylindrospermopsin: not detected; Nodularin: not detected","Slight bloom visible. Water green/turbid but that is not unusual ",2021-06-09 16:08:00,28.8140523,-81.7601309,0.3,"https://services1.arcgis.com/nRHtyn3uE1kyzoYc/arcgis/rest/services/service_5c5ebb2c750c442da2b09ddcc97bb150/FeatureServer/0/2356/attachments/2155?token=5-9B4_qFJxwE43FpRKmTcizn9xE4gyQzR7iJriH_WSdv7PgrexGGAhHhsGpscZa8SH_qjt0z84tspBh9UZdaQiiM655xl5nYilYijuNFLU5ctgA5UqoDG-yQnKzdu40YNWB8oief-0n4SY_CsI5ZrvtQHd97t_Zf1Jytpde8Gcx1_zdC8Fhz3OKM_JWL5zg6"
"Lake Eustis - NW Corner","Lake",2021-06-09,"DEP_CEN_ROC","No","Dominant taxon: Microcystis aeruginosa","Yes","No",,,,,,,,,,,"Anatoxin-a: not detected; Cylindrospermopsin: not detected; Nodularin: not detected","Water is green/turbid but that is not unusual ",2021-06-09 15:37:00,28.86613,-81.744221,0.3,
"Crescent Lake - mouth of Dunns Creek (CRESLM)","Putnam",2021-06-09,"SJRWMD","No","mixed algae; no dominant species in sample","No","No",,,,,,,,,,,"Anatoxin-a: not detected; Cylindrospermopsin: not detected; Nodularin: not detected; Saxitoxins: not detected",,2021-06-09 15:26:00,29.52955556,-81.55361111,0.3,
"Lake Howell - SW corner","Seminole",2021-06-09,"DEP_CEN_ROC","Yes","Dominant taxon: Microcystis aeruginosa","Yes","Yes",0.6,"I (I qualifier indicates that the reported value is between the laboratory method detection limit and the laboratory practical quantitation limit.)",,,,,,,,,"Anatoxin-a: not detected; Cylindrospermopsin: not detected; Nodularin: not detected",,2021-06-09 14:55:00,28.6368369276597,-81.3177315271133,0.3,"https://services1.arcgis.com/nRHtyn3uE1kyzoYc/arcgis/rest/services/service_5c5ebb2c750c442da2b09ddcc97bb150/FeatureServer/0/2345/attachments/2153?token=5-9B4_qFJxwE43FpRKmTcizn9xE4gyQzR7iJriH_WSdv7PgrexGGAhHhsGpscZa8SH_qjt0z84tspBh9UZdaQiiM655xl5nYilYijuNFLU5ctgA5UqoDG-yQnKzdu40YNWB8oief-0n4SY_CsI5ZrvtQHd97t_Zf1Jytpde8Gcx1_zdC8Fhz3OKM_JWL5zg6"
"Lake Weir - 60 m north of center","Marion",2021-06-08,"SJRWMD","Yes","Co-dominant taxa were: Cylindrospermopsis raciborskii and Planktolyngbya limnetica","Yes","No",,,,,,,,,,,"Anatoxin-a: not detected; Cylindrospermopsin: not detected; Nodularin: not detected; Saxitoxins: not detected","brown bloom present",2021-06-08 15:04:00,29.01611,-81.94203,0.3,
"Gainesville - Depot Pond","Alachua",2021-06-03,"County","Yes","Dominant taxon: Aphanizomenon flos-aquae","Yes","No",,,,,,,,,,,"Anatoxin-a: not detected; Cylindrospermopsin: not detected; Nodularin: not detected","Sampled because public park",2021-06-03 17:30:00,29.643867,-82.321552,0.3,
"Lake Myra - 202 Baker Rd","Putnam",2021-06-03,"DEP_NE_ROC","Yes","Dominant taxon: Cylindrospermopsis raciborskii","Yes","No",,,,,,,,,,,"Anatoxin-a: not detected; Cylindrospermopsin: not detected; Nodularin: not detected",,2021-06-03 13:20:00,29.5522866,-81.6533112,0.3,"https://services1.arcgis.com/nRHtyn3uE1kyzoYc/arcgis/rest/services/service_5c5ebb2c750c442da2b09ddcc97bb150/FeatureServer/0/2290/attachments/2111?token=5-9B4_qFJxwE43FpRKmTcizn9xE4gyQzR7iJriH_WSdv7PgrexGGAhHhsGpscZa8SH_qjt0z84tspBh9UZdaQiiM655xl5nYilYijuNFLU5ctgA5UqoDG-yQnKzdu40YNWB8oief-0n4SY_CsI5ZrvtQHd97t_Zf1Jytpde8Gcx1_zdC8Fhz3OKM_JWL5zg6"
"Lake Rowena - NE Corner","Orange",2021-06-02,"DEP_CEN_ROC","Yes","Dominant taxon: Microcystis aeruginosa","Yes","Yes",0.46,"I (I qualifier indicates that the reported value is between the laboratory method detection limit and the laboratory practical quantitation limit.)",0.48,,,,,,,,"Anatoxin-a: not detected; Cylindrospermopsin: 0.48; Nodularin: not detected","Bloom present throughout entire lake",2021-06-02 18:15:00,28.572379,-81.3575216,0.3,"https://services1.arcgis.com/nRHtyn3uE1kyzoYc/arcgis/rest/services/service_5c5ebb2c750c442da2b09ddcc97bb150/FeatureServer/0/2281/attachments/2104?token=5-9B4_qFJxwE43FpRKmTcizn9xE4gyQzR7iJriH_WSdv7PgrexGGAhHhsGpscZa8SH_qjt0z84tspBh9UZdaQiiM655xl5nYilYijuNFLU5ctgA5UqoDG-yQnKzdu40YNWB8oief-0n4SY_CsI5ZrvtQHd97t_Zf1Jytpde8Gcx1_zdC8Fhz3OKM_JWL5zg6"
"Trout Lake Canal - 35m from FL-19","Lake",2021-06-02,"DEP_CEN_ROC","No","mixed algae; no dominant species in sample","No","No",,,,,,,,,,,"Anatoxin-a: not detected; Cylindrospermopsin: not detected; Nodularin: not detected",,2021-06-02 15:57:00,28.8640931,-81.6871352,0.3,"https://services1.arcgis.com/nRHtyn3uE1kyzoYc/arcgis/rest/services/service_5c5ebb2c750c442da2b09ddcc97bb150/FeatureServer/0/2279/attachments/2103?token=5-9B4_qFJxwE43FpRKmTcizn9xE4gyQzR7iJriH_WSdv7PgrexGGAhHhsGpscZa8SH_qjt0z84tspBh9UZdaQiiM655xl5nYilYijuNFLU5ctgA5UqoDG-yQnKzdu40YNWB8oief-0n4SY_CsI5ZrvtQHd97t_Zf1Jytpde8Gcx1_zdC8Fhz3OKM_JWL5zg6"
"Sawgrass Lake - from CWC dock ","Lake",2021-06-02,"DEP_CEN_ROC","Yes","Co-dominant taxa were: Microcystis aeruginosa and Aphanizomenon flos-aquae","Yes","No",,,,,,,,,,,"Anatoxin-a: not detected; Cylindrospermopsin: not detected; Nodularin: not detected"," Light bloom still present",2021-06-02 14:36:00,28.4336228,-81.6891351,0.3,"https://services1.arcgis.com/nRHtyn3uE1kyzoYc/arcgis/rest/services/service_5c5ebb2c750c442da2b09ddcc97bb150/FeatureServer/0/2278/attachments/2101?token=5-9B4_qFJxwE43FpRKmTcizn9xE4gyQzR7iJriH_WSdv7PgrexGGAhHhsGpscZa8SH_qjt0z84tspBh9UZdaQiiM655xl5nYilYijuNFLU5ctgA5UqoDG-yQnKzdu40YNWB8oief-0n4SY_CsI5ZrvtQHd97t_Zf1Jytpde8Gcx1_zdC8Fhz3OKM_JWL5zg6"
"Little Lake Conway - near Lake Conway Woods Community dock","Orange",2021-06-01,"County","No","mixed algae; no dominant species in sample","No","No",,,,,,,,,,,"Anatoxin-a: not detected; Cylindrospermopsin: not detected; Nodularin: not detected",,2021-06-01 14:25:00,28.486427,-81.33667,0.2,"https://services1.arcgis.com/nRHtyn3uE1kyzoYc/arcgis/rest/services/service_5c5ebb2c750c442da2b09ddcc97bb150/FeatureServer/0/2277/attachments/2100?token=5-9B4_qFJxwE43FpRKmTcizn9xE4gyQzR7iJriH_WSdv7PgrexGGAhHhsGpscZa8SH_qjt0z84tspBh9UZdaQiiM655xl5nYilYijuNFLU5ctgA5UqoDG-yQnKzdu40YNWB8oief-0n4SY_CsI5ZrvtQHd97t_Zf1Jytpde8Gcx1_zdC8Fhz3OKM_JWL5zg6"
"Crescent Lake - mouth of Dunns Creek (CRESLM)","Putnam",2021-05-27,"SJRWMD","No","mixed algae; no dominant species in sample","No","No",,,,,,,,,,,"Anatoxin-a: not detected; Cylindrospermopsin: not detected; Nodularin: not detected; Saxitoxins: not detected",,2021-05-27 15:50:00,29.5295555555556,-81.5536111111111,0.3,
"Blue Cypress Lake - Center (BCL)","IndianRiver",2021-05-27,"SJRWMD","Yes","Co-dominant taxa were: Microcystis aeruginosa and Microcystis wesenbergii","Yes","No",,,,,,,,,,,"Anatoxin-a: not detected; Cylindrospermopsin: not detected; Nodularin: not detected; Saxitoxins: not detected",,2021-05-27 14:46:00,27.7266,-80.7536,0.3,"https://services1.arcgis.com/nRHtyn3uE1kyzoYc/arcgis/rest/services/service_5c5ebb2c750c442da2b09ddcc97bb150/FeatureServer/0/2276/attachments/2097?token=5-9B4_qFJxwE43FpRKmTcizn9xE4gyQzR7iJriH_WSdv7PgrexGGAhHhsGpscZa8SH_qjt0z84tspBh9UZdaQiiM655xl5nYilYijuNFLU5ctgA5UqoDG-yQnKzdu40YNWB8oief-0n4SY_CsI5ZrvtQHd97t_Zf1Jytpde8Gcx1_zdC8Fhz3OKM_JWL5zg6"
"Lake Monroe - Center (LMAC)","Volusia",2021-05-27,"SJRWMD","No","mixed algae; no dominant species in sample","No","No",,,,,,,,,,,"Anatoxin-a: not detected; Cylindrospermopsin: not detected; Nodularin: not detected; Saxitoxins: not detected",,2021-05-27 14:29:00,28.83496,-81.27091,0.3,
"Lake George - Center (LEO)","Volusia",2021-05-27,"SJRWMD","No","mixed algae; no dominant species in sample","No","Yes",0.39,"I (I qualifier indicates that the reported value is between the laboratory method detection limit and the laboratory practical quantitation limit.)",,,,,,,,,"Anatoxin-a: not detected; Cylindrospermopsin: not detected; Nodularin: not detected; Saxitoxins: not detected",,2021-05-27 13:57:00,29.3083055555556,-81.6063888888889,0.3,
"Lake Washington - Center (LWC)","Brevard",2021-05-27,"SJRWMD","No","mixed algae; no dominant species in sample","No","No",,,,,,,,,,,"Anatoxin-a: not detected; Cylindrospermopsin: not detected; Nodularin: not detected; Saxitoxins: not detected",,2021-05-27 13:49:00,28.142439,-80.746111,0.3,"https://services1.arcgis.com/nRHtyn3uE1kyzoYc/arcgis/rest/services/service_5c5ebb2c750c442da2b09ddcc97bb150/FeatureServer/0/2275/attachments/2099?token=5-9B4_qFJxwE43FpRKmTcizn9xE4gyQzR7iJriH_WSdv7PgrexGGAhHhsGpscZa8SH_qjt0z84tspBh9UZdaQiiM655xl5nYilYijuNFLU5ctgA5UqoDG-yQnKzdu40YNWB8oief-0n4SY_CsI5ZrvtQHd97t_Zf1Jytpde8Gcx1_zdC8Fhz3OKM_JWL5zg6"
"SJR - Shands Bridge (20030157)","StJohns",2021-05-26,"SJRWMD","Yes","mixed algae; no dominant species in sample","No","No",,,,,,,,,,,"Anatoxin-a: not detected; Cylindrospermopsin: not detected; Nodularin: not detected; Saxitoxins: not detected",,2021-05-26 15:49:19.301,29.98163056,-81.62213889,0.3,
"Lake Holden - 90m S of Lake Holden Point","Orange",2021-05-26,"County","No","mixed algae; no dominant species in sample","No","No",,,,,,,,,,,"Anatoxin-a: not detected; Cylindrospermopsin: not detected; Nodularin: not detected",,2021-05-26 15:45:00,28.5043,-81.3901,0.3,
"Doctors Lake - Center (DTL)","Clay",2021-05-26,"SJRWMD","No","mixed algae; no dominant species in sample","No","No",,,,,,,,,,,"Anatoxin-a: not detected; Cylindrospermopsin: not detected; Nodularin: not detected; Saxitoxins: not detected",,2021-05-26 15:05:03.12,30.13805556,-81.72722222,0.3,
"SJR - Mandarin Point (MP72)","Duval",2021-05-26,"SJRWMD","No","mixed algae; no dominant species in sample","No","No",,,,,,,,,,,"Anatoxin-a: not detected; Cylindrospermopsin: not detected; Nodularin: not detected; Saxitoxins: not detected",,2021-05-26 14:45:39.993,30.1566666666667,-81.6838888888889,0.3,
"Lake Pearl - Center","Orange",2021-05-26,"County","No","mixed algae; no dominant species in sample","No","No",,,,,,,,,,,"Anatoxin-a: not detected; Cylindrospermopsin: not detected; Nodularin: not detected",,2021-05-26 14:35:00,28.54165,-81.5333,0.3,
"Stick Marsh - North (STKM)","IndianRiver",2021-05-26,"SJRWMD","No","mixed algae; no dominant species in sample","No","No",,,,,,,,,,,"Anatoxin-a: not detected; Cylindrospermopsin: not detected; Nodularin: not detected; Saxitoxins: not detected",,2021-05-26 12:47:01.942,27.81065,-80.724854,0.3,
"Lake Jesup - Center (OW-CTR)","Seminole",2021-05-25,"SJRWMD","Yes","Dominant taxon: Cylindrospermopsis raciborskii","Yes","Yes",0.29,"I (I qualifier indicates that the reported value is between the laboratory method detection limit and the laboratory practical quantitation limit.)",0.21,"I (I qualifier indicates that the reported value is between the laboratory method detection limit and the laboratory practical quantitation limit.)",,,,,,,"Anatoxin-a: not detected; Cylindrospermopsin: 0.21 I (I qualifier indicates that the reported value is between the laboratory method detection limit and the laboratory practical quantitation limit.); Nodularin: not detected; Saxitoxins: not detected",,2021-05-25 14:41:00,28.7268,-81.2111,0.3,
"Edgewater Canal - Veterans Memorial Park","Volusia",2021-05-24,"County","No","mixed algae; no dominant species in sample","No","No",,,,,,,,,,,"Anatoxin-a: not detected; Cylindrospermopsin: not detected; Nodularin: not detected","Collected by Volusia County",2021-05-24 17:00:00,28.973069,-80.893322,0.2,
"Lake Weir - Carney Island swim beach","Marion",2021-05-24,"DEP_CEN_ROC","Yes","Dominant taxon: Microcystis aeruginosa","Yes","No",,,,,,,,,,,"Anatoxin-a: not detected; Cylindrospermopsin: not detected; Nodularin: not detected",,2021-05-24 16:25:00,29.0158352,-81.9623768,0.3,"https://services1.arcgis.com/nRHtyn3uE1kyzoYc/arcgis/rest/services/service_5c5ebb2c750c442da2b09ddcc97bb150/FeatureServer/0/2231/attachments/2064?token=5-9B4_qFJxwE43FpRKmTcizn9xE4gyQzR7iJriH_WSdv7PgrexGGAhHhsGpscZa8SH_qjt0z84tspBh9UZdaQiiM655xl5nYilYijuNFLU5ctgA5UqoDG-yQnKzdu40YNWB8oief-0n4SY_CsI5ZrvtQHd97t_Zf1Jytpde8Gcx1_zdC8Fhz3OKM_JWL5zg6"
"Lake Weir - N Shore","Marion",2021-05-24,"DEP_CEN_ROC","Yes","Dominant taxon: Botryococcus braunii","No","No",,,,,,,,,,,"Anatoxin-a: not detected; Cylindrospermopsin: not detected; Nodularin: not detected","Reddish bloom suspended in column",2021-05-24 15:53:00,29.0395464,-81.928229,0.3,"https://services1.arcgis.com/nRHtyn3uE1kyzoYc/arcgis/rest/services/service_5c5ebb2c750c442da2b09ddcc97bb150/FeatureServer/0/2230/attachments/2061?token=5-9B4_qFJxwE43FpRKmTcizn9xE4gyQzR7iJriH_WSdv7PgrexGGAhHhsGpscZa8SH_qjt0z84tspBh9UZdaQiiM655xl5nYilYijuNFLU5ctgA5UqoDG-yQnKzdu40YNWB8oief-0n4SY_CsI5ZrvtQHd97t_Zf1Jytpde8Gcx1_zdC8Fhz3OKM_JWL5zg6"
"Lake Washington - Center (LWC)","Brevard",2021-05-20,"SJRWMD","No","mixed algae; no dominant species in sample","No","No",,,,,,,,,,,"Anatoxin-a: not detected; Cylindrospermopsin: not detected; Nodularin: not detected; Saxitoxins: not detected","No bottom reading - too windy",2021-05-20 12:38:34.187,28.1424,-80.7461,0.35,
"Lake Willisara - Center","Orange",2021-05-19,"DEP_CEN_ROC","Yes","Dominant taxon: Microcystis aeruginosa","Yes","Yes",0.33,"I (I qualifier indicates that the reported value is between the laboratory method detection limit and the laboratory practical quantitation limit.)",,,,,,,,,"Anatoxin-a: not detected; Cylindrospermopsin: not detected; Nodularin: not detected","Bloom less severe, still suspended in water column",2021-05-19 17:05:00,28.5079299,-81.3613963,0.3,"https://services1.arcgis.com/nRHtyn3uE1kyzoYc/arcgis/rest/services/service_5c5ebb2c750c442da2b09ddcc97bb150/FeatureServer/0/2193/attachments/2019?token=5-9B4_qFJxwE43FpRKmTcizn9xE4gyQzR7iJriH_WSdv7PgrexGGAhHhsGpscZa8SH_qjt0z84tspBh9UZdaQiiM655xl5nYilYijuNFLU5ctgA5UqoDG-yQnKzdu40YNWB8oief-0n4SY_CsI5ZrvtQHd97t_Zf1Jytpde8Gcx1_zdC8Fhz3OKM_JWL5zg6"
"Lake Winnott - 147 Bakers Acres Dr.","Putnam",2021-05-19,"DEP_NE_ROC","No","mixed algae; no dominant species in sample","No","Yes",0.23,"I (I qualifier indicates that the reported value is between the laboratory method detection limit and the laboratory practical quantitation limit.)",,,,,,,,,"Anatoxin-a: not detected; Cylindrospermopsin: not detected; Nodularin: not detected",,2021-05-19 16:40:00,29.6511095,-82.047182,0.3,"https://services1.arcgis.com/nRHtyn3uE1kyzoYc/arcgis/rest/services/service_5c5ebb2c750c442da2b09ddcc97bb150/FeatureServer/0/2192/attachments/2016?token=5-9B4_qFJxwE43FpRKmTcizn9xE4gyQzR7iJriH_WSdv7PgrexGGAhHhsGpscZa8SH_qjt0z84tspBh9UZdaQiiM655xl5nYilYijuNFLU5ctgA5UqoDG-yQnKzdu40YNWB8oief-0n4SY_CsI5ZrvtQHd97t_Zf1Jytpde8Gcx1_zdC8Fhz3OKM_JWL5zg6"
"SJR - Georgetown Marina","Putnam",2021-05-17,"SJRWMD","No","Co-dominant taxa were: Cylindrospermopsis raciborskii and Planktolyngbya limnetica","Yes","Yes",0.46,"I (I qualifier indicates that the reported value is between the laboratory method detection limit and the laboratory practical quantitation limit.)",,,,,,,,,"Anatoxin-a: not detected; Cylindrospermopsin: not detected; Nodularin: not detected; Saxitoxins: not detected",,2021-05-17 14:16:00,29.3762777777778,-81.6230555555556,0.3,
"Lake George - Center (LEO)","Volusia",2021-05-17,"SJRWMD","No","mixed algae; no dominant species in sample","No","Yes",0.54,"I (I qualifier indicates that the reported value is between the laboratory method detection limit and the laboratory practical quantitation limit.)",,,,,,,,,"Anatoxin-a: not detected; Cylindrospermopsin: not detected; Nodularin: not detected; Saxitoxins: not detected",,2021-05-17 13:50:00,29.3083055555556,-81.6063888888889,0.3,
"Lake Jesup - Center (OW-CTR)","Seminole",2021-05-13,"SJRWMD","Yes","Co-dominant taxa were: Microcystis aeruginosa and Cylindrospermopsis raciborskii","Yes","Yes",,,0.19,"I (I qualifier indicates that the reported value is between the laboratory method detection limit and the laboratory practical quantitation limit.)",,,,,,,"Anatoxin-a: not detected; Cylindrospermopsin: 0.19 I (I qualifier indicates that the reported value is between the laboratory method detection limit and the laboratory practical quantitation limit.); Nodularin: not detected; Saxitoxins: not detected",,2021-05-13 16:08:00,28.7268,-81.2111,0.3,
"Lake Toho - Marina dock ","Osceola",2021-05-13,"DEP_CEN_ROC","No","mixed algae; no dominant species in sample","No","No",,,,,,,,,,,"Anatoxin-a: not detected; Cylindrospermopsin: not detected; Nodularin: not detected",,2021-05-13 15:50:00,28.2868,-81.4084,0.3,
"Lake Monroe - Center (LMAC)","Volusia",2021-05-13,"SJRWMD","No","Co-dominant taxa were: Microcystis aeruginosa and Cylindrospermopsis raciborskii","Yes","No",,,,,,,,,,,"Anatoxin-a: not detected; Cylindrospermopsin: not detected; Nodularin: not detected; Saxitoxins: not detected",,2021-05-13 13:17:00,28.83496,-81.27091,0.3,
"SJR - Shands Bridge (20030157)","StJohns",2021-05-12,"SJRWMD","No","mixed algae; no dominant species in sample","No","No",,,,,,,,,,,"Anatoxin-a: not detected; Cylindrospermopsin: not detected; Nodularin: not detected; Saxitoxins: not detected",,2021-05-12 18:02:00,29.98163056,-81.62213889,0.3,
"Doctors Lake - Center (DTL)","Clay",2021-05-12,"SJRWMD","No","mixed algae; no dominant species in sample","No","No",,,,,,,,,,,"Anatoxin-a: not detected; Cylindrospermopsin: not detected; Nodularin: not detected; Saxitoxins: not detected",,2021-05-12 16:20:00,30.13805556,-81.72722222,0.3,
"SJR - Mandarin Point (MP72)","Duval",2021-05-12,"SJRWMD","No","mixed algae; no dominant species in sample","No","No",,,,,,,,,,,"Anatoxin-a: not detected; Cylindrospermopsin: not detected; Nodularin: not detected; Saxitoxins: not detected",,2021-05-12 16:00:00,30.1566666666667,-81.6838888888889,0.3,
"Little Lake Conway - off FOP Lodge dock","Orange",2021-05-12,"DEP_CEN_ROC","No","mixed algae; no dominant species in sample","No","No",,,,,,,,,,,"Anatoxin-a: not detected; Cylindrospermopsin: not detected; Nodularin: not detected",,2021-05-12 15:02:00,28.4796422,-81.367767,0.3,"https://services1.arcgis.com/nRHtyn3uE1kyzoYc/arcgis/rest/services/service_5c5ebb2c750c442da2b09ddcc97bb150/FeatureServer/0/2133/attachments/1975?token=5-9B4_qFJxwE43FpRKmTcizn9xE4gyQzR7iJriH_WSdv7PgrexGGAhHhsGpscZa8SH_qjt0z84tspBh9UZdaQiiM655xl5nYilYijuNFLU5ctgA5UqoDG-yQnKzdu40YNWB8oief-0n4SY_CsI5ZrvtQHd97t_Zf1Jytpde8Gcx1_zdC8Fhz3OKM_JWL5zg6"
"Lake Rowena - 0.1 mile from Mills Ave","Orange",2021-05-12,"Other","Yes","mixed algae; no dominant species in sample","No","Yes",,,0.74,,,,,,,,"Anatoxin-a: not detected; Cylindrospermopsin: 0.74; Nodularin: not detected","Sampling Agency: City of Orlando",2021-05-12 13:40:00,28.5708805,-81.3628434,0.3,"https://services1.arcgis.com/nRHtyn3uE1kyzoYc/arcgis/rest/services/service_5c5ebb2c750c442da2b09ddcc97bb150/FeatureServer/0/2132/attachments/1973?token=5-9B4_qFJxwE43FpRKmTcizn9xE4gyQzR7iJriH_WSdv7PgrexGGAhHhsGpscZa8SH_qjt0z84tspBh9UZdaQiiM655xl5nYilYijuNFLU5ctgA5UqoDG-yQnKzdu40YNWB8oief-0n4SY_CsI5ZrvtQHd97t_Zf1Jytpde8Gcx1_zdC8Fhz3OKM_JWL5zg6"
"Crescent Lake - mouth of Dunns Creek (CRESLM)","Putnam",2021-05-11,"SJRWMD","Yes","Dominant taxon: Microcystis aeruginosa","Yes","Yes",0.36,"I (I qualifier indicates that the reported value is between the laboratory method detection limit and the laboratory practical quantitation limit.)",,,,,,,,,"Anatoxin-a: not detected; Cylindrospermopsin: not detected; Nodularin: not detected; Saxitoxins: not detected",,2021-05-11 15:56:00,29.5295555555556,-81.5536111111111,0.3,
"Stick Marsh - North (STKM)","IndianRiver",2021-05-10,"SJRWMD","Yes","mixed algae; no dominant species in sample","No","Yes",0.3,"I (I qualifier indicates that the reported value is between the laboratory method detection limit and the laboratory practical quantitation limit.)",,,,,,,,,"Anatoxin-a: not detected; Cylindrospermopsin: not detected; Nodularin: not detected; Saxitoxins: not detected",,2021-05-10 18:07:00,27.81065,-80.724854,0.3,"https://services1.arcgis.com/nRHtyn3uE1kyzoYc/arcgis/rest/services/service_5c5ebb2c750c442da2b09ddcc97bb150/FeatureServer/0/2130/attachments/1968?token=5-9B4_qFJxwE43FpRKmTcizn9xE4gyQzR7iJriH_WSdv7PgrexGGAhHhsGpscZa8SH_qjt0z84tspBh9UZdaQiiM655xl5nYilYijuNFLU5ctgA5UqoDG-yQnKzdu40YNWB8oief-0n4SY_CsI5ZrvtQHd97t_Zf1Jytpde8Gcx1_zdC8Fhz3OKM_JWL5zg6"
"Blue Cypress Lake - Center (BCL)","IndianRiver",2021-05-10,"SJRWMD","Yes","Dominant taxon: Microcystis sp.","Yes","Yes",0.63,"I (I qualifier indicates that the reported value is between the laboratory method detection limit and the laboratory practical quantitation limit.)",,,,,,,,,"Anatoxin-a: not detected; Cylindrospermopsin: not detected; Nodularin: not detected; Saxitoxins: not detected",,2021-05-10 15:42:00,27.7266,-80.7536,0.3,"https://services1.arcgis.com/nRHtyn3uE1kyzoYc/arcgis/rest/services/service_5c5ebb2c750c442da2b09ddcc97bb150/FeatureServer/0/2129/attachments/1969?token=5-9B4_qFJxwE43FpRKmTcizn9xE4gyQzR7iJriH_WSdv7PgrexGGAhHhsGpscZa8SH_qjt0z84tspBh9UZdaQiiM655xl5nYilYijuNFLU5ctgA5UqoDG-yQnKzdu40YNWB8oief-0n4SY_CsI5ZrvtQHd97t_Zf1Jytpde8Gcx1_zdC8Fhz3OKM_JWL5zg6"
"Trout Lake Canal - 35m from FL-19","Lake",2021-05-06,"DEP_CEN_ROC","Yes","Dominant taxon: Microcystis aeruginosa","Yes","Yes",0.31,"I (I qualifier indicates that the reported value is between the laboratory method detection limit and the laboratory practical quantitation limit.)",,,,,,,,,"Anatoxin-a: not detected; Cylindrospermopsin: not detected; Nodularin: not detected","Some stagnant water near bridge ",2021-05-06 16:10:00,28.8640931,-81.6871352,0.3,"https://services1.arcgis.com/nRHtyn3uE1kyzoYc/arcgis/rest/services/service_5c5ebb2c750c442da2b09ddcc97bb150/FeatureServer/0/2113/attachments/1944?token=5-9B4_qFJxwE43FpRKmTcizn9xE4gyQzR7iJriH_WSdv7PgrexGGAhHhsGpscZa8SH_qjt0z84tspBh9UZdaQiiM655xl5nYilYijuNFLU5ctgA5UqoDG-yQnKzdu40YNWB8oief-0n4SY_CsI5ZrvtQHd97t_Zf1Jytpde8Gcx1_zdC8Fhz3OKM_JWL5zg6"
"Lake Weir - N Shore","Marion",2021-05-06,"DEP_CEN_ROC","No","Co-dominant taxa were: Cylindrospermopsis raciborskii and Botryococcus braunii","Yes","Yes",0.33,"I (I qualifier indicates that the reported value is between the laboratory method detection limit and the laboratory practical quantitation limit.)",,,,,,,,,"Anatoxin-a: not detected; Cylindrospermopsin: not detected; Nodularin: not detected","No observable signs of algal bloom. Water column fairly turbid",2021-05-06 15:34:00,29.0395464,-81.9282229,0.3,"https://services1.arcgis.com/nRHtyn3uE1kyzoYc/arcgis/rest/services/service_5c5ebb2c750c442da2b09ddcc97bb150/FeatureServer/0/2117/attachments/1949?token=5-9B4_qFJxwE43FpRKmTcizn9xE4gyQzR7iJriH_WSdv7PgrexGGAhHhsGpscZa8SH_qjt0z84tspBh9UZdaQiiM655xl5nYilYijuNFLU5ctgA5UqoDG-yQnKzdu40YNWB8oief-0n4SY_CsI5ZrvtQHd97t_Zf1Jytpde8Gcx1_zdC8Fhz3OKM_JWL5zg6"
"Indian River - Eau Gallie Pier","Brevard",2021-05-05,"STATE_AGENCY","No","mixed algae; no dominant species in sample","No",,,,,,,,,,,,"not collected","Site visited by and dominant algal taxon IDed by FWC/FWRI.",2021-05-05 18:55:00,28.1325,-80.6242,0.2,
"Banana River - 520 Slick Boat Ramp","Brevard",2021-05-05,"STATE_AGENCY","No","mixed algae; no dominant species in sample","No",,,,,,,,,,,,"not collected","Site visited by and dominant algal taxon IDed by FWC/FWRI.",2021-05-05 17:55:00,28.3571,-80.6284,0.2,
"Indian River - Parrish Park","Brevard",2021-05-05,"STATE_AGENCY","No","mixed algae; no dominant species in sample","No",,,,,,,,,,,,"not collected","Site visited by and dominant algal taxon IDed by FWC/FWRI.",2021-05-05 16:05:00,28.62331667,-80.79545278,0.2,
"Lake Jesup - Center (OW-CTR)","Seminole",2021-04-29,"SJRWMD","Yes","Dominant taxon: Cylindrospermopsis raciborskii","Yes","Yes",0.3,"I (I qualifier indicates that the reported value is between the laboratory method detection limit and the laboratory practical quantitation limit.)",0.21,"I (I qualifier indicates that the reported value is between the laboratory method detection limit and the laboratory practical quantitation limit.)",,,,,,,"Anatoxin-a: not detected; Cylindrospermopsin: 0.21 I (I qualifier indicates that the reported value is between the laboratory method detection limit and the laboratory practical quantitation limit.); Nodularin: not detected; Saxitoxins: not detected",,2021-04-29 16:08:00,28.7268,-81.2111,0.3,
"Lake Winnott - 147 Bakers Acres Dr.","Putnam",2021-04-29,"DEP_NE_ROC","Yes","mixed algae; no dominant species in sample","No","Yes",1.4,"I (I qualifier indicates that the reported value is between the laboratory method detection limit and the laboratory practical quantitation limit.)",,,,,,,,,"Anatoxin-a: not detected; Cylindrospermopsin: not detected; Nodularin: not detected",,2021-04-29 15:25:00,29.6511082,-82.0472155,0.3,"https://services1.arcgis.com/nRHtyn3uE1kyzoYc/arcgis/rest/services/service_5c5ebb2c750c442da2b09ddcc97bb150/FeatureServer/0/2022/attachments/1887?token=5-9B4_qFJxwE43FpRKmTcizn9xE4gyQzR7iJriH_WSdv7PgrexGGAhHhsGpscZa8SH_qjt0z84tspBh9UZdaQiiM655xl5nYilYijuNFLU5ctgA5UqoDG-yQnKzdu40YNWB8oief-0n4SY_CsI5ZrvtQHd97t_Zf1Jytpde8Gcx1_zdC8Fhz3OKM_JWL5zg6"
"Lake Monroe - Center (LMAC)","Volusia",2021-04-29,"SJRWMD","No","Dominant taxon: Cylindrospermopsis raciborskii","Yes","No",,,,,,,,,,,"Anatoxin-a: not detected; Cylindrospermopsin: not detected; Nodularin: not detected; Saxitoxins: not detected",,2021-04-29 14:42:00,28.83496,-81.27091,0.3,
"Lake Washington - Center (LWC)","Brevard",2021-04-29,"SJRWMD","No","Dominant taxon: Microcystis aeruginosa","Yes","No",,,,,,,,,,,"Anatoxin-a: not detected; Cylindrospermopsin: not detected; Nodularin: not detected; Saxitoxins: not detected",,2021-04-29 13:24:00,28.142439,-80.746111,0.3,
"Stick Marsh - North (STKM)","IndianRiver",2021-04-29,"SJRWMD","No","Dominant taxon: Microcystis aeruginosa","Yes","Yes",0.28,"I (I qualifier indicates that the reported value is between the laboratory method detection limit and the laboratory practical quantitation limit.)",,,,,,,,,"Anatoxin-a: not detected; Cylindrospermopsin: not detected; Nodularin: not detected; Saxitoxins: not detected",,2021-04-29 12:43:00,27.81065,-80.724854,0.3,"https://services1.arcgis.com/nRHtyn3uE1kyzoYc/arcgis/rest/services/service_5c5ebb2c750c442da2b09ddcc97bb150/FeatureServer/0/2033/attachments/1893?token=5-9B4_qFJxwE43FpRKmTcizn9xE4gyQzR7iJriH_WSdv7PgrexGGAhHhsGpscZa8SH_qjt0z84tspBh9UZdaQiiM655xl5nYilYijuNFLU5ctgA5UqoDG-yQnKzdu40YNWB8oief-0n4SY_CsI5ZrvtQHd97t_Zf1Jytpde8Gcx1_zdC8Fhz3OKM_JWL5zg6"
"Crescent Lake - mouth of Dunns Creek (CRESLM)","Putnam",2021-04-28,"SJRWMD","No","Dominant taxon: Microcystis aeruginosa","Yes","No",,,,,,,,,,,"Anatoxin-a: not detected; Cylindrospermopsin: not detected; Nodularin: not detected; Saxitoxins: not detected",,2021-04-28 16:30:00,29.52955556,-81.55372222,0.3,
"Lake Eustis - NW Corner","Lake",2021-04-28,"DEP_CEN_ROC","Yes","Dominant taxon: Cylindrospermopsis raciborskii","Yes","No",,,,,,,,,,,"Anatoxin-a: not detected; Cylindrospermopsin: not detected; Nodularin: not detected",,2021-04-28 15:58:00,28.86613,-81.744221,0.3,"https://services1.arcgis.com/nRHtyn3uE1kyzoYc/arcgis/rest/services/service_5c5ebb2c750c442da2b09ddcc97bb150/FeatureServer/0/2010/attachments/1883?token=5-9B4_qFJxwE43FpRKmTcizn9xE4gyQzR7iJriH_WSdv7PgrexGGAhHhsGpscZa8SH_qjt0z84tspBh9UZdaQiiM655xl5nYilYijuNFLU5ctgA5UqoDG-yQnKzdu40YNWB8oief-0n4SY_CsI5ZrvtQHd97t_Zf1Jytpde8Gcx1_zdC8Fhz3OKM_JWL5zg6"
"Lake George - Center (LEO)","Volusia",2021-04-28,"SJRWMD","No","mixed algae; no dominant species in sample","No","No",,,,,,,,,,,"Anatoxin-a: not detected; Cylindrospermopsin: not detected; Nodularin: not detected; Saxitoxins: not detected",,2021-04-28 15:09:00,29.30830556,-81.60638889,0.3,
"Blue Cypress Lake - Center (BCL)","IndianRiver",2021-04-28,"SJRWMD","No","Dominant taxon: Microcystis sp.","Yes","No",,,,,,,,,,,"Anatoxin-a: not detected; Cylindrospermopsin: not detected; Nodularin: not detected; Saxitoxins: not detected",,2021-04-28 12:49:00,27.7266,-80.7536,0.3,"https://services1.arcgis.com/nRHtyn3uE1kyzoYc/arcgis/rest/services/service_5c5ebb2c750c442da2b09ddcc97bb150/FeatureServer/0/2021/attachments/1885?token=5-9B4_qFJxwE43FpRKmTcizn9xE4gyQzR7iJriH_WSdv7PgrexGGAhHhsGpscZa8SH_qjt0z84tspBh9UZdaQiiM655xl5nYilYijuNFLU5ctgA5UqoDG-yQnKzdu40YNWB8oief-0n4SY_CsI5ZrvtQHd97t_Zf1Jytpde8Gcx1_zdC8Fhz3OKM_JWL5zg6"
"SJR - Shands Bridge (20030157)","StJohns",2021-04-27,"SJRWMD","No","mixed algae; no dominant species in sample","No","No",,,,,,,,,,,"Anatoxin-a: not detected; Cylindrospermopsin: not detected; Nodularin: not detected; Saxitoxins: not detected",,2021-04-27 16:09:00,29.9816305555556,-81.6221388888889,0.3,"https://services1.arcgis.com/nRHtyn3uE1kyzoYc/arcgis/rest/services/service_5c5ebb2c750c442da2b09ddcc97bb150/FeatureServer/0/2009/attachments/1882?token=5-9B4_qFJxwE43FpRKmTcizn9xE4gyQzR7iJriH_WSdv7PgrexGGAhHhsGpscZa8SH_qjt0z84tspBh9UZdaQiiM655xl5nYilYijuNFLU5ctgA5UqoDG-yQnKzdu40YNWB8oief-0n4SY_CsI5ZrvtQHd97t_Zf1Jytpde8Gcx1_zdC8Fhz3OKM_JWL5zg6"
"Doctors Lake - Center (DTL)","Clay",2021-04-27,"SJRWMD","No","mixed algae; no dominant species in sample","No","No",,,,,,,,,,,"Anatoxin-a: not detected; Cylindrospermopsin: not detected; Nodularin: not detected; Saxitoxins: not detected",,2021-04-27 15:09:00,30.1380555555556,-81.7272222222222,0.3,"https://services1.arcgis.com/nRHtyn3uE1kyzoYc/arcgis/rest/services/service_5c5ebb2c750c442da2b09ddcc97bb150/FeatureServer/0/2008/attachments/1880?token=5-9B4_qFJxwE43FpRKmTcizn9xE4gyQzR7iJriH_WSdv7PgrexGGAhHhsGpscZa8SH_qjt0z84tspBh9UZdaQiiM655xl5nYilYijuNFLU5ctgA5UqoDG-yQnKzdu40YNWB8oief-0n4SY_CsI5ZrvtQHd97t_Zf1Jytpde8Gcx1_zdC8Fhz3OKM_JWL5zg6"
"SJR - Mandarin Point (MP72)","Duval",2021-04-27,"SJRWMD","No","mixed algae; no dominant species in sample","No","No",,,,,,,,,,,"Anatoxin-a: not detected; Cylindrospermopsin: not detected; Nodularin: not detected; Saxitoxins: not detected",,2021-04-27 14:46:00,30.1566666666667,-81.6838888888889,0.3,"https://services1.arcgis.com/nRHtyn3uE1kyzoYc/arcgis/rest/services/service_5c5ebb2c750c442da2b09ddcc97bb150/FeatureServer/0/2007/attachments/1881?token=5-9B4_qFJxwE43FpRKmTcizn9xE4gyQzR7iJriH_WSdv7PgrexGGAhHhsGpscZa8SH_qjt0z84tspBh9UZdaQiiM655xl5nYilYijuNFLU5ctgA5UqoDG-yQnKzdu40YNWB8oief-0n4SY_CsI5ZrvtQHd97t_Zf1Jytpde8Gcx1_zdC8Fhz3OKM_JWL5zg6"
"Banana River - 520 Slick Boat Ramp","Brevard",2021-04-22,"STATE_AGENCY","No","mixed algae; no dominant species in sample","No",,,,,,,,,,,,"not collected","Site visited by and dominant algal taxon IDed by FWC/FWRI.",2021-04-22 18:00:00,28.3571,-80.6284,0.2,
"Dead River - residential canal S of US 441","Lake",2021-04-22,"DEP_CEN_ROC","Yes","Dominant taxon: Cylindrospermopsis raciborskii","Yes","Yes",0.32,"I (I qualifier indicates that the reported value is between the laboratory method detection limit and the laboratory practical quantitation limit.)",,,,,,,,,"Anatoxin-a: not detected; Cylindrospermopsin: not detected; Nodularin: not detected",,2021-04-22 17:16:00,28.8140523,-81.7601309,0.3,"https://services1.arcgis.com/nRHtyn3uE1kyzoYc/arcgis/rest/services/service_5c5ebb2c750c442da2b09ddcc97bb150/FeatureServer/0/1947/attachments/1864?token=5-9B4_qFJxwE43FpRKmTcizn9xE4gyQzR7iJriH_WSdv7PgrexGGAhHhsGpscZa8SH_qjt0z84tspBh9UZdaQiiM655xl5nYilYijuNFLU5ctgA5UqoDG-yQnKzdu40YNWB8oief-0n4SY_CsI5ZrvtQHd97t_Zf1Jytpde8Gcx1_zdC8Fhz3OKM_JWL5zg6"
"Indian River - Eau Gallie Pier","Brevard",2021-04-22,"STATE_AGENCY","No","mixed algae; no dominant species in sample","No",,,,,,,,,,,,"not collected","Site visited by and dominant algal taxon IDed by FWC/FWRI.",2021-04-22 17:05:00,28.1325,-80.6242,0.2,
"Indian River - Parrish Park","Brevard",2021-04-22,"STATE_AGENCY","No","mixed algae; no dominant species in sample","No",,,,,,,,,,,,"not collected","Site visited by and dominant algal taxon IDed by FWC/FWRI.",2021-04-22 16:35:00,28.62331667,-80.79545278,0.2,
"Sawgrass Lake - from CWC dock","Lake",2021-04-22,"DEP_CEN_ROC","Yes","Dominant taxon: Dolichospermum planctonicum","Yes","No",,,,,,,,,,,"Anatoxin-a: not detected; Cylindrospermopsin: not detected; Nodularin: not detected",,2021-04-22 15:34:00,28.4336228,-81.6891351,0.3,"https://services1.arcgis.com/nRHtyn3uE1kyzoYc/arcgis/rest/services/service_5c5ebb2c750c442da2b09ddcc97bb150/FeatureServer/0/1948/attachments/1866?token=5-9B4_qFJxwE43FpRKmTcizn9xE4gyQzR7iJriH_WSdv7PgrexGGAhHhsGpscZa8SH_qjt0z84tspBh9UZdaQiiM655xl5nYilYijuNFLU5ctgA5UqoDG-yQnKzdu40YNWB8oief-0n4SY_CsI5ZrvtQHd97t_Zf1Jytpde8Gcx1_zdC8Fhz3OKM_JWL5zg6"
"Lake Holden - 90m S of Lake Holden Point","Orange",2021-04-22,"County","No","Dominant taxon: Microcystis aeruginosa","Yes","No",,,,,,,,,,,"Anatoxin-a: not detected; Cylindrospermopsin: not detected; Nodularin: not detected",,2021-04-22 15:10:00,28.5043,-81.3901,0.3,"https://services1.arcgis.com/nRHtyn3uE1kyzoYc/arcgis/rest/services/service_5c5ebb2c750c442da2b09ddcc97bb150/FeatureServer/0/1952/attachments/1868?token=5-9B4_qFJxwE43FpRKmTcizn9xE4gyQzR7iJriH_WSdv7PgrexGGAhHhsGpscZa8SH_qjt0z84tspBh9UZdaQiiM655xl5nYilYijuNFLU5ctgA5UqoDG-yQnKzdu40YNWB8oief-0n4SY_CsI5ZrvtQHd97t_Zf1Jytpde8Gcx1_zdC8Fhz3OKM_JWL5zg6"
"Lake Conway - SW Shore","Orange",2021-04-22,"County","No","mixed algae; no dominant species in sample","No","No",,,,,,,,,,,"Anatoxin-a: not detected; Cylindrospermopsin: not detected; Nodularin: not detected",,2021-04-22 14:05:00,28.4662818,-81.3595114,0.3,"https://services1.arcgis.com/nRHtyn3uE1kyzoYc/arcgis/rest/services/service_5c5ebb2c750c442da2b09ddcc97bb150/FeatureServer/0/1962/attachments/1870?token=5-9B4_qFJxwE43FpRKmTcizn9xE4gyQzR7iJriH_WSdv7PgrexGGAhHhsGpscZa8SH_qjt0z84tspBh9UZdaQiiM655xl5nYilYijuNFLU5ctgA5UqoDG-yQnKzdu40YNWB8oief-0n4SY_CsI5ZrvtQHd97t_Zf1Jytpde8Gcx1_zdC8Fhz3OKM_JWL5zg6"
"Lake Anderson - NW corner","Orange",2021-04-22,"County","No","Dominant taxon: Microcystis aeruginosa","Yes","Yes",2.3,"I (I qualifier indicates that the reported value is between the laboratory method detection limit and the laboratory practical quantitation limit.)",,,,,,,,,"Anatoxin-a: not detected; Cylindrospermopsin: not detected; Nodularin: not detected",,2021-04-22 13:20:00,28.5001,-81.338,0.3,"https://services1.arcgis.com/nRHtyn3uE1kyzoYc/arcgis/rest/services/service_5c5ebb2c750c442da2b09ddcc97bb150/FeatureServer/0/1955/attachments/1869?token=5-9B4_qFJxwE43FpRKmTcizn9xE4gyQzR7iJriH_WSdv7PgrexGGAhHhsGpscZa8SH_qjt0z84tspBh9UZdaQiiM655xl5nYilYijuNFLU5ctgA5UqoDG-yQnKzdu40YNWB8oief-0n4SY_CsI5ZrvtQHd97t_Zf1Jytpde8Gcx1_zdC8Fhz3OKM_JWL5zg6"
"Lake Washington - Center (LWC)","Brevard",2021-04-21,"SJRWMD","No","mixed algae; no dominant species in sample","No","No",,,,,,,,,,,"Anatoxin-a: not detected; Cylindrospermopsin: not detected; Nodularin: not detected; Saxitoxins: not detected",,2021-04-21 13:00:00,28.142439,-80.746111,0.3,
"Clear Lake - 4680 Clear Lake Dr","Alachua",2021-04-20,"DEP_NE_ROC","Yes","Dominant taxon: Microcystis aeruginosa","Yes","Yes",1.2,,,,,,,,,,"Anatoxin-a: not detected; Cylindrospermopsin: not detected; Nodularin: not detected",,2021-04-20 18:55:00,29.6519122194061,-82.3922566604833,0.3,"https://services1.arcgis.com/nRHtyn3uE1kyzoYc/arcgis/rest/services/service_5c5ebb2c750c442da2b09ddcc97bb150/FeatureServer/0/1917/attachments/1861?token=5-9B4_qFJxwE43FpRKmTcizn9xE4gyQzR7iJriH_WSdv7PgrexGGAhHhsGpscZa8SH_qjt0z84tspBh9UZdaQiiM655xl5nYilYijuNFLU5ctgA5UqoDG-yQnKzdu40YNWB8oief-0n4SY_CsI5ZrvtQHd97t_Zf1Jytpde8Gcx1_zdC8Fhz3OKM_JWL5zg6"
"Lake Estelle - near OMA","Orange",2021-04-19,"DEP_CEN_ROC","No","mixed algae; no dominant species in sample","No","No",,,,,,,,,,,"Anatoxin-a: not detected; Cylindrospermopsin: not detected; Nodularin: not detected",,2021-04-19 15:20:00,28.57377,-81.36517,0.3,"https://services1.arcgis.com/nRHtyn3uE1kyzoYc/arcgis/rest/services/service_5c5ebb2c750c442da2b09ddcc97bb150/FeatureServer/0/1900/attachments/1851?token=5-9B4_qFJxwE43FpRKmTcizn9xE4gyQzR7iJriH_WSdv7PgrexGGAhHhsGpscZa8SH_qjt0z84tspBh9UZdaQiiM655xl5nYilYijuNFLU5ctgA5UqoDG-yQnKzdu40YNWB8oief-0n4SY_CsI5ZrvtQHd97t_Zf1Jytpde8Gcx1_zdC8Fhz3OKM_JWL5zg6"
"Lake Ivanhoe - 200ft from boat ramp","Orange",2021-04-19,"DEP_CEN_ROC","No","mixed algae; no dominant species in sample","No","No",,,,,,,,,,,"Anatoxin-a: not detected; Cylindrospermopsin: not detected; Nodularin: not detected",,2021-04-19 14:55:00,28.564748,-81.373874,0.3,"https://services1.arcgis.com/nRHtyn3uE1kyzoYc/arcgis/rest/services/service_5c5ebb2c750c442da2b09ddcc97bb150/FeatureServer/0/1899/attachments/1849?token=5-9B4_qFJxwE43FpRKmTcizn9xE4gyQzR7iJriH_WSdv7PgrexGGAhHhsGpscZa8SH_qjt0z84tspBh9UZdaQiiM655xl5nYilYijuNFLU5ctgA5UqoDG-yQnKzdu40YNWB8oief-0n4SY_CsI5ZrvtQHd97t_Zf1Jytpde8Gcx1_zdC8Fhz3OKM_JWL5zg6"
"SJR - Shands Bridge (20030157)","StJohns",2021-04-15,"SJRWMD","No","mixed algae; no dominant species in sample","No","Yes",0.33,"I (I qualifier indicates that the reported value is between the laboratory method detection limit and the laboratory practical quantitation limit.)",,,,,,,,,"Anatoxin-a: not detected; Cylindrospermopsin: not detected; Nodularin: not detected; Saxitoxins: not detected",,2021-04-15 17:39:00,29.9816305555556,-81.6221388888889,0.3,
"SJR - off Westover Rd near Moccasin Slough Park","Clay",2021-04-15,"SJRWMD","No","mixed algae; no dominant species in sample","No","Yes",0.5,"I (I qualifier indicates that the reported value is between the laboratory method detection limit and the laboratory practical quantitation limit.)",,,,,,,,,"Anatoxin-a: not detected; Cylindrospermopsin: not detected; Nodularin: not detected; Saxitoxins: not detected",,2021-04-15 15:54:00,30.1314722222222,-81.6946666666667,0.3,
"Lake Winnott - 147 Bakers Acres Dr.","Putnam",2021-04-15,"DEP_NE_ROC","Yes","Dominant taxon: Microcystis aeruginosa","Yes","Yes",2.3,,,,,,,,,,"Anatoxin-a: not detected; Cylindrospermopsin: not detected; Nodularin: not detected","Bloom disperse within water column. Significantly leas than last visit. Moderate winds blowing towards short line.",2021-04-15 15:45:00,29.6511806,-82.0471876,0.3,"https://services1.arcgis.com/nRHtyn3uE1kyzoYc/arcgis/rest/services/service_5c5ebb2c750c442da2b09ddcc97bb150/FeatureServer/0/1834/attachments/1838?token=5-9B4_qFJxwE43FpRKmTcizn9xE4gyQzR7iJriH_WSdv7PgrexGGAhHhsGpscZa8SH_qjt0z84tspBh9UZdaQiiM655xl5nYilYijuNFLU5ctgA5UqoDG-yQnKzdu40YNWB8oief-0n4SY_CsI5ZrvtQHd97t_Zf1Jytpde8Gcx1_zdC8Fhz3OKM_JWL5zg6"
"Doctors Lake - Center (DTL)","Clay",2021-04-15,"SJRWMD","No","mixed algae; no dominant species in sample","No","No",,,,,,,,,,,"Anatoxin-a: not detected; Cylindrospermopsin: not detected; Nodularin: not detected; Saxitoxins: not detected",,2021-04-15 15:31:00,30.1380555555556,-81.7272222222222,0.3,
"Blue Cypress Lake - Center (BCL)","IndianRiver",2021-04-15,"SJRWMD","No","mixed algae; no dominant species in sample","No","Yes",0.27,"I (I qualifier indicates that the reported value is between the laboratory method detection limit and the laboratory practical quantitation limit.)",,,,,,,,,"Anatoxin-a: not detected; Cylindrospermopsin: not detected; Nodularin: not detected; Saxitoxins: not detected",,2021-04-15 15:27:00,27.7266,-80.7536,0.3,"https://services1.arcgis.com/nRHtyn3uE1kyzoYc/arcgis/rest/services/service_5c5ebb2c750c442da2b09ddcc97bb150/FeatureServer/0/1883/attachments/1848?token=5-9B4_qFJxwE43FpRKmTcizn9xE4gyQzR7iJriH_WSdv7PgrexGGAhHhsGpscZa8SH_qjt0z84tspBh9UZdaQiiM655xl5nYilYijuNFLU5ctgA5UqoDG-yQnKzdu40YNWB8oief-0n4SY_CsI5ZrvtQHd97t_Zf1Jytpde8Gcx1_zdC8Fhz3OKM_JWL5zg6"
"SJR - Mandarin Point (MP72)","Duval",2021-04-15,"SJRWMD","No","mixed algae; no dominant species in sample","No","Yes",0.28,"I (I qualifier indicates that the reported value is between the laboratory method detection limit and the laboratory practical quantitation limit.)",,,,,,,,,"Anatoxin-a: not detected; Cylindrospermopsin: not detected; Nodularin: not detected; Saxitoxins: not detected",,2021-04-15 15:07:00,30.1566666666667,-81.6838888888889,0.3,
"Stick Marsh - North (STKM)","IndianRiver",2021-04-15,"SJRWMD","No","mixed algae; no dominant species in sample","No","Yes",0.46,"I (I qualifier indicates that the reported value is between the laboratory method detection limit and the laboratory practical quantitation limit.)",,,,,,,,,"Anatoxin-a: not detected; Cylindrospermopsin: not detected; Nodularin: not detected; Saxitoxins: not detected",,2021-04-15 13:55:00,27.81065,-80.724854,0.3,
"Lake George - Center (LEO)","Volusia",2021-04-15,"SJRWMD","No","mixed algae; no dominant species in sample","No","Yes",0.53,"I (I qualifier indicates that the reported value is between the laboratory method detection limit and the laboratory practical quantitation limit.)",,,,,,,,,"Anatoxin-a: not detected; Cylindrospermopsin: not detected; Nodularin: not detected; Saxitoxins: not detected",,2021-04-15 13:54:00,29.30830556,-81.60638889,0.3,"https://services1.arcgis.com/nRHtyn3uE1kyzoYc/arcgis/rest/services/service_5c5ebb2c750c442da2b09ddcc97bb150/FeatureServer/0/1880/attachments/1847?token=5-9B4_qFJxwE43FpRKmTcizn9xE4gyQzR7iJriH_WSdv7PgrexGGAhHhsGpscZa8SH_qjt0z84tspBh9UZdaQiiM655xl5nYilYijuNFLU5ctgA5UqoDG-yQnKzdu40YNWB8oief-0n4SY_CsI5ZrvtQHd97t_Zf1Jytpde8Gcx1_zdC8Fhz3OKM_JWL5zg6"
"Indian River - Eau Gallie Pier","Brevard",2021-04-14,"STATE_AGENCY","No","mixed algae; no dominant species in sample","No",,,,,,,,,,,,"not collected","Site visited by and dominant algal taxon IDed by FWC/FWRI.",2021-04-14 17:50:00,28.1325,-80.6242,0.2,
"Lake Jesup - Center (OW-CTR)","Seminole",2021-04-14,"SJRWMD","Yes","Dominant taxon: Planktolyngbya limnetica","Yes","Yes",0.79,"I (I qualifier indicates that the reported value is between the laboratory method detection limit and the laboratory practical quantitation limit.)",,,,,,,,,"Anatoxin-a: not detected; Cylindrospermopsin: not detected; Nodularin: not detected; Saxitoxins: not detected",,2021-04-14 17:23:00,28.7268,-81.2111,0.3,
"Banana River - 520 Slick Boat Ramp","Brevard",2021-04-14,"STATE_AGENCY","No","mixed algae; no dominant species in sample","No",,,,,,,,,,,,"not collected","Site visited by and dominant algal taxon IDed by FWC/FWRI.",2021-04-14 16:40:00,28.3571,-80.6284,0.2,
"Indian River - Parrish Park","Brevard",2021-04-14,"STATE_AGENCY","No","mixed algae; no dominant species in sample","No",,,,,,,,,,,,"not collected","Site visited by and dominant algal taxon IDed by FWC/FWRI.",2021-04-14 15:15:00,28.62331667,-80.79545278,0.2,
"Lake Monroe - Center (LMAC)","Volusia",2021-04-14,"SJRWMD","No","Dominant taxon: Cylindrospermopsis raciborskii","Yes","Yes",0.53,"I (I qualifier indicates that the reported value is between the laboratory method detection limit and the laboratory practical quantitation limit.)",,,,,,,,,"Anatoxin-a: not detected; Cylindrospermopsin: not detected; Nodularin: not detected; Saxitoxins: not detected",,2021-04-14 14:25:00,28.83496,-81.27091,0.3,
"Crescent Lake - mouth of Dunns Creek (CRESLM)","Putnam",2021-04-14,"SJRWMD","No","Dominant taxon: Microcystis aeruginosa","Yes","No",,,,,,,,,,,"Anatoxin-a: not detected; Cylindrospermopsin: not detected; Nodularin: not detected; Saxitoxins: not detected",,2021-04-14 13:15:00,29.5295555555556,-81.5537222222222,0.3,"https://services1.arcgis.com/nRHtyn3uE1kyzoYc/arcgis/rest/services/service_5c5ebb2c750c442da2b09ddcc97bb150/FeatureServer/0/1833/attachments/1837?token=5-9B4_qFJxwE43FpRKmTcizn9xE4gyQzR7iJriH_WSdv7PgrexGGAhHhsGpscZa8SH_qjt0z84tspBh9UZdaQiiM655xl5nYilYijuNFLU5ctgA5UqoDG-yQnKzdu40YNWB8oief-0n4SY_CsI5ZrvtQHd97t_Zf1Jytpde8Gcx1_zdC8Fhz3OKM_JWL5zg6"
"Lake Toho - Marina dock","Osceola",2021-04-08,"DEP_CEN_ROC","Yes","Dominant taxon: Dolichospermum circinale","Yes","Yes",0.28,"I (I qualifier indicates that the reported value is between the laboratory method detection limit and the laboratory practical quantitation limit.)",,,,,,,,,"Anatoxin-a: not detected; Cylindrospermopsin: not detected; Nodularin: not detected","Bloom present along N side of lake. Stretching the length of the waterfront park to Marina. ",2021-04-08 17:21:00,28.286782,-81.408393,0.3,"https://services1.arcgis.com/nRHtyn3uE1kyzoYc/arcgis/rest/services/service_5c5ebb2c750c442da2b09ddcc97bb150/FeatureServer/0/1815/attachments/1829?token=5-9B4_qFJxwE43FpRKmTcizn9xE4gyQzR7iJriH_WSdv7PgrexGGAhHhsGpscZa8SH_qjt0z84tspBh9UZdaQiiM655xl5nYilYijuNFLU5ctgA5UqoDG-yQnKzdu40YNWB8oief-0n4SY_CsI5ZrvtQHd97t_Zf1Jytpde8Gcx1_zdC8Fhz3OKM_JWL5zg6"
"Lake Winnott - East Lobe","Putnam",2021-04-08,"DEP_NE_ROC","Yes","Dominant taxon: Microcystis aeruginosa","Yes","Yes",0.73,"I (I qualifier indicates that the reported value is between the laboratory method detection limit and the laboratory practical quantitation limit.)",,,,,,,,,"Anatoxin-a: not detected; Cylindrospermopsin: not detected; Nodularin: not detected",,2021-04-08 16:40:00,29.6512446921144,-82.0378866690433,0.3,"https://services1.arcgis.com/nRHtyn3uE1kyzoYc/arcgis/rest/services/service_5c5ebb2c750c442da2b09ddcc97bb150/FeatureServer/0/1814/attachments/1827?token=5-9B4_qFJxwE43FpRKmTcizn9xE4gyQzR7iJriH_WSdv7PgrexGGAhHhsGpscZa8SH_qjt0z84tspBh9UZdaQiiM655xl5nYilYijuNFLU5ctgA5UqoDG-yQnKzdu40YNWB8oief-0n4SY_CsI5ZrvtQHd97t_Zf1Jytpde8Gcx1_zdC8Fhz3OKM_JWL5zg6"
"Lake Winnott - off Shore Lane","Putnam",2021-04-08,"DEP_NE_ROC","Yes","Dominant taxon: Microcystis aeruginosa","Yes","Yes",0.36,"I (I qualifier indicates that the reported value is between the laboratory method detection limit and the laboratory practical quantitation limit.)",,,,,,,,,"Anatoxin-a: not detected; Cylindrospermopsin: not detected; Nodularin: not detected",,2021-04-08 16:20:00,29.6494755315349,-82.042045320914,0.3,"https://services1.arcgis.com/nRHtyn3uE1kyzoYc/arcgis/rest/services/service_5c5ebb2c750c442da2b09ddcc97bb150/FeatureServer/0/1813/attachments/1825?token=5-9B4_qFJxwE43FpRKmTcizn9xE4gyQzR7iJriH_WSdv7PgrexGGAhHhsGpscZa8SH_qjt0z84tspBh9UZdaQiiM655xl5nYilYijuNFLU5ctgA5UqoDG-yQnKzdu40YNWB8oief-0n4SY_CsI5ZrvtQHd97t_Zf1Jytpde8Gcx1_zdC8Fhz3OKM_JWL5zg6"
"Lake Winnott  - West Shore","Putnam",2021-04-08,"DEP_NE_ROC","Yes","Dominant taxon: Microcystis aeruginosa","Yes","No",,,,,,,,,,,"Anatoxin-a: not detected; Cylindrospermopsin: not detected; Nodularin: not detected",,2021-04-08 16:00:00,29.6497273389443,-82.0505294911157,0.3,"https://services1.arcgis.com/nRHtyn3uE1kyzoYc/arcgis/rest/services/service_5c5ebb2c750c442da2b09ddcc97bb150/FeatureServer/0/1812/attachments/1823?token=5-9B4_qFJxwE43FpRKmTcizn9xE4gyQzR7iJriH_WSdv7PgrexGGAhHhsGpscZa8SH_qjt0z84tspBh9UZdaQiiM655xl5nYilYijuNFLU5ctgA5UqoDG-yQnKzdu40YNWB8oief-0n4SY_CsI5ZrvtQHd97t_Zf1Jytpde8Gcx1_zdC8Fhz3OKM_JWL5zg6"
"Trout Lake Canal - 35m from FL-19","Lake",2021-04-08,"DEP_CEN_ROC","No","mixed algae; no dominant species in sample","No","Yes",0.7,"I (I qualifier indicates that the reported value is between the laboratory method detection limit and the laboratory practical quantitation limit.)",,,,,,,,,"Anatoxin-a: not detected; Cylindrospermopsin: not detected; Nodularin: not detected","No apparent bloom but water is very turbid which is somewhat normal ",2021-04-08 15:40:00,28.8640931,-81.6871352,0.3,"https://services1.arcgis.com/nRHtyn3uE1kyzoYc/arcgis/rest/services/service_5c5ebb2c750c442da2b09ddcc97bb150/FeatureServer/0/1811/attachments/1821?token=5-9B4_qFJxwE43FpRKmTcizn9xE4gyQzR7iJriH_WSdv7PgrexGGAhHhsGpscZa8SH_qjt0z84tspBh9UZdaQiiM655xl5nYilYijuNFLU5ctgA5UqoDG-yQnKzdu40YNWB8oief-0n4SY_CsI5ZrvtQHd97t_Zf1Jytpde8Gcx1_zdC8Fhz3OKM_JWL5zg6"
"Lake Winnott - 147 Bakers Acres Dr.","Putnam",2021-04-08,"DEP_NE_ROC","Yes","Dominant taxon: Microcystis aeruginosa","Yes","Yes",0.81,"I (I qualifier indicates that the reported value is between the laboratory method detection limit and the laboratory practical quantitation limit.)",,,,,,,,,"Anatoxin-a: not detected; Cylindrospermopsin: not detected; Nodularin: not detected",,2021-04-08 15:30:00,29.6510379604055,-82.0473098437032,0.3,"https://services1.arcgis.com/nRHtyn3uE1kyzoYc/arcgis/rest/services/service_5c5ebb2c750c442da2b09ddcc97bb150/FeatureServer/0/1809/attachments/1816?token=5-9B4_qFJxwE43FpRKmTcizn9xE4gyQzR7iJriH_WSdv7PgrexGGAhHhsGpscZa8SH_qjt0z84tspBh9UZdaQiiM655xl5nYilYijuNFLU5ctgA5UqoDG-yQnKzdu40YNWB8oief-0n4SY_CsI5ZrvtQHd97t_Zf1Jytpde8Gcx1_zdC8Fhz3OKM_JWL5zg6"
"Indian River - Eau Gallie Pier","Brevard",2021-04-07,"STATE_AGENCY","No","mixed algae; no dominant species in sample","No",,,,,,,,,,,,"not collected","Site visited by and dominant algal taxon IDed by FWC/FWRI.",2021-04-07 16:30:00,28.1325,-80.6242,0.2,
"Lake Minnehaha - 75m S of Lakeshore Dr.","Lake",2021-04-07,"DEP_CEN_ROC","No","mixed algae; no dominant species in sample","No","No",,,,,,,,,,,"Anatoxin-a: not detected; Cylindrospermopsin: not detected; Nodularin: not detected","No bloom observed, sunny",2021-04-07 15:24:00,28.5444531,-81.7589235,0.321,"https://services1.arcgis.com/nRHtyn3uE1kyzoYc/arcgis/rest/services/service_5c5ebb2c750c442da2b09ddcc97bb150/FeatureServer/0/1796/attachments/1807?token=5-9B4_qFJxwE43FpRKmTcizn9xE4gyQzR7iJriH_WSdv7PgrexGGAhHhsGpscZa8SH_qjt0z84tspBh9UZdaQiiM655xl5nYilYijuNFLU5ctgA5UqoDG-yQnKzdu40YNWB8oief-0n4SY_CsI5ZrvtQHd97t_Zf1Jytpde8Gcx1_zdC8Fhz3OKM_JWL5zg6"
"Banana River - 520 Slick Boat Ramp","Brevard",2021-04-07,"STATE_AGENCY","No","mixed algae; no dominant species in sample","No",,,,,,,,,,,,"not collected","Site visited by and dominant algal taxon IDed by FWC/FWRI.",2021-04-07 15:20:00,28.3571,-80.6284,0.2,
"Indian River - Parrish Park","Brevard",2021-04-07,"STATE_AGENCY","Yes","mixed algae; the dominant taxa were an assemblage of nanoplankton","No",,,,,,,,,,,,"not collected","Water was brownish and murky. Site visited by and dominant algal taxon IDed by FWC/FWRI.",2021-04-07 13:30:00,28.62331667,-80.79545278,0.2,
"Lake Weir - N Shore","Marion",2021-04-01,"DEP_CEN_ROC","Yes","Co-dominant taxa were: Cylindrospermopsis raciborskii and Botryococcus braunii","Yes","No",,,,,,,,,,,"Anatoxin-a: not detected; Cylindrospermopsin: not detected; Nodularin: not detected","Windy, reddish brown water, no scum observed",2021-04-01 15:23:00,29.0395464,-81.9282229,0.3,"https://services1.arcgis.com/nRHtyn3uE1kyzoYc/arcgis/rest/services/service_5c5ebb2c750c442da2b09ddcc97bb150/FeatureServer/0/1792/attachments/1800?token=5-9B4_qFJxwE43FpRKmTcizn9xE4gyQzR7iJriH_WSdv7PgrexGGAhHhsGpscZa8SH_qjt0z84tspBh9UZdaQiiM655xl5nYilYijuNFLU5ctgA5UqoDG-yQnKzdu40YNWB8oief-0n4SY_CsI5ZrvtQHd97t_Zf1Jytpde8Gcx1_zdC8Fhz3OKM_JWL5zg6"
"Lake Willisara - Center","Orange",2021-03-31,"DEP_CEN_ROC","Yes","Co-dominant taxa were: Microcystis aeruginosa and Aphanizomenon flos-aquae","Yes","Yes",0.25,"I (I qualifier indicates that the reported value is between the laboratory method detection limit and the laboratory practical quantitation limit.)",,,,,,,,,"Anatoxin-a: not detected; Cylindrospermopsin: not detected; Nodularin: not detected",,2021-03-31 16:11:00,28.5079299,-81.3613963,0.313,"https://services1.arcgis.com/nRHtyn3uE1kyzoYc/arcgis/rest/services/service_5c5ebb2c750c442da2b09ddcc97bb150/FeatureServer/0/1789/attachments/1798?token=5-9B4_qFJxwE43FpRKmTcizn9xE4gyQzR7iJriH_WSdv7PgrexGGAhHhsGpscZa8SH_qjt0z84tspBh9UZdaQiiM655xl5nYilYijuNFLU5ctgA5UqoDG-yQnKzdu40YNWB8oief-0n4SY_CsI5ZrvtQHd97t_Zf1Jytpde8Gcx1_zdC8Fhz3OKM_JWL5zg6"
"Lake Pearl - Center","Orange",2021-03-31,"DEP_CEN_ROC","No","Dominant taxon: Microcystis aeruginosa","Yes","No",,,,,,,,,,,"Anatoxin-a: not detected; Cylindrospermopsin: not detected; Nodularin: not detected",,2021-03-31 15:14:00,28.541652,-81.533265,0.33,
"Lake Sloat - near park","Orange",2021-03-31,"DEP_CEN_ROC","No","mixed algae; no dominant species in sample","No","No",,,,,,,,,,,"Anatoxin-a: not detected; Cylindrospermopsin: not detected; Nodularin: not detected",,2021-03-31 14:30:00,28.44589,-81.50712,0.301,"https://services1.arcgis.com/nRHtyn3uE1kyzoYc/arcgis/rest/services/service_5c5ebb2c750c442da2b09ddcc97bb150/FeatureServer/0/1790/attachments/1799?token=5-9B4_qFJxwE43FpRKmTcizn9xE4gyQzR7iJriH_WSdv7PgrexGGAhHhsGpscZa8SH_qjt0z84tspBh9UZdaQiiM655xl5nYilYijuNFLU5ctgA5UqoDG-yQnKzdu40YNWB8oief-0n4SY_CsI5ZrvtQHd97t_Zf1Jytpde8Gcx1_zdC8Fhz3OKM_JWL5zg6"
"SJR - near Georgetown (CM72, 20030373)","Putnam",2021-03-30,"SJRWMD","Yes","mixed algae; no dominant species in sample","No","Yes",0.38,"I (I qualifier indicates that the reported value is between the laboratory method detection limit and the laboratory practical quantitation limit.)",,,,,,,,,"Anatoxin-a: not detected; Cylindrospermopsin: not detected; Nodularin: not detected",,2021-03-30 13:18:00,29.37765,-81.62768,0.3,
"Indian River - Eau Gallie Pier","Brevard",2021-03-29,"STATE_AGENCY","No","mixed algae; no dominant species in sample","No",,,,,,,,,,,,"not collected","Site visited by and dominant algal taxon IDed by FWC/FWRI.",2021-03-29 19:30:00,28.1325,-80.6242,0.2,
"Banana River - 520 Slick Boat Ramp","Brevard",2021-03-29,"STATE_AGENCY","No","mixed algae; no dominant species in sample","No",,,,,,,,,,,,"not collected","Site visited by and dominant algal taxon IDed by FWC/FWRI.",2021-03-29 18:25:00,28.3571,-80.6284,0.2,
"Indian River - Parrish Park","Brevard",2021-03-29,"STATE_AGENCY","Yes","mixed algae; the dominant taxa were an assemblage of nanoplankton","No",,,,,,,,,,,,"not collected","Site visited by and dominant algal taxon IDed by FWC/FWRI.",2021-03-29 16:55:00,28.62331667,-80.79545278,0.2,
"Lake Monroe - Center (LMAC)","Volusia",2021-03-25,"SJRWMD","No","Dominant taxon: Cylindrospermopsis raciborskii","Yes","Yes",0.33,"I (I qualifier indicates that the reported value is between the laboratory method detection limit and the laboratory practical quantitation limit.)",,,,,,,,,"Anatoxin-a: not detected; Cylindrospermopsin: not detected; Nodularin: not detected",,2021-03-25 14:40:00,28.83496,-81.27091,0.3,
"Indian River - Eau Gallie Pier","Brevard",2021-03-24,"STATE_AGENCY","No","mixed algae; no dominant species in sample","No",,,,,,,,,,,,"not collected","Green tint to water, but clear. Site visited by and dominant algal taxon IDed by FWC/FWRI.",2021-03-24 18:05:00,28.1325,-80.6242,0.2,
"Banana River - 520 Slick Boat Ramp","Brevard",2021-03-24,"STATE_AGENCY","No","mixed algae; no dominant species in sample","No",,,,,,,,,,,,"not collected","Green tint to water, but clear. Site visited by and dominant algal taxon IDed by FWC/FWRI.",2021-03-24 17:10:00,28.3571,-80.6284,0.2,
"Fellsmere WMA - Center (FWMA1CTR)","IndianRiver",2021-03-24,"SJRWMD","Yes","Dominant taxon: Microcystis aeruginosa","Yes","Yes",0.51,"I (I qualifier indicates that the reported value is between the laboratory method detection limit and the laboratory practical quantitation limit.)",,,,,,,,,"Anatoxin-a: not detected; Cylindrospermopsin: not detected; Nodularin: not detected; Saxitoxins: not detected",,2021-03-24 16:14:00,27.79567,-80.70454,0.3,"https://services1.arcgis.com/nRHtyn3uE1kyzoYc/arcgis/rest/services/service_5c5ebb2c750c442da2b09ddcc97bb150/FeatureServer/0/1773/attachments/1785?token=5-9B4_qFJxwE43FpRKmTcizn9xE4gyQzR7iJriH_WSdv7PgrexGGAhHhsGpscZa8SH_qjt0z84tspBh9UZdaQiiM655xl5nYilYijuNFLU5ctgA5UqoDG-yQnKzdu40YNWB8oief-0n4SY_CsI5ZrvtQHd97t_Zf1Jytpde8Gcx1_zdC8Fhz3OKM_JWL5zg6"
"Indian River - Parrish Park","Brevard",2021-03-24,"STATE_AGENCY","Yes","mixed algae; the dominant taxa were an assemblage of nanoplankton","No",,,,,,,,,,,,"not collected","Site visited by and dominant algal taxon IDed by FWC/FWRI.",2021-03-24 15:35:00,28.62331667,-80.79545278,0.2,
"Lake Jesup - Center (OW-CTR)","Seminole",2021-03-24,"SJRWMD","Yes","Co-dominant taxa were: Cylindrospermopsis raciborskii and Planktolyngbya limnetica","Yes","Yes",0.44,"I (I qualifier indicates that the reported value is between the laboratory method detection limit and the laboratory practical quantitation limit.)",,,,,,,,,"Anatoxin-a: not detected; Cylindrospermopsin: not detected; Nodularin: not detected",,2021-03-24 15:16:00,28.7268,-81.2111,0.3,
"Stick Marsh - North (STKM)","IndianRiver",2021-03-24,"SJRWMD","No","mixed algae; no dominant species in sample","No","No",,,,,,,,,,,"Anatoxin-a: not detected; Cylindrospermopsin: not detected; Nodularin: not detected; Saxitoxins: not detected",,2021-03-24 14:34:00,27.81065,-80.724854,0.3,"https://services1.arcgis.com/nRHtyn3uE1kyzoYc/arcgis/rest/services/service_5c5ebb2c750c442da2b09ddcc97bb150/FeatureServer/0/1775/attachments/1789?token=5-9B4_qFJxwE43FpRKmTcizn9xE4gyQzR7iJriH_WSdv7PgrexGGAhHhsGpscZa8SH_qjt0z84tspBh9UZdaQiiM655xl5nYilYijuNFLU5ctgA5UqoDG-yQnKzdu40YNWB8oief-0n4SY_CsI5ZrvtQHd97t_Zf1Jytpde8Gcx1_zdC8Fhz3OKM_JWL5zg6"
"Lake Anderson - NW corner","Orange",2021-03-24,"County","Yes","Dominant taxon: Microcystis aeruginosa","Yes","Yes",1.2,,,,,,,,,,"Anatoxin-a: not detected; Cylindrospermopsin: not detected; Nodularin: not detected",,2021-03-24 13:40:00,28.5001,-81.338,0.3,"https://services1.arcgis.com/nRHtyn3uE1kyzoYc/arcgis/rest/services/service_5c5ebb2c750c442da2b09ddcc97bb150/FeatureServer/0/1772/attachments/1783?token=5-9B4_qFJxwE43FpRKmTcizn9xE4gyQzR7iJriH_WSdv7PgrexGGAhHhsGpscZa8SH_qjt0z84tspBh9UZdaQiiM655xl5nYilYijuNFLU5ctgA5UqoDG-yQnKzdu40YNWB8oief-0n4SY_CsI5ZrvtQHd97t_Zf1Jytpde8Gcx1_zdC8Fhz3OKM_JWL5zg6"
"Blue Cypress Lake - Center (BCL)","IndianRiver",2021-03-24,"SJRWMD","No","mixed algae; no dominant species in sample","No","No",,,,,,,,,,,"Anatoxin-a: not detected; Cylindrospermopsin: not detected; Nodularin: not detected; Saxitoxins: not detected",,2021-03-24 13:13:00,27.7266,-80.7536,0.3,"https://services1.arcgis.com/nRHtyn3uE1kyzoYc/arcgis/rest/services/service_5c5ebb2c750c442da2b09ddcc97bb150/FeatureServer/0/1774/attachments/1787?token=5-9B4_qFJxwE43FpRKmTcizn9xE4gyQzR7iJriH_WSdv7PgrexGGAhHhsGpscZa8SH_qjt0z84tspBh9UZdaQiiM655xl5nYilYijuNFLU5ctgA5UqoDG-yQnKzdu40YNWB8oief-0n4SY_CsI5ZrvtQHd97t_Zf1Jytpde8Gcx1_zdC8Fhz3OKM_JWL5zg6"
"Lake Estelle - near OMA","Orange",2021-03-18,"DEP_CEN_ROC","Yes","Dominant taxon: Microcystis aeruginosa","Yes","No",,,,,,,,,,,"Anatoxin-a: not detected; Cylindrospermopsin: not detected",,2021-03-18 17:43:00,28.57377,-81.36517,0.311,"https://services1.arcgis.com/nRHtyn3uE1kyzoYc/arcgis/rest/services/service_5c5ebb2c750c442da2b09ddcc97bb150/FeatureServer/0/1760/attachments/1775?token=5-9B4_qFJxwE43FpRKmTcizn9xE4gyQzR7iJriH_WSdv7PgrexGGAhHhsGpscZa8SH_qjt0z84tspBh9UZdaQiiM655xl5nYilYijuNFLU5ctgA5UqoDG-yQnKzdu40YNWB8oief-0n4SY_CsI5ZrvtQHd97t_Zf1Jytpde8Gcx1_zdC8Fhz3OKM_JWL5zg6"
"Trout Lake Canal - 35m from FL-19","Lake",2021-03-18,"DEP_CEN_ROC","Yes","Co-dominant taxa were: Microcystis wesenbergii and Dolichospermum circinale","Yes","Yes",0.38,"I (I qualifier indicates that the reported value is between the laboratory method detection limit and the laboratory practical quantitation limit.)",,,,,,,,,"Anatoxin-a: not detected; Cylindrospermopsin: not detected",,2021-03-18 15:26:00,28.8640931,-81.6871352,0.3,"https://services1.arcgis.com/nRHtyn3uE1kyzoYc/arcgis/rest/services/service_5c5ebb2c750c442da2b09ddcc97bb150/FeatureServer/0/1759/attachments/1773?token=5-9B4_qFJxwE43FpRKmTcizn9xE4gyQzR7iJriH_WSdv7PgrexGGAhHhsGpscZa8SH_qjt0z84tspBh9UZdaQiiM655xl5nYilYijuNFLU5ctgA5UqoDG-yQnKzdu40YNWB8oief-0n4SY_CsI5ZrvtQHd97t_Zf1Jytpde8Gcx1_zdC8Fhz3OKM_JWL5zg6"
"Lake Mabel - 25m from NW shore","Orange",2021-03-18,"DEP_CEN_ROC","No","mixed algae; no dominant species in sample","No","No",,,,,,,,,,,"Anatoxin-a: not detected; Cylindrospermopsin: not detected",,2021-03-18 14:54:00,28.437302,-81.549844,0.316,"https://services1.arcgis.com/nRHtyn3uE1kyzoYc/arcgis/rest/services/service_5c5ebb2c750c442da2b09ddcc97bb150/FeatureServer/0/1758/attachments/1770?token=5-9B4_qFJxwE43FpRKmTcizn9xE4gyQzR7iJriH_WSdv7PgrexGGAhHhsGpscZa8SH_qjt0z84tspBh9UZdaQiiM655xl5nYilYijuNFLU5ctgA5UqoDG-yQnKzdu40YNWB8oief-0n4SY_CsI5ZrvtQHd97t_Zf1Jytpde8Gcx1_zdC8Fhz3OKM_JWL5zg6"
"Lake Conway - SW Shore ","Orange",2021-03-17,"DEP_CEN_ROC","No","mixed algae; no dominant species in sample","No","Yes",0.42,"I (I qualifier indicates that the reported value is between the laboratory method detection limit and the laboratory practical quantitation limit.)",,,,,,,,,"Anatoxin-a: not detected; Cylindrospermopsin: not detected","Sunny/windy. No bloom observed ",2021-03-17 18:15:00,28.4662818,-81.3595114,0.3,"https://services1.arcgis.com/nRHtyn3uE1kyzoYc/arcgis/rest/services/service_5c5ebb2c750c442da2b09ddcc97bb150/FeatureServer/0/1755/attachments/1767?token=5-9B4_qFJxwE43FpRKmTcizn9xE4gyQzR7iJriH_WSdv7PgrexGGAhHhsGpscZa8SH_qjt0z84tspBh9UZdaQiiM655xl5nYilYijuNFLU5ctgA5UqoDG-yQnKzdu40YNWB8oief-0n4SY_CsI5ZrvtQHd97t_Zf1Jytpde8Gcx1_zdC8Fhz3OKM_JWL5zg6"
"SJR - Shands Bridge (20030157)","StJohns",2021-03-17,"SJRWMD","No","mixed algae; no dominant species in sample","No","No",,,,,,,,,,,"Anatoxin-a: not detected; Cylindrospermopsin: not detected; Saxitoxins: not detected",,2021-03-17 17:22:00,29.9816305555556,-81.6221388888889,0.3,
"Lake Holden - 90m S of Lake Holden Point ","Orange",2021-03-17,"DEP_CEN_ROC","No","Dominant taxon: Microcystis aeruginosa","Yes","Yes",0.89,"I (I qualifier indicates that the reported value is between the laboratory method detection limit and the laboratory practical quantitation limit.)",,,,,,,,,"Anatoxin-a: not detected; Cylindrospermopsin: not detected","Sunny/windy. No bloom observed ",2021-03-17 17:09:00,28.5042968,-81.3901382,0.3,"https://services1.arcgis.com/nRHtyn3uE1kyzoYc/arcgis/rest/services/service_5c5ebb2c750c442da2b09ddcc97bb150/FeatureServer/0/1757/attachments/1769?token=5-9B4_qFJxwE43FpRKmTcizn9xE4gyQzR7iJriH_WSdv7PgrexGGAhHhsGpscZa8SH_qjt0z84tspBh9UZdaQiiM655xl5nYilYijuNFLU5ctgA5UqoDG-yQnKzdu40YNWB8oief-0n4SY_CsI5ZrvtQHd97t_Zf1Jytpde8Gcx1_zdC8Fhz3OKM_JWL5zg6"
"Indian River - Eau Gallie Pier","Brevard",2021-03-17,"STATE_AGENCY","No","mixed algae; no dominant species in sample","No",,,,,,,,,,,,"not collected","Site visited by and dominant algal taxon IDed by FWC/FWRI.",2021-03-17 17:05:00,28.1325,-80.6242,0.2,
"Banana River - 520 Slick Boat Ramp","Brevard",2021-03-17,"STATE_AGENCY","No","mixed algae; no dominant species in sample","No",,,,,,,,,,,,"not collected","Site visited by and dominant algal taxon IDed by FWC/FWRI.",2021-03-17 16:05:00,28.3571,-80.6284,0.2,
"Lake Ivanhoe - 200ft from boat ramp","Orange",2021-03-17,"DEP_CEN_ROC","No","mixed algae; no dominant species in sample","No","Yes",0.29,"I (I qualifier indicates that the reported value is between the laboratory method detection limit and the laboratory practical quantitation limit.)",,,,,,,,,"Anatoxin-a: not detected; Cylindrospermopsin: not detected","Sunny/windy. No bloom observed ",2021-03-17 15:12:00,28.564748,-81.373874,0.3,
"Doctors Lake - Center (DTL)","Clay",2021-03-17,"SJRWMD","No","mixed algae; no dominant species in sample","No","No",,,,,,,,,,,"Anatoxin-a: not detected; Cylindrospermopsin: not detected; Saxitoxins: not detected",,2021-03-17 15:01:00,30.1380555555556,-81.7272222222222,0.3,
"SJR - Mandarin Point (MP72)","Duval",2021-03-17,"SJRWMD","No","mixed algae; no dominant species in sample","No","No",,,,,,,,,,,"Anatoxin-a: not detected; Cylindrospermopsin: not detected; Saxitoxins: not detected",,2021-03-17 14:40:00,30.1566666666667,-81.6838888888889,0.3,
"Indian River - Parrish Park","Brevard",2021-03-17,"STATE_AGENCY","Yes","mixed algae; the dominant taxa were an assemblage of nanoplankton","No",,,,,,,,,,,,"not collected","Site visited by and dominant algal taxon IDed by FWC/FWRI.",2021-03-17 14:35:00,28.62331667,-80.79545278,0.2,
"Lake Winnott - 147 Bakers Acres Dr.","Putnam",2021-03-16,"DEP_NE_ROC","Yes","Dominant taxon: Aphanizomenon flos-aquae","Yes","Yes",0.39,"I (I qualifier indicates that the reported value is between the laboratory method detection limit and the laboratory practical quantitation limit.)",,,,,,,,,"Anatoxin-a: not detected; Cylindrospermopsin: not detected",,2021-03-16 14:30:00,29.6511165,-82.0472053,0.3,"https://services1.arcgis.com/nRHtyn3uE1kyzoYc/arcgis/rest/services/service_5c5ebb2c750c442da2b09ddcc97bb150/FeatureServer/0/1751/attachments/1762?token=5-9B4_qFJxwE43FpRKmTcizn9xE4gyQzR7iJriH_WSdv7PgrexGGAhHhsGpscZa8SH_qjt0z84tspBh9UZdaQiiM655xl5nYilYijuNFLU5ctgA5UqoDG-yQnKzdu40YNWB8oief-0n4SY_CsI5ZrvtQHd97t_Zf1Jytpde8Gcx1_zdC8Fhz3OKM_JWL5zg6"
"Lake George - Center (LEO)","Volusia",2021-03-16,"SJRWMD","No","mixed algae; no dominant species in sample","No","Yes",0.44,"I (I qualifier indicates that the reported value is between the laboratory method detection limit and the laboratory practical quantitation limit.)",,,,,,,,,"Anatoxin-a: not detected; Cylindrospermopsin: not detected; Saxitoxins: not detected",,2021-03-16 13:21:00,29.3083055555556,-81.6063888888889,0.3,"https://services1.arcgis.com/nRHtyn3uE1kyzoYc/arcgis/rest/services/service_5c5ebb2c750c442da2b09ddcc97bb150/FeatureServer/0/1753/attachments/1766?token=5-9B4_qFJxwE43FpRKmTcizn9xE4gyQzR7iJriH_WSdv7PgrexGGAhHhsGpscZa8SH_qjt0z84tspBh9UZdaQiiM655xl5nYilYijuNFLU5ctgA5UqoDG-yQnKzdu40YNWB8oief-0n4SY_CsI5ZrvtQHd97t_Zf1Jytpde8Gcx1_zdC8Fhz3OKM_JWL5zg6"
"Lake Washington - Center (LWC)","Brevard",2021-03-16,"SJRWMD","No","mixed algae; no dominant species in sample","No","Yes",0.4,"I (I qualifier indicates that the reported value is between the laboratory method detection limit and the laboratory practical quantitation limit.)",,,,,,,,,"Anatoxin-a: not detected; Cylindrospermopsin: not detected; Saxitoxins: not detected",,2021-03-16 12:17:00,28.142439,-80.746111,0.3,"https://services1.arcgis.com/nRHtyn3uE1kyzoYc/arcgis/rest/services/service_5c5ebb2c750c442da2b09ddcc97bb150/FeatureServer/0/1752/attachments/1765?token=5-9B4_qFJxwE43FpRKmTcizn9xE4gyQzR7iJriH_WSdv7PgrexGGAhHhsGpscZa8SH_qjt0z84tspBh9UZdaQiiM655xl5nYilYijuNFLU5ctgA5UqoDG-yQnKzdu40YNWB8oief-0n4SY_CsI5ZrvtQHd97t_Zf1Jytpde8Gcx1_zdC8Fhz3OKM_JWL5zg6"
"Indian River - Eau Gallie Pier","Brevard",2021-03-10,"STATE_AGENCY","No","mixed algae; no dominant species in sample","No",,,,,,,,,,,,"not collected","Water was very clear. Site visited by and dominant algal taxon IDed by FWC/FWRI.",2021-03-10 20:15:00,28.1325,-80.6242,0.2,
"Banana River - 520 Slick Boat Ramp","Brevard",2021-03-10,"STATE_AGENCY","No","mixed algae; no dominant species in sample","No",,,,,,,,,,,,"not collected","Water was very clear. Site visited by and dominant algal taxon IDed by FWC/FWRI.",2021-03-10 19:20:00,28.3571,-80.6284,0.2,
"Indian River - Parrish Park","Brevard",2021-03-10,"STATE_AGENCY","No","mixed algae; the dominant taxa were an assemblage of nanoplankton","No",,,,,,,,,,,,"not collected","Site visited by and dominant algal taxon IDed by FWC/FWRI.",2021-03-10 17:55:00,28.62331667,-80.79545278,0.2,
"Lake Winnott - 147 Bakers Acres Dr.","Putnam",2021-03-04,"DEP_NE_ROC","Yes","Dominant taxon: Aphanizomenon flos-aquae","Yes","Yes",0.37,"I (I qualifier indicates that the reported value is between the laboratory method detection limit and the laboratory practical quantitation limit.) ",,,,,,,,,"Anatoxin-a: not detected; Cylindrospermopsin: not detected",,2021-03-04 18:15:00,29.6510174783006,-82.0472620865156,0.3,"https://services1.arcgis.com/nRHtyn3uE1kyzoYc/arcgis/rest/services/service_5c5ebb2c750c442da2b09ddcc97bb150/FeatureServer/0/1730/attachments/1752?token=5-9B4_qFJxwE43FpRKmTcizn9xE4gyQzR7iJriH_WSdv7PgrexGGAhHhsGpscZa8SH_qjt0z84tspBh9UZdaQiiM655xl5nYilYijuNFLU5ctgA5UqoDG-yQnKzdu40YNWB8oief-0n4SY_CsI5ZrvtQHd97t_Zf1Jytpde8Gcx1_zdC8Fhz3OKM_JWL5zg6"
"Crescent Lake - mouth of Dunns Creek (CRESLM)","Putnam",2021-03-04,"SJRWMD","No","mixed algae; no dominant species in sample","No","No",,,,,,,,,,,"Anatoxin-a: not detected; Cylindrospermopsin: not detected; Saxitoxins: not detected",,2021-03-04 17:57:00,29.5295555555556,-81.5537222222222,0.3,
"Lake Weir - N Shore","Marion",2021-03-04,"DEP_CEN_ROC","Yes","Dominant taxon: Cylindrospermopsis raciborskii","Yes","No",,,,,,,,,,,"Anatoxin-a: not detected; Cylindrospermopsin: not detected",,2021-03-04 17:27:00,29.0395464,-81.9282229,0.3,"https://services1.arcgis.com/nRHtyn3uE1kyzoYc/arcgis/rest/services/service_5c5ebb2c750c442da2b09ddcc97bb150/FeatureServer/0/1731/attachments/1755?token=5-9B4_qFJxwE43FpRKmTcizn9xE4gyQzR7iJriH_WSdv7PgrexGGAhHhsGpscZa8SH_qjt0z84tspBh9UZdaQiiM655xl5nYilYijuNFLU5ctgA5UqoDG-yQnKzdu40YNWB8oief-0n4SY_CsI5ZrvtQHd97t_Zf1Jytpde8Gcx1_zdC8Fhz3OKM_JWL5zg6"
"Lake Eustis - NW Corner","Lake",2021-03-04,"DEP_CEN_ROC","Yes","Dominant taxon: Cylindrospermopsis raciborskii","Yes","Yes",0.35,"I (I qualifier indicates that the reported value is between the laboratory method detection limit and the laboratory practical quantitation limit.)",,,,,,,,,"Anatoxin-a: not detected; Cylindrospermopsin: not detected",,2021-03-04 16:10:00,28.86613,-81.744221,0.311,"https://services1.arcgis.com/nRHtyn3uE1kyzoYc/arcgis/rest/services/service_5c5ebb2c750c442da2b09ddcc97bb150/FeatureServer/0/1726/attachments/1743?token=5-9B4_qFJxwE43FpRKmTcizn9xE4gyQzR7iJriH_WSdv7PgrexGGAhHhsGpscZa8SH_qjt0z84tspBh9UZdaQiiM655xl5nYilYijuNFLU5ctgA5UqoDG-yQnKzdu40YNWB8oief-0n4SY_CsI5ZrvtQHd97t_Zf1Jytpde8Gcx1_zdC8Fhz3OKM_JWL5zg6"
"Indian River - Eau Gallie Pier","Brevard",2021-03-03,"STATE_AGENCY","Yes","mixed algae; no dominant species in sample","No",,,,,,,,,,,,"not collected","water slightly bloomy;Site visited by and dominant algal taxon IDed by FWC/FWRI.",2021-03-03 19:55:00,28.1325,-80.6242,0.2,
"Banana River - 520 Slick Boat Ramp","Brevard",2021-03-03,"STATE_AGENCY","No","mixed algae; no dominant species in sample","No",,,,,,,,,,,,"not collected","water was clear; Site visited by and dominant algal taxon IDed by FWC/FWRI.",2021-03-03 18:50:00,28.3571,-80.6284,0.2,
"Indian River - Parrish Park","Brevard",2021-03-03,"STATE_AGENCY","Yes","mixed algae; the dominant taxa were an assemblage of nanoplankton","No",,,,,,,,,,,,"not collected","water a little bloomy, stirred up by heavy winds and waves; Site visited by and dominant algal taxon IDed by FWC/FWRI.",2021-03-03 17:25:00,28.62331667,-80.79545278,0.2,
"Stick Marsh - North (STKM)","IndianRiver",2021-02-25,"SJRWMD","No","mixed algae; no dominant species in sample","No","No",,,,,,,,,,,"Anatoxin-a: not detected; Cylindrospermopsin: not detected; Saxitoxins: not detected",,2021-02-25 16:41:00,27.81065,-80.724854,0.3,"https://services1.arcgis.com/nRHtyn3uE1kyzoYc/arcgis/rest/services/service_5c5ebb2c750c442da2b09ddcc97bb150/FeatureServer/0/1713/attachments/1731?token=5-9B4_qFJxwE43FpRKmTcizn9xE4gyQzR7iJriH_WSdv7PgrexGGAhHhsGpscZa8SH_qjt0z84tspBh9UZdaQiiM655xl5nYilYijuNFLU5ctgA5UqoDG-yQnKzdu40YNWB8oief-0n4SY_CsI5ZrvtQHd97t_Zf1Jytpde8Gcx1_zdC8Fhz3OKM_JWL5zg6"
"Lake Monroe - Center (LMAC)","Volusia",2021-02-25,"SJRWMD","No","mixed algae; no dominant species in sample","No","No",,,,,,,,,,,"Anatoxin-a: not detected; Cylindrospermopsin: not detected; Saxitoxins: not detected",,2021-02-25 16:11:00,28.83505,-81.2709,0.3,
"Fellsmere WMA - Center (FWMA1CTR)","IndianRiver",2021-02-24,"SJRWMD","Yes","Co-dominant taxa were: Microcystis aeruginosa and Microcystis wesenbergii","Yes","Yes",1,,,,,,,,,,"Anatoxin-a: not detected; Cylindrospermopsin: not detected; Saxitoxins: not detected","Light olive green particulates floating throughout water column. No smell or odor.",2021-02-24 18:00:00,27.79567,-80.70454,0.3,"https://services1.arcgis.com/nRHtyn3uE1kyzoYc/arcgis/rest/services/service_5c5ebb2c750c442da2b09ddcc97bb150/FeatureServer/0/1710/attachments/1726?token=5-9B4_qFJxwE43FpRKmTcizn9xE4gyQzR7iJriH_WSdv7PgrexGGAhHhsGpscZa8SH_qjt0z84tspBh9UZdaQiiM655xl5nYilYijuNFLU5ctgA5UqoDG-yQnKzdu40YNWB8oief-0n4SY_CsI5ZrvtQHd97t_Zf1Jytpde8Gcx1_zdC8Fhz3OKM_JWL5zg6"
"Lake Pearl - Center","Orange",2021-02-24,"DEP_CEN_ROC","Yes","Co-dominant taxa were: Microcystis aeruginosa and Dolichospermum circinale","Yes","No",,,,,,,,,,,"Anatoxin-a: not detected; Cylindrospermopsin: not detected",,2021-02-24 17:36:00,28.541652,-81.533265,0.3,"https://services1.arcgis.com/nRHtyn3uE1kyzoYc/arcgis/rest/services/service_5c5ebb2c750c442da2b09ddcc97bb150/FeatureServer/0/1716/attachments/1733?token=5-9B4_qFJxwE43FpRKmTcizn9xE4gyQzR7iJriH_WSdv7PgrexGGAhHhsGpscZa8SH_qjt0z84tspBh9UZdaQiiM655xl5nYilYijuNFLU5ctgA5UqoDG-yQnKzdu40YNWB8oief-0n4SY_CsI5ZrvtQHd97t_Zf1Jytpde8Gcx1_zdC8Fhz3OKM_JWL5zg6"
"Lake Jesup - Center (OW-CTR)","Seminole",2021-02-24,"SJRWMD","Yes","Dominant taxon: Cylindrospermopsis raciborskii","Yes","Yes",,,0.39,"I (I qualifier indicates that the reported value is between the laboratory method detection limit and the laboratory practical quantitation limit.)",,,,,,,"Anatoxin-a: not detected; Cylindrospermopsin: 0.39 I (I qualifier indicates that the reported value is between the laboratory method detection limit and the laboratory practical quantitation limit.); Saxitoxins: not detected",,2021-02-24 15:39:00,28.72678,-81.21107,0.3,
"Blue Cypress Lake - Center (BCL)","IndianRiver",2021-02-24,"SJRWMD","No","mixed algae; no dominant species in sample","No","No",,,,,,,,,,,"Anatoxin-a: not detected; Cylindrospermopsin: not detected; Saxitoxins: not detected",,2021-02-24 14:45:00,27.7266,-80.7536,0.3,"https://services1.arcgis.com/nRHtyn3uE1kyzoYc/arcgis/rest/services/service_5c5ebb2c750c442da2b09ddcc97bb150/FeatureServer/0/1709/attachments/1725?token=5-9B4_qFJxwE43FpRKmTcizn9xE4gyQzR7iJriH_WSdv7PgrexGGAhHhsGpscZa8SH_qjt0z84tspBh9UZdaQiiM655xl5nYilYijuNFLU5ctgA5UqoDG-yQnKzdu40YNWB8oief-0n4SY_CsI5ZrvtQHd97t_Zf1Jytpde8Gcx1_zdC8Fhz3OKM_JWL5zg6"
"Indian River - Eau Gallie Pier","Brevard",2021-02-23,"STATE_AGENCY","No","mixed algae; no dominant species in sample","No",,,,,,,,,,,,"not collected","Site visited by and dominant algal taxon IDed by FWC/FWRI.",2021-02-23 19:15:00,28.1325,-80.6242,0.2,
"Lake Ivanhoe - 200ft from boat ramp","Orange",2021-02-23,"DEP_CEN_ROC","Yes","Dominant taxon: Microcystis aeruginosa","Yes","Yes",0.27,"I (I qualifier indicates that the reported value is between the laboratory method detection limit and the laboratory practical quantitation limit.)",,,,,,,,,"Anatoxin-a: not detected; Cylindrospermopsin: not detected",,2021-02-23 19:09:00,28.5647,-81.3739,0.3,"https://services1.arcgis.com/nRHtyn3uE1kyzoYc/arcgis/rest/services/service_5c5ebb2c750c442da2b09ddcc97bb150/FeatureServer/0/1702/attachments/1716?token=5-9B4_qFJxwE43FpRKmTcizn9xE4gyQzR7iJriH_WSdv7PgrexGGAhHhsGpscZa8SH_qjt0z84tspBh9UZdaQiiM655xl5nYilYijuNFLU5ctgA5UqoDG-yQnKzdu40YNWB8oief-0n4SY_CsI5ZrvtQHd97t_Zf1Jytpde8Gcx1_zdC8Fhz3OKM_JWL5zg6"
"Banana River - 520 Slick Boat Ramp","Brevard",2021-02-23,"STATE_AGENCY","No","mixed algae; no dominant species in sample","No",,,,,,,,,,,,"not collected","Site visited by and dominant algal taxon IDed by FWC/FWRI.",2021-02-23 18:30:00,28.3571,-80.6284,0.2,
"Lake Copeland - N of Center","Orange",2021-02-23,"DEP_CEN_ROC","Yes","Dominant taxon: Microcystis aeruginosa","Yes","No",,,,,,,,,,,"Anatoxin-a: not detected; Cylindrospermopsin: not detected",,2021-02-23 17:35:00,28.5284,-81.3746,0.3,"https://services1.arcgis.com/nRHtyn3uE1kyzoYc/arcgis/rest/services/service_5c5ebb2c750c442da2b09ddcc97bb150/FeatureServer/0/1701/attachments/1713?token=5-9B4_qFJxwE43FpRKmTcizn9xE4gyQzR7iJriH_WSdv7PgrexGGAhHhsGpscZa8SH_qjt0z84tspBh9UZdaQiiM655xl5nYilYijuNFLU5ctgA5UqoDG-yQnKzdu40YNWB8oief-0n4SY_CsI5ZrvtQHd97t_Zf1Jytpde8Gcx1_zdC8Fhz3OKM_JWL5zg6"
"Indian River - Parrish Park","Brevard",2021-02-23,"STATE_AGENCY","Yes","mixed algae; the dominant taxa were an assemblage of nanoplankton","No",,,,,,,,,,,,"not collected","Site visited by and dominant algal taxon IDed by FWC/FWRI.",2021-02-23 17:00:00,28.62331667,-80.79545278,0.2,
"Sykes Creek access canal between Taurus Ct. and Centaurus Ct. ","Brevard",2021-02-23,"DEP_CEN_ROC","No","mixed algae; no dominant species in sample","No","No",,,,,,,,,,,"Anatoxin-a: not detected; Cylindrospermopsin: not detected",,2021-02-23 15:51:00,28.3823214333499,-80.6924495895345,0.3,"https://services1.arcgis.com/nRHtyn3uE1kyzoYc/arcgis/rest/services/service_5c5ebb2c750c442da2b09ddcc97bb150/FeatureServer/0/1700/attachments/1710?token=5-9B4_qFJxwE43FpRKmTcizn9xE4gyQzR7iJriH_WSdv7PgrexGGAhHhsGpscZa8SH_qjt0z84tspBh9UZdaQiiM655xl5nYilYijuNFLU5ctgA5UqoDG-yQnKzdu40YNWB8oief-0n4SY_CsI5ZrvtQHd97t_Zf1Jytpde8Gcx1_zdC8Fhz3OKM_JWL5zg6"
"Lake Willisara - Center","Orange",2021-02-23,"DEP_CEN_ROC","Yes","Dominant taxon: Microcystis aeruginosa","Yes","Yes",1.2,"I (I qualifier indicates that the reported value is between the laboratory method detection limit and the laboratory practical quantitation limit.)",,,,,,,,,"Anatoxin-a: not detected; Cylindrospermopsin: not detected",,2021-02-23 15:44:00,28.5079,-81.3614,0.3,"https://services1.arcgis.com/nRHtyn3uE1kyzoYc/arcgis/rest/services/service_5c5ebb2c750c442da2b09ddcc97bb150/FeatureServer/0/1703/attachments/1719?token=5-9B4_qFJxwE43FpRKmTcizn9xE4gyQzR7iJriH_WSdv7PgrexGGAhHhsGpscZa8SH_qjt0z84tspBh9UZdaQiiM655xl5nYilYijuNFLU5ctgA5UqoDG-yQnKzdu40YNWB8oief-0n4SY_CsI5ZrvtQHd97t_Zf1Jytpde8Gcx1_zdC8Fhz3OKM_JWL5zg6"
"Indian River - Eau Gallie Pier","Brevard",2021-02-18,"STATE_AGENCY","No","mixed algae; no dominant species in sample","No",,,,,,,,,,,,"not collected","Site visited by and dominant algal taxon IDed by FWC/FWRI.",2021-02-18 17:40:00,28.1325,-80.6242,0.2,
"Banana River - 520 Slick Boat Ramp","Brevard",2021-02-18,"STATE_AGENCY","Yes","Dominant taxon: Mesodinium rubrum","No",,,,,,,,,,,,"not collected","Site visited by and dominant algal taxon IDed by FWC/FWRI.",2021-02-18 16:40:00,28.3571,-80.6284,0.2,
"Indian River - Parrish Park","Brevard",2021-02-18,"STATE_AGENCY","Yes","mixed algae; the dominant taxa were an assemblage of nanoplankton","No",,,,,,,,,,,,"not collected","Site visited by and dominant algal taxon IDed by FWC/FWRI.",2021-02-18 15:03:00,28.62331667,-80.79545278,0.2,
"Lake Anderson - NW Corner","Orange",2021-02-17,"County","Yes","Co-dominant taxa were: Microcystis aeruginosa and Microcystis wesenbergii","Yes","Yes",0.92,"I (I qualifier indicates that the reported value is between the laboratory method detection limit and the laboratory practical quantitation limit.)",,,,,,,,,"Anatoxin-a: not detected; Cylindrospermopsin: not detected",,2021-02-17 15:45:00,28.5001,-81.338,0.3,"https://services1.arcgis.com/nRHtyn3uE1kyzoYc/arcgis/rest/services/service_5c5ebb2c750c442da2b09ddcc97bb150/FeatureServer/0/1697/attachments/1706?token=5-9B4_qFJxwE43FpRKmTcizn9xE4gyQzR7iJriH_WSdv7PgrexGGAhHhsGpscZa8SH_qjt0z84tspBh9UZdaQiiM655xl5nYilYijuNFLU5ctgA5UqoDG-yQnKzdu40YNWB8oief-0n4SY_CsI5ZrvtQHd97t_Zf1Jytpde8Gcx1_zdC8Fhz3OKM_JWL5zg6"
"Crescent Lake - mouth of Dunns Creek (CRESLM)","Putnam",2021-02-17,"SJRWMD","No","mixed algae; no dominant species in sample","No","No",,,,,,,,,,,"Anatoxin-a: not detected; Cylindrospermopsin: not detected; Saxitoxins: not detected",,2021-02-17 14:15:00,29.5295555555556,-81.5537222222222,0.3,
"Lake George - Center (LEO)","Volusia",2021-02-16,"SJRWMD","No","mixed algae; no dominant species in sample","No","No",,,,,,,,,,,"Anatoxin-a: not detected; Cylindrospermopsin: not detected; Saxitoxins: not detected",,2021-02-16 14:38:00,29.3083055555556,-81.6063888888889,0.3,
"Lake Washington - Center (LWC)","Brevard",2021-02-16,"SJRWMD","No","mixed algae; no dominant species in sample","No","No",,,,,,,,,,,"Anatoxin-a: not detected; Cylindrospermopsin: not detected; Saxitoxins: not detected",,2021-02-16 13:50:00,28.142439,-80.746111,0.3,"https://services1.arcgis.com/nRHtyn3uE1kyzoYc/arcgis/rest/services/service_5c5ebb2c750c442da2b09ddcc97bb150/FeatureServer/0/1693/attachments/1700?token=5-9B4_qFJxwE43FpRKmTcizn9xE4gyQzR7iJriH_WSdv7PgrexGGAhHhsGpscZa8SH_qjt0z84tspBh9UZdaQiiM655xl5nYilYijuNFLU5ctgA5UqoDG-yQnKzdu40YNWB8oief-0n4SY_CsI5ZrvtQHd97t_Zf1Jytpde8Gcx1_zdC8Fhz3OKM_JWL5zg6"
"Lake Conway - SW Shore ","Orange",2021-02-15,"DEP_CEN_ROC","Yes","Dominant taxon: Microcystis aeruginosa","Yes","Yes",0.3,"I (I qualifier indicates that the reported value is between the laboratory method detection limit and the laboratory practical quantitation limit.)",,,,,,,,,"Anatoxin-a: not detected; Cylindrospermopsin: not detected",,2021-02-15 17:20:00,28.4662818,-81.3595114,0.3,"https://services1.arcgis.com/nRHtyn3uE1kyzoYc/arcgis/rest/services/service_5c5ebb2c750c442da2b09ddcc97bb150/FeatureServer/0/1690/attachments/1694?token=5-9B4_qFJxwE43FpRKmTcizn9xE4gyQzR7iJriH_WSdv7PgrexGGAhHhsGpscZa8SH_qjt0z84tspBh9UZdaQiiM655xl5nYilYijuNFLU5ctgA5UqoDG-yQnKzdu40YNWB8oief-0n4SY_CsI5ZrvtQHd97t_Zf1Jytpde8Gcx1_zdC8Fhz3OKM_JWL5zg6"
"Lake Holden - 90m S of Lake Holden Point","Orange",2021-02-15,"DEP_CEN_ROC","Yes","Dominant taxon: Microcystis aeruginosa","Yes","Yes",0.67,"I (I qualifier indicates that the reported value is between the laboratory method detection limit and the laboratory practical quantitation limit.)",,,,,,,,,"Anatoxin-a: not detected; Cylindrospermopsin: not detected",,2021-02-15 15:53:00,28.5042968,-81.3901382,0.3,"https://services1.arcgis.com/nRHtyn3uE1kyzoYc/arcgis/rest/services/service_5c5ebb2c750c442da2b09ddcc97bb150/FeatureServer/0/1691/attachments/1695?token=5-9B4_qFJxwE43FpRKmTcizn9xE4gyQzR7iJriH_WSdv7PgrexGGAhHhsGpscZa8SH_qjt0z84tspBh9UZdaQiiM655xl5nYilYijuNFLU5ctgA5UqoDG-yQnKzdu40YNWB8oief-0n4SY_CsI5ZrvtQHd97t_Zf1Jytpde8Gcx1_zdC8Fhz3OKM_JWL5zg6"
"Lake Minnehaha - 130m SE of 561","Lake",2021-02-11,"DEP_CEN_ROC","Yes","Dominant taxon: Dolichospermum circinale","Yes","No",,,,,,,,,,,"Anatoxin-a: not detected; Cylindrospermopsin: not detected",,2021-02-11 18:03:00,28.5424833,-81.7836116,0.3,"https://services1.arcgis.com/nRHtyn3uE1kyzoYc/arcgis/rest/services/service_5c5ebb2c750c442da2b09ddcc97bb150/FeatureServer/0/1684/attachments/1689?token=5-9B4_qFJxwE43FpRKmTcizn9xE4gyQzR7iJriH_WSdv7PgrexGGAhHhsGpscZa8SH_qjt0z84tspBh9UZdaQiiM655xl5nYilYijuNFLU5ctgA5UqoDG-yQnKzdu40YNWB8oief-0n4SY_CsI5ZrvtQHd97t_Zf1Jytpde8Gcx1_zdC8Fhz3OKM_JWL5zg6"
"Lake Minnehaha - 75m S of Lakeshore Dr.","Lake",2021-02-11,"DEP_CEN_ROC","Yes","Dominant taxon: Dolichospermum circinale","Yes","No",,,,,,,,,,,"Anatoxin-a: not detected; Cylindrospermopsin: not detected",,2021-02-11 17:38:00,28.5444531,-81.7589235,0.3,"https://services1.arcgis.com/nRHtyn3uE1kyzoYc/arcgis/rest/services/service_5c5ebb2c750c442da2b09ddcc97bb150/FeatureServer/0/1683/attachments/1688?token=5-9B4_qFJxwE43FpRKmTcizn9xE4gyQzR7iJriH_WSdv7PgrexGGAhHhsGpscZa8SH_qjt0z84tspBh9UZdaQiiM655xl5nYilYijuNFLU5ctgA5UqoDG-yQnKzdu40YNWB8oief-0n4SY_CsI5ZrvtQHd97t_Zf1Jytpde8Gcx1_zdC8Fhz3OKM_JWL5zg6"
"Lake Sloat - near park","Orange",2021-02-11,"DEP_CEN_ROC","Yes","Dominant taxon: Microcystis aeruginosa","Yes","No",,,,,,,,,,,"Anatoxin-a: not detected; Cylindrospermopsin: not detected","Signs of algal bloom are present but possibly worse in previous days. ",2021-02-11 17:08:00,28.44589,-81.50712,0.304,"https://services1.arcgis.com/nRHtyn3uE1kyzoYc/arcgis/rest/services/service_5c5ebb2c750c442da2b09ddcc97bb150/FeatureServer/0/1685/attachments/1691?token=5-9B4_qFJxwE43FpRKmTcizn9xE4gyQzR7iJriH_WSdv7PgrexGGAhHhsGpscZa8SH_qjt0z84tspBh9UZdaQiiM655xl5nYilYijuNFLU5ctgA5UqoDG-yQnKzdu40YNWB8oief-0n4SY_CsI5ZrvtQHd97t_Zf1Jytpde8Gcx1_zdC8Fhz3OKM_JWL5zg6"
"Indian River - Eau Gallie Pier","Brevard",2021-02-10,"STATE_AGENCY","No","mixed algae; no dominant species in sample","No",,,,,,,,,,,,"not collected","Site visited by and dominant algal taxon IDed by FWC/FWRI.",2021-02-10 19:40:00,28.1325,-80.6242,0.2,
"Banana River - 520 Slick Boat Ramp","Brevard",2021-02-10,"STATE_AGENCY","No","mixed algae; no dominant species in sample","No",,,,,,,,,,,,"not collected","Site visited by and dominant algal taxon IDed by FWC/FWRI.",2021-02-10 18:55:00,28.3571,-80.6284,0.2,
"Indian River - Parrish Park","Brevard",2021-02-10,"STATE_AGENCY","Yes","Dominant taxa: Aureoumbra-like nanoplankton.","No",,,,,,,,,,,,"not collected","Site visited by and dominant algal taxon IDed by FWC/FWRI.",2021-02-10 16:45:00,28.62331667,-80.79545278,0.2,
"SJR - Shands Bridge (20030157)","StJohns",2021-02-08,"SJRWMD","No","mixed algae; no dominant species in sample","No","No",,,,,,,,,,,"Anatoxin-a: not detected; Cylindrospermopsin: not detected; Saxitoxin: not detected",,2021-02-08 20:00:00,29.9816333333333,-81.6221388888889,0.36,
"Doctors Lake - Center (DTL)","Clay",2021-02-08,"SJRWMD","No","mixed algae; no dominant species in sample","No","No",,,,,,,,,,,"Anatoxin-a: not detected; Cylindrospermopsin: not detected; Saxitoxin: not detected",,2021-02-08 18:04:00,30.1380555555556,-81.7272222222222,0.36,
"SJR - Mandarin Point (MP72)","Duval",2021-02-08,"SJRWMD","No","mixed algae; no dominant species in sample","No","No",,,,,,,,,,,"Anatoxin-a: not detected; Cylindrospermopsin: not detected; Saxitoxin: not detected",,2021-02-08 17:44:00,30.1566666666667,-81.6838888888889,0.36,
"Lake Jesup - Center (OW-CTR)","Seminole",2021-02-04,"SJRWMD","Yes","Co-dominant taxa were: Cylindrospermopsis raciborskii and Planktolyngbya limnetica","Yes","Yes",,,0.32,"I (I qualifier indicates that the reported value is between the laboratory method detection limit and the laboratory practical quantitation limit.)",,,,,,,"Anatoxin-a: not detected; Cylindrospermopsin: 0.32 I (I qualifier indicates that the reported value is between the laboratory method detection limit and the laboratory practical quantitation limit.); Saxitoxin: not detected",,2021-02-04 15:35:00,28.72678,-81.21107,0.3,
"Indian River - Eau Gallie Pier","Brevard",2021-02-02,"STATE_AGENCY","No","mixed algae; no dominant species in sample","No",,,,,,,,,,,,"not collected","Site visited by and dominant algal taxon IDed by FWC/FWRI.",2021-02-02 20:50:00,28.1325,-80.6242,0.2,
"Banana River - 520 Slick Boat Ramp","Brevard",2021-02-02,"STATE_AGENCY","No","mixed algae; no dominant species in sample","No",,,,,,,,,,,,"not collected","Site visited by and dominant algal taxon IDed by FWC/FWRI.",2021-02-02 18:00:00,28.3571,-80.6284,0.2,
"Indian River - Parrish Park","Brevard",2021-02-02,"STATE_AGENCY","Yes","mixed algae; the dominant taxa were an assemblage of nanoplankton and picoplankton","No",,,,,,,,,,,,"not collected","Slight bloomy conditions. Site visited by and dominant algal taxon IDed by FWC/FWRI.",2021-02-02 16:40:00,28.62331667,-80.79545278,0.2,
"Lake Rowena - near lift station","Orange",2021-02-02,"DEP_CEN_ROC","Yes","Dominant taxon: Microcystis aeruginosa","Yes","No",,,,,,,,,,,"Anatoxin-a: not detected; Cylindrospermopsin: not detected","Water slightly turbid, some accumulated algae caught in between vegetation. ",2021-02-02 16:33:00,28.5721781853101,-81.3634280597132,0.3,"https://services1.arcgis.com/nRHtyn3uE1kyzoYc/arcgis/rest/services/service_5c5ebb2c750c442da2b09ddcc97bb150/FeatureServer/0/1664/attachments/1674?token=5-9B4_qFJxwE43FpRKmTcizn9xE4gyQzR7iJriH_WSdv7PgrexGGAhHhsGpscZa8SH_qjt0z84tspBh9UZdaQiiM655xl5nYilYijuNFLU5ctgA5UqoDG-yQnKzdu40YNWB8oief-0n4SY_CsI5ZrvtQHd97t_Zf1Jytpde8Gcx1_zdC8Fhz3OKM_JWL5zg6"
"Lake Estelle - near OMA","Orange",2021-02-02,"DEP_CEN_ROC","Yes","Co-dominant taxa were: Microcystis aeruginosa and Cuspidothrix issatschenkoi","Yes","No",,,,,,,,,,,"Anatoxin-a: not detected; Cylindrospermopsin: not detected",,2021-02-02 16:06:00,28.5736453556418,-81.3651251563722,0.3,"https://services1.arcgis.com/nRHtyn3uE1kyzoYc/arcgis/rest/services/service_5c5ebb2c750c442da2b09ddcc97bb150/FeatureServer/0/1663/attachments/1671?token=5-9B4_qFJxwE43FpRKmTcizn9xE4gyQzR7iJriH_WSdv7PgrexGGAhHhsGpscZa8SH_qjt0z84tspBh9UZdaQiiM655xl5nYilYijuNFLU5ctgA5UqoDG-yQnKzdu40YNWB8oief-0n4SY_CsI5ZrvtQHd97t_Zf1Jytpde8Gcx1_zdC8Fhz3OKM_JWL5zg6"
"Lake Formosa - Asher Lane","Orange",2021-02-02,"DEP_CEN_ROC","Yes","Dominant taxon: Microcystis aeruginosa","Yes","No",,,,,,,,,,,"Anatoxin-a: not detected; Cylindrospermopsin: not detected",,2021-02-02 15:40:00,28.5673173057541,-81.3693565282562,0.3,"https://services1.arcgis.com/nRHtyn3uE1kyzoYc/arcgis/rest/services/service_5c5ebb2c750c442da2b09ddcc97bb150/FeatureServer/0/1662/attachments/1669?token=5-9B4_qFJxwE43FpRKmTcizn9xE4gyQzR7iJriH_WSdv7PgrexGGAhHhsGpscZa8SH_qjt0z84tspBh9UZdaQiiM655xl5nYilYijuNFLU5ctgA5UqoDG-yQnKzdu40YNWB8oief-0n4SY_CsI5ZrvtQHd97t_Zf1Jytpde8Gcx1_zdC8Fhz3OKM_JWL5zg6"
"Lake Highland - Northern Shore","Orange",2021-02-02,"DEP_CEN_ROC","No","Dominant taxon: Microcystis aeruginosa","Yes","No",,,,,,,,,,,"Anatoxin-a: not detected; Cylindrospermopsin: not detected","Collected at northern shore, no bloom observed. Some periphyton observed. ",2021-02-02 15:19:00,28.5610433069744,-81.3700169886499,0.15,"https://services1.arcgis.com/nRHtyn3uE1kyzoYc/arcgis/rest/services/service_5c5ebb2c750c442da2b09ddcc97bb150/FeatureServer/0/1661/attachments/1666?token=5-9B4_qFJxwE43FpRKmTcizn9xE4gyQzR7iJriH_WSdv7PgrexGGAhHhsGpscZa8SH_qjt0z84tspBh9UZdaQiiM655xl5nYilYijuNFLU5ctgA5UqoDG-yQnKzdu40YNWB8oief-0n4SY_CsI5ZrvtQHd97t_Zf1Jytpde8Gcx1_zdC8Fhz3OKM_JWL5zg6"
"Lake Willisara - Center","Orange",2021-01-28,"DEP_CEN_ROC","Yes","Co-dominant taxa were: Microcystis aeruginosa and Microcystis wesenbergii","Yes","Yes",0.46,"I (I qualifier indicates that the reported value is between the laboratory method detection limit and the laboratory practical quantitation limit.)",,,,,,,,,"Anatoxin-a: not detected; Cylindrospermopsin: not detected",,2021-01-28 18:58:00,28.5079299,-81.3613963,0.3,"https://services1.arcgis.com/nRHtyn3uE1kyzoYc/arcgis/rest/services/service_5c5ebb2c750c442da2b09ddcc97bb150/FeatureServer/0/1653/attachments/1660?token=5-9B4_qFJxwE43FpRKmTcizn9xE4gyQzR7iJriH_WSdv7PgrexGGAhHhsGpscZa8SH_qjt0z84tspBh9UZdaQiiM655xl5nYilYijuNFLU5ctgA5UqoDG-yQnKzdu40YNWB8oief-0n4SY_CsI5ZrvtQHd97t_Zf1Jytpde8Gcx1_zdC8Fhz3OKM_JWL5zg6"
"Lake Copeland - N of Center","Orange",2021-01-28,"DEP_CEN_ROC","Yes","Dominant taxon: Microcystis aeruginosa","Yes","Yes",0.3,"I (I qualifier indicates that the reported value is between the laboratory method detection limit and the laboratory practical quantitation limit.)",,,,,,,,,"Anatoxin-a: not detected; Cylindrospermopsin: not detected","Uniform throughout the lake except for N shore where wind had pushed it. ",2021-01-28 18:05:00,28.5284352,-81.3746277,0.33,"https://services1.arcgis.com/nRHtyn3uE1kyzoYc/arcgis/rest/services/service_5c5ebb2c750c442da2b09ddcc97bb150/FeatureServer/0/1652/attachments/1657?token=5-9B4_qFJxwE43FpRKmTcizn9xE4gyQzR7iJriH_WSdv7PgrexGGAhHhsGpscZa8SH_qjt0z84tspBh9UZdaQiiM655xl5nYilYijuNFLU5ctgA5UqoDG-yQnKzdu40YNWB8oief-0n4SY_CsI5ZrvtQHd97t_Zf1Jytpde8Gcx1_zdC8Fhz3OKM_JWL5zg6"
"Lake Sue - SW Lobe ","Orange",2021-01-28,"DEP_CEN_ROC","Yes","Dominant taxon: Microcystis aeruginosa","Yes","No",,,,,,,,,,,"Anatoxin-a: not detected; Cylindrospermopsin: not detected",,2021-01-28 15:50:00,28.574098,-81.355286,0.302,"https://services1.arcgis.com/nRHtyn3uE1kyzoYc/arcgis/rest/services/service_5c5ebb2c750c442da2b09ddcc97bb150/FeatureServer/0/1651/attachments/1656?token=5-9B4_qFJxwE43FpRKmTcizn9xE4gyQzR7iJriH_WSdv7PgrexGGAhHhsGpscZa8SH_qjt0z84tspBh9UZdaQiiM655xl5nYilYijuNFLU5ctgA5UqoDG-yQnKzdu40YNWB8oief-0n4SY_CsI5ZrvtQHd97t_Zf1Jytpde8Gcx1_zdC8Fhz3OKM_JWL5zg6"
"Lake Ivanhoe - 200ft from boat ramp","Orange",2021-01-28,"DEP_CEN_ROC","Yes","Dominant taxon: Microcystis aeruginosa","Yes","Yes",0.3,"I (I qualifier indicates that the reported value is between the laboratory method detection limit and the laboratory practical quantitation limit.)",,,,,,,,,"Anatoxin-a: not detected; Cylindrospermopsin: not detected",,2021-01-28 15:33:00,28.5647485,-81.373874,0.302,"https://services1.arcgis.com/nRHtyn3uE1kyzoYc/arcgis/rest/services/service_5c5ebb2c750c442da2b09ddcc97bb150/FeatureServer/0/1654/attachments/1663?token=5-9B4_qFJxwE43FpRKmTcizn9xE4gyQzR7iJriH_WSdv7PgrexGGAhHhsGpscZa8SH_qjt0z84tspBh9UZdaQiiM655xl5nYilYijuNFLU5ctgA5UqoDG-yQnKzdu40YNWB8oief-0n4SY_CsI5ZrvtQHd97t_Zf1Jytpde8Gcx1_zdC8Fhz3OKM_JWL5zg6"
"Indian River - Eau Gallie Pier","Brevard",2021-01-27,"STATE_AGENCY","No","mixed algae; no dominant species in sample","No",,,,,,,,,,,,"not collected","Site visited by and dominant algal taxon IDed by FWC/FWRI.",2021-01-27 19:10:00,28.1325,-80.6242,0.2,
"Banana River - 520 Slick Boat Ramp","Brevard",2021-01-27,"STATE_AGENCY","No","mixed algae; no dominant species in sample","No",,,,,,,,,,,,"not collected","Site visited by and dominant algal taxon IDed by FWC/FWRI.",2021-01-27 18:25:00,28.3571,-80.6284,0.2,
"Indian River - Parrish Park","Brevard",2021-01-27,"STATE_AGENCY","No","mixed algae; the dominant taxa were an assemblage of nanoplankton and picoplankton","No",,,,,,,,,,,,"not collected","Site visited by and dominant algal taxon IDed by FWC/FWRI.",2021-01-27 16:40:00,28.62331667,-80.79545278,0.2,
"Cypress Lake Boat Ramp at NW Shore","Orange",2021-01-27,"County","Yes","Co-dominant taxa were: Microcystis aeruginosa and Microcystis sp.","Yes","No",,,,,,,,,,,"Anatoxin-a: not detected; Cylindrospermopsin: not detected",,2021-01-27 16:25:00,28.48158,-81.569041,0.5,"https://services1.arcgis.com/nRHtyn3uE1kyzoYc/arcgis/rest/services/service_5c5ebb2c750c442da2b09ddcc97bb150/FeatureServer/0/1650/attachments/1653?token=5-9B4_qFJxwE43FpRKmTcizn9xE4gyQzR7iJriH_WSdv7PgrexGGAhHhsGpscZa8SH_qjt0z84tspBh9UZdaQiiM655xl5nYilYijuNFLU5ctgA5UqoDG-yQnKzdu40YNWB8oief-0n4SY_CsI5ZrvtQHd97t_Zf1Jytpde8Gcx1_zdC8Fhz3OKM_JWL5zg6"
"Lake Monroe-Center (LMAC)","Volusia",2021-01-27,"SJRWMD","No","mixed algae; no dominant species in sample","No","No",,,,,,,,,,,"Anatoxin-a: not detected; Cylindrospermopsin: not detected; Saxitoxin: not detected","No bloom observed.",2021-01-27 15:43:14.214,28.83505,-81.2709,0.3,
"Stick Marsh-North (STKM)","IndianRiver",2021-01-27,"SJRWMD","No","mixed algae; no dominant species in sample","No","No",,,,,,,,,,,"Anatoxin-a: not detected; Cylindrospermopsin: not detected; Saxitoxin: not detected","No bloom visible.",2021-01-27 15:17:38.911,27.8106,-80.7249,0.3,
"Blue Cypress Lake-Center (BCL)","IndianRiver",2021-01-27,"SJRWMD","No","mixed algae; no dominant species in sample","No","No",,,,,,,,,,,"Anatoxin-a: not detected; Cylindrospermopsin: not detected; Saxitoxin: not detected","No bloom visible.",2021-01-27 14:41:18.77,27.7266,-80.7536,0.3,
"Lake Washington - Center (LWC)","Brevard",2021-01-20,"SJRWMD","No","mixed algae; no dominant species in sample","No","No",,,,,,,,,,,"Anatoxin-a: not detected; Cylindrospermopsin: not detected; Saxitoxin: not detected",,2021-01-20 13:50:00,28.1424388,-80.746111,0.3,"https://services1.arcgis.com/nRHtyn3uE1kyzoYc/arcgis/rest/services/service_5c5ebb2c750c442da2b09ddcc97bb150/FeatureServer/0/1649/attachments/1652?token=5-9B4_qFJxwE43FpRKmTcizn9xE4gyQzR7iJriH_WSdv7PgrexGGAhHhsGpscZa8SH_qjt0z84tspBh9UZdaQiiM655xl5nYilYijuNFLU5ctgA5UqoDG-yQnKzdu40YNWB8oief-0n4SY_CsI5ZrvtQHd97t_Zf1Jytpde8Gcx1_zdC8Fhz3OKM_JWL5zg6"
"Unnamed Canal - N Cory Dr","Volusia",2021-01-19,"DEP_CEN_ROC","Yes","mixed algae; no dominant species in sample","No","No",,,,,,,,,,,"Anatoxin-a: not detected; Cylindrospermopsin: not detected","Culvert running underneath roadway seems to be clogged/cut off preventing any good flow from body of water to main channel. ",2021-01-19 17:20:00,28.94608,-80.87484,0.3,"https://services1.arcgis.com/nRHtyn3uE1kyzoYc/arcgis/rest/services/service_5c5ebb2c750c442da2b09ddcc97bb150/FeatureServer/0/1645/attachments/1650?token=5-9B4_qFJxwE43FpRKmTcizn9xE4gyQzR7iJriH_WSdv7PgrexGGAhHhsGpscZa8SH_qjt0z84tspBh9UZdaQiiM655xl5nYilYijuNFLU5ctgA5UqoDG-yQnKzdu40YNWB8oief-0n4SY_CsI5ZrvtQHd97t_Zf1Jytpde8Gcx1_zdC8Fhz3OKM_JWL5zg6"
"SJR at Shands Bridge (20030157)","StJohns",2021-01-14,"SJRWMD","No","mixed algae; no dominant species in sample","No","No",,,,,,,,,,,"Anatoxin-a: not detected; Cylindrospermopsin: not detected; Saxitoxin: not detected",,2021-01-14 17:29:00,29.9816305555556,-81.6193611111111,0.3,
"IRL - 528 Bridge N","Brevard",2021-01-14,"DEP_CEN_ROC","No","mixed algae; no dominant species in sample","No","No",,,,,,,,,,,"Anatoxin-a: not detected; Cylindrospermopsin: not detected; Saxitoxin: not detected",,2021-01-14 17:20:00,28.40201,-80.74357,0.3,"https://services1.arcgis.com/nRHtyn3uE1kyzoYc/arcgis/rest/services/service_5c5ebb2c750c442da2b09ddcc97bb150/FeatureServer/0/1636/attachments/1636?token=5-9B4_qFJxwE43FpRKmTcizn9xE4gyQzR7iJriH_WSdv7PgrexGGAhHhsGpscZa8SH_qjt0z84tspBh9UZdaQiiM655xl5nYilYijuNFLU5ctgA5UqoDG-yQnKzdu40YNWB8oief-0n4SY_CsI5ZrvtQHd97t_Zf1Jytpde8Gcx1_zdC8Fhz3OKM_JWL5zg6"
"IRL - 528 Bridge S","Brevard",2021-01-14,"DEP_CEN_ROC","No","mixed algae; no dominant species in sample","No","No",,,,,,,,,,,"Anatoxin-a: not detected; Cylindrospermopsin: not detected; Saxitoxin: not detected",,2021-01-14 17:03:00,28.400095,-80.744588,0.15,"https://services1.arcgis.com/nRHtyn3uE1kyzoYc/arcgis/rest/services/service_5c5ebb2c750c442da2b09ddcc97bb150/FeatureServer/0/1635/attachments/1635?token=5-9B4_qFJxwE43FpRKmTcizn9xE4gyQzR7iJriH_WSdv7PgrexGGAhHhsGpscZa8SH_qjt0z84tspBh9UZdaQiiM655xl5nYilYijuNFLU5ctgA5UqoDG-yQnKzdu40YNWB8oief-0n4SY_CsI5ZrvtQHd97t_Zf1Jytpde8Gcx1_zdC8Fhz3OKM_JWL5zg6"
"Doctors Lake - Center (DTL)","Clay",2021-01-14,"SJRWMD","No","mixed algae; no dominant species in sample","No","No",,,,,,,,,,,"Anatoxin-a: not detected; Cylindrospermopsin: not detected; Saxitoxin: not detected",,2021-01-14 16:50:00,30.1380555555556,-81.7272222222222,0.3,
"IRL - N of Magnolia Point","Brevard",2021-01-14,"DEP_CEN_ROC","No","mixed algae; no dominant species in sample","No","No",,,,,,,,,,,"Anatoxin-a: not detected; Cylindrospermopsin: not detected; Saxitoxin: not detected",,2021-01-14 16:43:00,28.38228,-80.73681,0.15,
"SJR - Mandarin Point (MP72)","Duval",2021-01-14,"SJRWMD","No","mixed algae; no dominant species in sample","No","No",,,,,,,,,,,"Anatoxin-a: not detected; Cylindrospermopsin: not detected; Saxitoxin: not detected",,2021-01-14 16:33:00,30.1566666666667,-81.6838888888889,0.3,
"IRL - Cocoa Village Marina","Brevard",2021-01-14,"DEP_CEN_ROC","No","mixed algae; no dominant species in sample","No","No",,,,,,,,,,,"Anatoxin-a: not detected; Cylindrospermopsin: not detected; Saxitoxin: not detected",,2021-01-14 16:22:00,28.35676,-80.724333,0.3,"https://services1.arcgis.com/nRHtyn3uE1kyzoYc/arcgis/rest/services/service_5c5ebb2c750c442da2b09ddcc97bb150/FeatureServer/0/1633/attachments/1634?token=5-9B4_qFJxwE43FpRKmTcizn9xE4gyQzR7iJriH_WSdv7PgrexGGAhHhsGpscZa8SH_qjt0z84tspBh9UZdaQiiM655xl5nYilYijuNFLU5ctgA5UqoDG-yQnKzdu40YNWB8oief-0n4SY_CsI5ZrvtQHd97t_Zf1Jytpde8Gcx1_zdC8Fhz3OKM_JWL5zg6"
"Lake Mabel - 25m from NW shore","Orange",2021-01-13,"DEP_CEN_ROC","Yes","Dominant taxon: Microcystis aeruginosa","Yes","No",,,,,,,,,,,"Anatoxin-a: not detected; Cylindrospermopsin: not detected","light remnants of HAB still visible ",2021-01-13 16:25:00,28.437302,-81.549844,0.3,"https://services1.arcgis.com/nRHtyn3uE1kyzoYc/arcgis/rest/services/service_5c5ebb2c750c442da2b09ddcc97bb150/FeatureServer/0/1632/attachments/1631?token=5-9B4_qFJxwE43FpRKmTcizn9xE4gyQzR7iJriH_WSdv7PgrexGGAhHhsGpscZa8SH_qjt0z84tspBh9UZdaQiiM655xl5nYilYijuNFLU5ctgA5UqoDG-yQnKzdu40YNWB8oief-0n4SY_CsI5ZrvtQHd97t_Zf1Jytpde8Gcx1_zdC8Fhz3OKM_JWL5zg6"
"Lake George - Center (LEO)","Volusia",2021-01-13,"SJRWMD","No","mixed algae; no dominant species in sample","No","No",,,,,,,,,,,"Anatoxin-a: not detected; Cylindrospermopsin: not detected; Saxitoxin: not detected",,2021-01-13 15:39:00,29.3083055555556,-81.6063888888889,0.3,
"Lake Rowena - near NE corner","Orange",2021-01-12,"DEP_CEN_ROC","Yes","Dominant taxon: Microcystis aeruginosa","Yes","Yes",0.65,"I (I qualifier indicates that the reported value is between the laboratory method detection limit and the laboratory practical quantitation limit.)",,,,,,,,,"Anatoxin-a: not detected; Cylindrospermopsin: not detected",,2021-01-12 17:51:00,28.57242,-81.358247,0.3,
"Lake Estelle - near OMA","Orange",2021-01-12,"DEP_CEN_ROC","Yes","Co-dominant taxa were: Microcystis aeruginosa and Cuspidothrix issatschenkoi","Yes","Yes",0.35,"I (I qualifier indicates that the reported value is between the laboratory method detection limit and the laboratory practical quantitation limit.)",,,,,,,,,"Anatoxin-a: not detected; Cylindrospermopsin: not detected",,2021-01-12 17:08:00,28.57377,-81.36517,0.311,"https://services1.arcgis.com/nRHtyn3uE1kyzoYc/arcgis/rest/services/service_5c5ebb2c750c442da2b09ddcc97bb150/FeatureServer/0/1630/attachments/1630?token=5-9B4_qFJxwE43FpRKmTcizn9xE4gyQzR7iJriH_WSdv7PgrexGGAhHhsGpscZa8SH_qjt0z84tspBh9UZdaQiiM655xl5nYilYijuNFLU5ctgA5UqoDG-yQnKzdu40YNWB8oief-0n4SY_CsI5ZrvtQHd97t_Zf1Jytpde8Gcx1_zdC8Fhz3OKM_JWL5zg6"
"Lake Highland - near west shore ","Orange",2021-01-07,"DEP_CEN_ROC","Yes","Dominant taxon: Microcystis aeruginosa","Yes","Yes",0.75,"I (I qualifier indicates that the reported value is between the laboratory method detection limit and the laboratory practical quantitation limit.)",,,,,,,,,"Anatoxin-a: not detected; Cylindrospermopsin: not detected",,2021-01-07 17:47:00,28.5600128,-81.3731756,0.3,"https://services1.arcgis.com/nRHtyn3uE1kyzoYc/arcgis/rest/services/service_5c5ebb2c750c442da2b09ddcc97bb150/FeatureServer/0/1628/attachments/1628?token=5-9B4_qFJxwE43FpRKmTcizn9xE4gyQzR7iJriH_WSdv7PgrexGGAhHhsGpscZa8SH_qjt0z84tspBh9UZdaQiiM655xl5nYilYijuNFLU5ctgA5UqoDG-yQnKzdu40YNWB8oief-0n4SY_CsI5ZrvtQHd97t_Zf1Jytpde8Gcx1_zdC8Fhz3OKM_JWL5zg6"
"Lake Formosa - Asher Lane","Orange",2021-01-07,"DEP_CEN_ROC","Yes","Dominant taxon: Microcystis aeruginosa","Yes","Yes",1.17,"I (I qualifier indicates that the reported value is between the laboratory method detection limit and the laboratory practical quantitation limit.)",,,,,,,,,"Anatoxin-a: not detected; Cylindrospermopsin: not detected",,2021-01-07 15:56:00,28.5677157,-81.3692559,0.3,"https://services1.arcgis.com/nRHtyn3uE1kyzoYc/arcgis/rest/services/service_5c5ebb2c750c442da2b09ddcc97bb150/FeatureServer/0/1627/attachments/1626?token=5-9B4_qFJxwE43FpRKmTcizn9xE4gyQzR7iJriH_WSdv7PgrexGGAhHhsGpscZa8SH_qjt0z84tspBh9UZdaQiiM655xl5nYilYijuNFLU5ctgA5UqoDG-yQnKzdu40YNWB8oief-0n4SY_CsI5ZrvtQHd97t_Zf1Jytpde8Gcx1_zdC8Fhz3OKM_JWL5zg6"
"Crescent Lake-mouth of Dunns Creek (CRESLM)","Putnam",2021-01-05,"SJRWMD","No","mixed algae; no dominant species in sample","No","No",,,,,,,,,,,"Anatoxin-a: not detected; Cylindrospermopsin: not detected; Saxitoxin: not detected",,2021-01-05 15:25:00,29.5295555555556,-81.5537222222222,0.3,
"Indian River - Eau Gallie Pier","Brevard",2020-12-29,"STATE_AGENCY","Yes","mixed algae; no dominant species in sample","No",,,,,,,,,,,,"not collected","Site visited by and dominant algal taxon IDed by FWC/FWRI.",2020-12-29 19:45:00,28.1325,-80.6242,0.2,
"Banana River - 520 Slick Boat Ramp","Brevard",2020-12-29,"STATE_AGENCY","No","mixed algae; no dominant species in sample","No",,,,,,,,,,,,"not collected","Site visited by and dominant algal taxon IDed by FWC/FWRI.",2020-12-29 19:00:00,28.3571,-80.6284,0.2,
"Indian River - Parrish Park","Brevard",2020-12-29,"STATE_AGENCY","No","mixed algae; no dominant species in sample","No",,,,,,,,,,,,"not collected","Site visited by and dominant algal taxon IDed by FWC/FWRI.",2020-12-29 17:35:00,28.62331667,-80.79545278,0.2,
"IRL @ 528 Bridge N","Brevard",2020-12-28,"DEP_CEN_ROC","No","mixed algae; no dominant species in sample","No","No",,,,,,,,,,,"Anatoxin-a: not detected; Cylindrospermopsin: not detected; Saxitoxin: not detected",,2020-12-28 18:01:00,28.4020188066009,-80.7434851935313,0.2,"https://services1.arcgis.com/nRHtyn3uE1kyzoYc/arcgis/rest/services/service_5c5ebb2c750c442da2b09ddcc97bb150/FeatureServer/0/1608/attachments/1620?token=5-9B4_qFJxwE43FpRKmTcizn9xE4gyQzR7iJriH_WSdv7PgrexGGAhHhsGpscZa8SH_qjt0z84tspBh9UZdaQiiM655xl5nYilYijuNFLU5ctgA5UqoDG-yQnKzdu40YNWB8oief-0n4SY_CsI5ZrvtQHd97t_Zf1Jytpde8Gcx1_zdC8Fhz3OKM_JWL5zg6"
"IRL @ N of Magnolia Point","Brevard",2020-12-28,"DEP_CEN_ROC","No","mixed algae; no dominant species in sample","No","No",,,,,,,,,,,"Anatoxin-a: not detected; Cylindrospermopsin: not detected; Saxitoxin: not detected",,2020-12-28 17:32:00,28.38228,-80.73681,0.15,"https://services1.arcgis.com/nRHtyn3uE1kyzoYc/arcgis/rest/services/service_5c5ebb2c750c442da2b09ddcc97bb150/FeatureServer/0/1607/attachments/1617?token=5-9B4_qFJxwE43FpRKmTcizn9xE4gyQzR7iJriH_WSdv7PgrexGGAhHhsGpscZa8SH_qjt0z84tspBh9UZdaQiiM655xl5nYilYijuNFLU5ctgA5UqoDG-yQnKzdu40YNWB8oief-0n4SY_CsI5ZrvtQHd97t_Zf1Jytpde8Gcx1_zdC8Fhz3OKM_JWL5zg6"
"IRL @ Cocoa Village Marina","Brevard",2020-12-28,"DEP_CEN_ROC","No","mixed algae; no dominant species in sample","No","No",,,,,,,,,,,"Anatoxin-a: not detected; Cylindrospermopsin: not detected; Saxitoxin: not detected",,2020-12-28 16:58:00,28.3567693427606,-80.7243603045809,0.3,"https://services1.arcgis.com/nRHtyn3uE1kyzoYc/arcgis/rest/services/service_5c5ebb2c750c442da2b09ddcc97bb150/FeatureServer/0/1606/attachments/1614?token=5-9B4_qFJxwE43FpRKmTcizn9xE4gyQzR7iJriH_WSdv7PgrexGGAhHhsGpscZa8SH_qjt0z84tspBh9UZdaQiiM655xl5nYilYijuNFLU5ctgA5UqoDG-yQnKzdu40YNWB8oief-0n4SY_CsI5ZrvtQHd97t_Zf1Jytpde8Gcx1_zdC8Fhz3OKM_JWL5zg6"
"Indian River - Eau Gallie Pier","Brevard",2020-12-21,"STATE_AGENCY","No","mixed algae; no dominant species in sample","No",,,,,,,,,,,,"not collected","Site visited by and dominant algal taxon IDed by FWC/FWRI.",2020-12-21 18:50:00,28.1325,-80.6242,0.2,
"Banana River - 520 Slick Boat Ramp","Brevard",2020-12-21,"STATE_AGENCY","No","mixed algae; no dominant species in sample","No",,,,,,,,,,,,"not collected","Site visited by and dominant algal taxon IDed by FWC/FWRI.",2020-12-21 18:00:00,28.3571,-80.6284,0.2,
"Blue Cypress Lake-Center (BCL)","IndianRiver",2020-12-21,"SJRWMD","No","mixed algae; no dominant species in sample","No","No",,,,,,,,,,,"Anatoxin-a: not detected; Cylindrospermopsin: not detected; Saxitoxin: not detected",,2020-12-21 16:41:00,27.726572,-80.7535556,0.3,"https://services1.arcgis.com/nRHtyn3uE1kyzoYc/arcgis/rest/services/service_5c5ebb2c750c442da2b09ddcc97bb150/FeatureServer/0/1604/attachments/1610?token=5-9B4_qFJxwE43FpRKmTcizn9xE4gyQzR7iJriH_WSdv7PgrexGGAhHhsGpscZa8SH_qjt0z84tspBh9UZdaQiiM655xl5nYilYijuNFLU5ctgA5UqoDG-yQnKzdu40YNWB8oief-0n4SY_CsI5ZrvtQHd97t_Zf1Jytpde8Gcx1_zdC8Fhz3OKM_JWL5zg6"
"Indian River - Parrish Park","Brevard",2020-12-21,"STATE_AGENCY","No","mixed algae; no dominant species in sample","No",,,,,,,,,,,,"not collected","Site visited by and dominant algal taxon IDed by FWC/FWRI.",2020-12-21 16:35:00,28.62331667,-80.79545278,0.2,
"Stick Marsh-North (STKM)","IndianRiver",2020-12-21,"SJRWMD","No","mixed algae; no dominant species in sample","No","Yes",0.37,"I (I qualifier indicates that the reported value is between the laboratory method detection limit and the laboratory practical quantitation limit.)",,,,,,,,,"Anatoxin-a: not detected; Cylindrospermopsin: not detected; Saxitoxin: not detected",,2020-12-21 14:48:00,27.81065,-80.724854,0.3,"https://services1.arcgis.com/nRHtyn3uE1kyzoYc/arcgis/rest/services/service_5c5ebb2c750c442da2b09ddcc97bb150/FeatureServer/0/1605/attachments/1612?token=5-9B4_qFJxwE43FpRKmTcizn9xE4gyQzR7iJriH_WSdv7PgrexGGAhHhsGpscZa8SH_qjt0z84tspBh9UZdaQiiM655xl5nYilYijuNFLU5ctgA5UqoDG-yQnKzdu40YNWB8oief-0n4SY_CsI5ZrvtQHd97t_Zf1Jytpde8Gcx1_zdC8Fhz3OKM_JWL5zg6"
"Lake Kissimmee - S65 (lakeside)","Osceola",2020-12-21,"SFWMD","No","Co-dominant taxa were: Microcystis aeruginosa and Microcystis wesenbergii","Yes","Yes",0.43,"I (I qualifier indicates that the reported value is between the laboratory method detection limit and the laboratory practical quantitation limit.)",,,,,,,,,"Anatoxin-a: not detected; Cylindrospermopsin: not detected","No Visible BGA",2020-12-21 14:41:00,27.80346,-81.19834,0.3,
"SJR at Shands Bridge (20030157)","StJohns",2020-12-17,"SJRWMD","No","mixed algae; no dominant species in sample","No","No",,,,,,,,,,,"Anatoxin-a: not detected; Cylindrospermopsin: not detected; Saxitoxin: not detected",,2020-12-17 18:02:00,29.98163056,-81.62213889,0.3,
"Cypress Lake Boat Ramp at NW Shore","Orange",2020-12-17,"County","No","Dominant taxon: Microcystis aeruginosa","Yes","Yes",0.28,"I (I qualifier indicates that the reported value is between the laboratory method detection limit and the laboratory practical quantitation limit.)",,,,,,,,,"Anatoxin-a: not detected; Cylindrospermopsin: not detected",,2020-12-17 17:30:00,28.4817,-81.5691,0.3,"https://services1.arcgis.com/nRHtyn3uE1kyzoYc/arcgis/rest/services/service_5c5ebb2c750c442da2b09ddcc97bb150/FeatureServer/0/1596/attachments/1608?token=5-9B4_qFJxwE43FpRKmTcizn9xE4gyQzR7iJriH_WSdv7PgrexGGAhHhsGpscZa8SH_qjt0z84tspBh9UZdaQiiM655xl5nYilYijuNFLU5ctgA5UqoDG-yQnKzdu40YNWB8oief-0n4SY_CsI5ZrvtQHd97t_Zf1Jytpde8Gcx1_zdC8Fhz3OKM_JWL5zg6"
"Lake Formosa @ Asher Lane","Orange",2020-12-17,"DEP_CEN_ROC","Yes","Dominant taxon: Microcystis aeruginosa","Yes","Yes",0.46,"I (I qualifier indicates that the reported value is between the laboratory method detection limit and the laboratory practical quantitation limit.)",,,,,,,,,"Anatoxin-a: not detected; Cylindrospermopsin: not detected",,2020-12-17 17:14:00,28.5677157,-81.3692559,0.3,"https://services1.arcgis.com/nRHtyn3uE1kyzoYc/arcgis/rest/services/service_5c5ebb2c750c442da2b09ddcc97bb150/FeatureServer/0/1595/attachments/1606?token=5-9B4_qFJxwE43FpRKmTcizn9xE4gyQzR7iJriH_WSdv7PgrexGGAhHhsGpscZa8SH_qjt0z84tspBh9UZdaQiiM655xl5nYilYijuNFLU5ctgA5UqoDG-yQnKzdu40YNWB8oief-0n4SY_CsI5ZrvtQHd97t_Zf1Jytpde8Gcx1_zdC8Fhz3OKM_JWL5zg6"
"Doctors Lake-Center (DTL)","Clay",2020-12-17,"SJRWMD","No","mixed algae; no dominant species in sample","No","Yes",0.29,"I (I qualifier indicates that the reported value is between the laboratory method detection limit and the laboratory practical quantitation limit.)",,,,,,,,,"Anatoxin-a: not detected; Cylindrospermopsin: not detected; Saxitoxin: not detected",,2020-12-17 15:42:00,30.13805556,-81.72722222,0.3,
"SJR at Mandarin Point (MP72)","Duval",2020-12-17,"SJRWMD","No","mixed algae; no dominant species in sample","No","No",,,,,,,,,,,"Anatoxin-a: not detected; Cylindrospermopsin: not detected; Saxitoxin: not detected",,2020-12-17 15:23:00,30.15666667,-81.68388889,0.3,
"IRL @ 528 Bridge N","Brevard",2020-12-16,"DEP_CEN_ROC","No","mixed algae; no dominant species in sample","No","Yes",0.31,"I (I qualifier indicates that the reported value is between the laboratory method detection limit and the laboratory practical quantitation limit.)",,,,,,,,,"Anatoxin-a: not detected; Cylindrospermopsin: not detected; Saxitoxin: not detected",,2020-12-16 16:28:00,28.40201,-80.74357,0.3,"https://services1.arcgis.com/nRHtyn3uE1kyzoYc/arcgis/rest/services/service_5c5ebb2c750c442da2b09ddcc97bb150/FeatureServer/0/1593/attachments/1602?token=5-9B4_qFJxwE43FpRKmTcizn9xE4gyQzR7iJriH_WSdv7PgrexGGAhHhsGpscZa8SH_qjt0z84tspBh9UZdaQiiM655xl5nYilYijuNFLU5ctgA5UqoDG-yQnKzdu40YNWB8oief-0n4SY_CsI5ZrvtQHd97t_Zf1Jytpde8Gcx1_zdC8Fhz3OKM_JWL5zg6"
"IRL @ 528 Bridge S","Brevard",2020-12-16,"DEP_CEN_ROC","No","mixed algae; no dominant species in sample","No","No",,,,,,,,,,,"Anatoxin-a: not detected; Cylindrospermopsin: not detected; Saxitoxin: not detected","No new dead fish observed",2020-12-16 16:10:00,28.400095,-80.744588,0.3,"https://services1.arcgis.com/nRHtyn3uE1kyzoYc/arcgis/rest/services/service_5c5ebb2c750c442da2b09ddcc97bb150/FeatureServer/0/1594/attachments/1604?token=5-9B4_qFJxwE43FpRKmTcizn9xE4gyQzR7iJriH_WSdv7PgrexGGAhHhsGpscZa8SH_qjt0z84tspBh9UZdaQiiM655xl5nYilYijuNFLU5ctgA5UqoDG-yQnKzdu40YNWB8oief-0n4SY_CsI5ZrvtQHd97t_Zf1Jytpde8Gcx1_zdC8Fhz3OKM_JWL5zg6"
"IRL @ N of Magnolia Point","Brevard",2020-12-16,"DEP_CEN_ROC","No","mixed algae; no dominant species in sample","No","No",,,,,,,,,,,"Anatoxin-a: not detected; Cylindrospermopsin: not detected; Saxitoxin: not detected",,2020-12-16 15:45:00,28.38228,-80.73681,0.3,
"IRL @ Cocoa Village Marina","Brevard",2020-12-16,"DEP_CEN_ROC","No","mixed algae; no dominant species in sample","No","Yes",0.32,"I (I qualifier indicates that the reported value is between the laboratory method detection limit and the laboratory practical quantitation limit.)",,,,,,,,,"Anatoxin-a: not detected; Cylindrospermopsin: not detected; Saxitoxin: not detected",,2020-12-16 15:20:00,28.35676,-80.724333,0.3,"https://services1.arcgis.com/nRHtyn3uE1kyzoYc/arcgis/rest/services/service_5c5ebb2c750c442da2b09ddcc97bb150/FeatureServer/0/1591/attachments/1600?token=5-9B4_qFJxwE43FpRKmTcizn9xE4gyQzR7iJriH_WSdv7PgrexGGAhHhsGpscZa8SH_qjt0z84tspBh9UZdaQiiM655xl5nYilYijuNFLU5ctgA5UqoDG-yQnKzdu40YNWB8oief-0n4SY_CsI5ZrvtQHd97t_Zf1Jytpde8Gcx1_zdC8Fhz3OKM_JWL5zg6"
"S65_Lakeside","Osceola",2020-12-15,"DEP_SE_ROC","Yes","Dominant taxon: Microcystis aeruginosa","Yes","Yes",0.27,"I (I qualifier indicates that the reported value is between the laboratory method detection limit and the laboratory practical quantitation limit.)",,,,,,,,,"Anatoxin-a: not detected; Cylindrospermopsin: not detected",,2020-12-15 17:00:00,27.8037271688825,-81.1973493750521,0.3,"https://services1.arcgis.com/nRHtyn3uE1kyzoYc/arcgis/rest/services/service_5c5ebb2c750c442da2b09ddcc97bb150/FeatureServer/0/1572/attachments/1587?token=5-9B4_qFJxwE43FpRKmTcizn9xE4gyQzR7iJriH_WSdv7PgrexGGAhHhsGpscZa8SH_qjt0z84tspBh9UZdaQiiM655xl5nYilYijuNFLU5ctgA5UqoDG-yQnKzdu40YNWB8oief-0n4SY_CsI5ZrvtQHd97t_Zf1Jytpde8Gcx1_zdC8Fhz3OKM_JWL5zg6"
"Lake George-Center (LEO)","Volusia",2020-12-15,"SJRWMD","No","mixed algae; no dominant species in sample","No","No",,,,,,,,,,,"Anatoxin-a: not detected; Cylindrospermopsin: not detected; Saxitoxin: not detected",,2020-12-15 16:45:00,29.3083055555556,-81.6063888888889,0.3,
"SJR at CM 13 near San Mateo","Putnam",2020-12-15,"SJRWMD","No","mixed algae; no dominant species in sample","No","No",,,,,,,,,,,"Anatoxin-a: not detected; Cylindrospermopsin: not detected; Saxitoxin: not detected",,2020-12-15 15:41:00,29.5969872579572,-81.6074006567023,0.3,
"Lake Washington-Center (LWC)","Brevard",2020-12-15,"SJRWMD","No","mixed algae; no dominant species in sample","No","No",,,,,,,,,,,"Anatoxin-a: not detected; Cylindrospermopsin: not detected; Saxitoxin: not detected",,2020-12-15 13:25:00,28.1424388,-80.746111,0.3,
"Indian River - Eau Gallie Pier","Brevard",2020-12-10,"STATE_AGENCY","No","mixed algae; the dominant taxa were an assemblage of nanoplankton and picoplankton","No",,,,,,,,,,,,"not collected","Site visited by and dominant algal taxon IDed by FWC/FWRI.",2020-12-10 20:15:00,28.1325,-80.6242,0.2,
"Banana River - 520 Slick Boat Ramp","Brevard",2020-12-10,"STATE_AGENCY","Yes","mixed algae; the dominant taxa were an assemblage of nanoplankton and picoplankton","No",,," collected",,,,,,,,,"not collected","Site visited by and dominant algal taxon IDed by FWC/FWRI.",2020-12-10 19:20:00,28.3571,-80.6284,0.2,
"Indian River - Parrish Park","Brevard",2020-12-10,"STATE_AGENCY","No","mixed algae; the dominant taxa were an assemblage of nanoplankton and picoplankton","No",,,,,,,,,,,,"not collected","Site visited by and dominant algal taxon IDed by FWC/FWRI.",2020-12-10 17:35:00,28.62331667,-80.79545278,0.2,
"North Indian River Lagoon - SW of 406 Causeway (IRLI07)","Brevard",2020-12-10,"SJRWMD","Yes","not collected",,"No",,,,,,,,,,,"Anatoxin-a: not detected; Cylindrospermopsin: not detected; Saxitoxin: not detected",,2020-12-10 16:46:00,28.60347222,-80.79839444,0.3,
"Lake Anderson @ N shore","Orange",2020-12-10,"County","Yes","Co-dominant taxa were: Microcystis aeruginosa and Microcystis wesenbergii","Yes","Yes",2,,,,,,,,,,"Anatoxin-a: not detected; Cylindrospermopsin: not detected",,2020-12-10 16:20:00,28.5005,-81.3378,0.3,"https://services1.arcgis.com/nRHtyn3uE1kyzoYc/arcgis/rest/services/service_5c5ebb2c750c442da2b09ddcc97bb150/FeatureServer/0/1566/attachments/1577?token=5-9B4_qFJxwE43FpRKmTcizn9xE4gyQzR7iJriH_WSdv7PgrexGGAhHhsGpscZa8SH_qjt0z84tspBh9UZdaQiiM655xl5nYilYijuNFLU5ctgA5UqoDG-yQnKzdu40YNWB8oief-0n4SY_CsI5ZrvtQHd97t_Zf1Jytpde8Gcx1_zdC8Fhz3OKM_JWL5zg6"
"Banana River - between NASA and 528 Causeways (IRLB02)","Brevard",2020-12-10,"SJRWMD","Yes","not collected",,"No",,,,,,,,,,,"Anatoxin-a: not detected; Cylindrospermopsin: not detected; Saxitoxin: not detected",,2020-12-10 15:47:00,28.44083611,-80.63437778,0.3,
"Indian River - Eau Gallie Pier","Brevard",2020-12-03,"STATE_AGENCY","No","Dominant taxon: Nanocyanobacterium","Yes","No",,,,,,,,,,,"Anatoxin-a: not detected; Cylindrospermopsin: not detected; Saxitoxin: not detected","	Site visited by and dominant algal taxon IDed by FWC/FWRI. Toxins analyzed by DEP.",2020-12-03 20:00:00,28.1325,-80.6242,0.2,
"Banana River - 520 Slick Boat Ramp","Brevard",2020-12-03,"STATE_AGENCY","Yes","Dominant taxon: Nanocyanobacterium","Yes","No",,,,,,,,,,,"Anatoxin-a: not detected; Cylindrospermopsin: not detected; Saxitoxin: not detected","	Site visited by and dominant algal taxon IDed by FWC/FWRI. Toxins analyzed by DEP.",2020-12-03 19:10:00,28.3571,-80.6284,0.2,
"Indian River - Parrish Park","Brevard",2020-12-03,"STATE_AGENCY","No","Dominant taxon: Nanocyanobacterium","Yes","No",,,,,,,,,,,"Anatoxin-a: not detected; Cylindrospermopsin: not detected; Saxitoxin: not detected","	Site visited by and dominant algal taxon IDed by FWC/FWRI. Toxins analyzed by DEP.",2020-12-03 17:35:00,28.6233166666667,-80.7954527777778,0.2,
"Crescent Lake-mouth of Dunns Creek (CRESLM)","Putnam",2020-12-03,"SJRWMD","No","mixed algae; no dominant species in sample","No","No",,,,,,,,,,,"Anatoxin-a: not detected; Cylindrospermopsin: not detected; Saxitoxin: not detected",,2020-12-03 14:30:00,29.5295555555556,-81.5537222222222,0.3,
"Eau Gallie Causeway - Boat Ramp","Brevard",2020-12-02,"STATE_AGENCY","No","Dominant taxon: Nanocyanobacterium","Yes","No",,,,,,,,,,,"Anatoxin-a: not detected; Cylindrospermopsin: not detected; Saxitoxin: not detected","Water had a brown color to it. Sample collected by Indian River Lagoon Aquatic Preserves",2020-12-02 18:41:00,28.135712,-80.60601,0.5,
"Eau Gallie River - Ballard Park","Brevard",2020-12-02,"STATE_AGENCY","No","mixed algae; the dominant taxa were an assemblage of nanoplankton and picoplankton","No","No",,,,,,,,,,,"Anatoxin-a: not detected; Cylindrospermopsin: not detected; Saxitoxin: not detected","Water had a brown color to it. Sample collected by Indian River Lagoon Aquatic Preserves",2020-12-02 18:14:00,28.125371,-80.625184,0.5,
"North Indian River Lagoon - SW of 406 Causeway (IRLI07)","Brevard",2020-12-02,"SJRWMD","No","not collected",,"No",,,,,,,,,,,"Anatoxin-a: not detected; Cylindrospermopsin: not detected; Saxitoxin: not detected",,2020-12-02 18:09:00,28.6034722222222,-80.7983944444444,0.3,
"Banana River - between NASA and 528 Causeways (IRLB02)","Brevard",2020-12-02,"SJRWMD","Yes","not collected",,"No",,,,,,,,,,,"Anatoxin-a: not detected; Cylindrospermopsin: not detected; Saxitoxin: not detected",,2020-12-02 14:56:00,28.4408361111111,-80.6343777777778,0.3,"https://services1.arcgis.com/nRHtyn3uE1kyzoYc/arcgis/rest/services/service_5c5ebb2c750c442da2b09ddcc97bb150/FeatureServer/0/1558/attachments/1576?token=5-9B4_qFJxwE43FpRKmTcizn9xE4gyQzR7iJriH_WSdv7PgrexGGAhHhsGpscZa8SH_qjt0z84tspBh9UZdaQiiM655xl5nYilYijuNFLU5ctgA5UqoDG-yQnKzdu40YNWB8oief-0n4SY_CsI5ZrvtQHd97t_Zf1Jytpde8Gcx1_zdC8Fhz3OKM_JWL5zg6"
"IRL @ 528 Bridge S","Brevard",2020-12-01,"DEP_CEN_ROC","No","mixed algae; no dominant species in sample","No","No",,,,,,,,,,,"Anatoxin-a: not detected; Cylindrospermopsin: not detected; Saxitoxin: not detected","Leeward side of bridge, more dead fish and rays",2020-12-01 18:36:00,28.400095,-80.744588,0.3,"https://services1.arcgis.com/nRHtyn3uE1kyzoYc/arcgis/rest/services/service_5c5ebb2c750c442da2b09ddcc97bb150/FeatureServer/0/1556/attachments/1573?token=5-9B4_qFJxwE43FpRKmTcizn9xE4gyQzR7iJriH_WSdv7PgrexGGAhHhsGpscZa8SH_qjt0z84tspBh9UZdaQiiM655xl5nYilYijuNFLU5ctgA5UqoDG-yQnKzdu40YNWB8oief-0n4SY_CsI5ZrvtQHd97t_Zf1Jytpde8Gcx1_zdC8Fhz3OKM_JWL5zg6"
"IRL @ 528 Bridge N ","Brevard",2020-12-01,"DEP_CEN_ROC","No","mixed algae; no dominant species in sample","No","No",,,,,,,,,,,"Anatoxin-a: not detected; Cylindrospermopsin: not detected; Saxitoxin: not detected","Lots of dead fish and stingrays. Windward side of bridge",2020-12-01 18:03:00,28.40201,-80.74357,0.2,"https://services1.arcgis.com/nRHtyn3uE1kyzoYc/arcgis/rest/services/service_5c5ebb2c750c442da2b09ddcc97bb150/FeatureServer/0/1555/attachments/1571?token=5-9B4_qFJxwE43FpRKmTcizn9xE4gyQzR7iJriH_WSdv7PgrexGGAhHhsGpscZa8SH_qjt0z84tspBh9UZdaQiiM655xl5nYilYijuNFLU5ctgA5UqoDG-yQnKzdu40YNWB8oief-0n4SY_CsI5ZrvtQHd97t_Zf1Jytpde8Gcx1_zdC8Fhz3OKM_JWL5zg6"
"IRL @ N of Magnolia Point","Brevard",2020-12-01,"DEP_CEN_ROC","No","mixed algae; no dominant species in sample","No","No",,,,,,,,,,,"Anatoxin-a: not detected; Cylindrospermopsin: not detected; Saxitoxin: not detected","Two dead stingrays noted",2020-12-01 17:24:00,28.38228,-80.73681,0.311,"https://services1.arcgis.com/nRHtyn3uE1kyzoYc/arcgis/rest/services/service_5c5ebb2c750c442da2b09ddcc97bb150/FeatureServer/0/1554/attachments/1569?token=5-9B4_qFJxwE43FpRKmTcizn9xE4gyQzR7iJriH_WSdv7PgrexGGAhHhsGpscZa8SH_qjt0z84tspBh9UZdaQiiM655xl5nYilYijuNFLU5ctgA5UqoDG-yQnKzdu40YNWB8oief-0n4SY_CsI5ZrvtQHd97t_Zf1Jytpde8Gcx1_zdC8Fhz3OKM_JWL5zg6"
"IRL @ Cocoa Village Marina","Brevard",2020-12-01,"DEP_CEN_ROC","No","mixed algae; no dominant species in sample","No","No",,,,,,,,,,,"Anatoxin-a: not detected; Cylindrospermopsin: not detected; Saxitoxin: not detected","No apparent bloom, water brown, dead fish",2020-12-01 16:41:00,28.35676,-80.724333,0.315,"https://services1.arcgis.com/nRHtyn3uE1kyzoYc/arcgis/rest/services/service_5c5ebb2c750c442da2b09ddcc97bb150/FeatureServer/0/1553/attachments/1566?token=5-9B4_qFJxwE43FpRKmTcizn9xE4gyQzR7iJriH_WSdv7PgrexGGAhHhsGpscZa8SH_qjt0z84tspBh9UZdaQiiM655xl5nYilYijuNFLU5ctgA5UqoDG-yQnKzdu40YNWB8oief-0n4SY_CsI5ZrvtQHd97t_Zf1Jytpde8Gcx1_zdC8Fhz3OKM_JWL5zg6"
"SJR at Shands Bridge (20030157)","StJohns",2020-11-23,"SJRWMD","No","mixed algae; no dominant species in sample","No","No",,,,,,,,,,,"Anatoxin-a: not detected; Cylindrospermopsin: not detected; Saxitoxin: not detected",,2020-11-23 19:17:00,29.9816305555556,-81.6221388888889,0.3,
"Doctors Lake-Center (DTL)","Clay",2020-11-23,"SJRWMD","No","mixed algae; no dominant species in sample","No","No",,,,,,,,,,,"Anatoxin-a: not detected; Cylindrospermopsin: not detected; Saxitoxin: not detected",,2020-11-23 17:03:00,30.1380555555556,-81.7272222222222,0.3,
"SJR at Mandarin Point (MP72)","Duval",2020-11-23,"SJRWMD","No","mixed algae; no dominant species in sample","No","No",,,,,,,,,,,"Anatoxin-a: not detected; Cylindrospermopsin: not detected; Saxitoxin: not detected",,2020-11-23 16:42:00,30.1566666666667,-81.6838888888889,0.3,
"Blue Cypress Lake-Center (BCL)","IndianRiver",2020-11-23,"SJRWMD","No","mixed algae; no dominant species in sample","No","No",,,,,,,,,,,"Anatoxin-a: not detected; Cylindrospermopsin: not detected; Saxitoxin: not detected",,2020-11-23 13:49:00,27.726572,-80.7535556,0.3,"https://services1.arcgis.com/nRHtyn3uE1kyzoYc/arcgis/rest/services/service_5c5ebb2c750c442da2b09ddcc97bb150/FeatureServer/0/1547/attachments/1562?token=5-9B4_qFJxwE43FpRKmTcizn9xE4gyQzR7iJriH_WSdv7PgrexGGAhHhsGpscZa8SH_qjt0z84tspBh9UZdaQiiM655xl5nYilYijuNFLU5ctgA5UqoDG-yQnKzdu40YNWB8oief-0n4SY_CsI5ZrvtQHd97t_Zf1Jytpde8Gcx1_zdC8Fhz3OKM_JWL5zg6"
"Stick Marsh-North (STKM)","IndianRiver",2020-11-23,"SJRWMD","No","mixed algae; no dominant species in sample","No","No",,,,,,,,,,,"Anatoxin-a: not detected; Cylindrospermopsin: not detected; Saxitoxin: not detected",,2020-11-23 13:30:00,27.81065,-80.724854,0.3,"https://services1.arcgis.com/nRHtyn3uE1kyzoYc/arcgis/rest/services/service_5c5ebb2c750c442da2b09ddcc97bb150/FeatureServer/0/1548/attachments/1563?token=5-9B4_qFJxwE43FpRKmTcizn9xE4gyQzR7iJriH_WSdv7PgrexGGAhHhsGpscZa8SH_qjt0z84tspBh9UZdaQiiM655xl5nYilYijuNFLU5ctgA5UqoDG-yQnKzdu40YNWB8oief-0n4SY_CsI5ZrvtQHd97t_Zf1Jytpde8Gcx1_zdC8Fhz3OKM_JWL5zg6"
"Indian River - Eau Gallie Pier","Brevard",2020-11-19,"STATE_AGENCY","Yes","Dominant taxon: Nanocyanobacterium","Yes",,,,,,,,,,,,"not collected","Sample collected and analyzed by FWC/FWRI.",2020-11-19 18:45:00,28.1325,-80.6242,0.2,
"Banana River - 520 Slick Boat Ramp","Brevard",2020-11-19,"STATE_AGENCY","Yes","Dominant taxon: Nanocyanobacterium","Yes",,,,,,,,,,,,"not collected","Sample collected and analyzed by FWC/FWRI.",2020-11-19 17:45:00,28.3571,-80.6284,0.2,
"Lake George-Center (LEO)","Volusia",2020-11-19,"SJRWMD","No","mixed algae; no dominant species in sample","No","No",,,,,,,,,,,"Anatoxin-a: not detected; Cylindrospermopsin: not detected; Saxitoxin: not detected",,2020-11-19 16:46:00,29.3083055555556,-81.6063888888889,0.3,
"Dunns Creek near fish camp","Putnam",2020-11-19,"SJRWMD","No","mixed algae; no dominant species in sample","No","No",,,,,,,,,,,"Anatoxin-a: not detected; Cylindrospermopsin: not detected; Saxitoxin: not detected",,2020-11-19 16:17:00,29.5759444444444,-81.6226666666667,0.3,
"Indian River - Parrish Park","Brevard",2020-11-19,"STATE_AGENCY","Yes","Dominant taxon: Nanocyanobacterium","Yes",,,,,,,,,,,,"not collected","Sample collected and analyzed by FWC/FWRI.",2020-11-19 16:05:00,28.6237,-80.7955,0.2,
"Crescent Lake-mouth of Dunns Creek (CRESLM)","Putnam",2020-11-19,"SJRWMD","No","mixed algae; no dominant species in sample","No","No",,,,,,,,,,,"Anatoxin-a: not detected; Cylindrospermopsin: not detected; Saxitoxin: not detected",,2020-11-19 15:37:00,29.5295555555556,-81.5537222222222,0.3,
"Lake Anderson @ NW Side of lake near outfall","Orange",2020-11-19,"DEP_CEN_ROC","No","Co-dominant taxa were: Microcystis aeruginosa and Microcystis wesenbergii","Yes","Yes",1.2,,,,,,,,,,"Anatoxin-a: not detected; Cylindrospermopsin: not detected",,2020-11-19 15:30:00,28.500453,-81.33782,0.3,"https://services1.arcgis.com/nRHtyn3uE1kyzoYc/arcgis/rest/services/service_5c5ebb2c750c442da2b09ddcc97bb150/FeatureServer/0/1540/attachments/1557?token=5-9B4_qFJxwE43FpRKmTcizn9xE4gyQzR7iJriH_WSdv7PgrexGGAhHhsGpscZa8SH_qjt0z84tspBh9UZdaQiiM655xl5nYilYijuNFLU5ctgA5UqoDG-yQnKzdu40YNWB8oief-0n4SY_CsI5ZrvtQHd97t_Zf1Jytpde8Gcx1_zdC8Fhz3OKM_JWL5zg6"
"Lake Washington-Center (LWC)","Brevard",2020-11-19,"SJRWMD","No","mixed algae; no dominant species in sample","No","No",,,,,,,,,,,"Anatoxin-a: not detected; Cylindrospermopsin: not detected; Saxitoxin: not detected",,2020-11-19 15:12:00,28.1424388,-80.746111,0.3,
"Lake Jesup-Center (OW-CTR)","Seminole",2020-11-18,"SJRWMD","No","Dominant taxon: Cylindrospermopsis raciborskii","Yes","No",,,,,,,,,,,"Anatoxin-a: not detected; Cylindrospermopsin: not detected; Saxitoxin: not detected",,2020-11-18 15:23:00,28.72678,-81.21107,0.3,
"Indian River - Eau Gallie Pier","Brevard",2020-11-12,"STATE_AGENCY","No","mixed algae; no dominant species in sample","No",,,,,,,,,,,,"not collected","Sample collected and analyzed by FWC/FWRI.",2020-11-12 19:30:00,28.1325,-80.6242,0.2,
"Indian River - Parrish Park","Brevard",2020-11-12,"STATE_AGENCY","Yes","Dominant taxon: Nanocyanobacterium","Yes",,,,,,,,,,,,"not collected","Sample collected and analyzed by FWC/FWRI.",2020-11-12 17:20:00,28.6237,-80.7955,0.2,
"Indian River - Eau Gallie Pier","Brevard",2020-11-05,"STATE_AGENCY","Yes","Dominant taxon: Nanocyanobacterium","Yes",,,,,,,,,,,,"not collected","Sample collected and analyzed by FWC/FWRI.",2020-11-05 19:25:00,28.1325,-80.6242,0.2,
"Banana River - 520 Slick Boat Ramp","Brevard",2020-11-05,"STATE_AGENCY","Yes","Dominant taxon: Nanocyanobacterium","Yes",,,,,,,,,,,,"not collected","Sample collected and analyzed by FWC/FWRI.",2020-11-05 18:35:00,28.3571,-80.6284,0.2,
"Indian River - Parrish Park","Brevard",2020-11-05,"STATE_AGENCY","Yes","Dominant taxon: Nanocyanobacterium","Yes",,,,,,,,,,,,"not collected","Sample collected and analyzed by FWC/FWRI.",2020-11-05 17:25:00,28.6237,-80.7955,0.2,
"Yalaha Canal @ Lakeshore Dr","Lake",2020-11-02,"DEP_CEN_ROC","Yes","mixed algae; no dominant species in sample","No","Yes",0.32,"I (I qualifier indicates that the reported value is between the laboratory method detection limit and the laboratory practical quantitation limit.)",,,,,,,,,"Anatoxin-a: not detected; Cylindrospermopsin: not detected",,2020-11-02 20:00:00,28.747394,-81.825659,0.3,
"Indian River - Eau Gallie Pier","Brevard",2020-10-28,"STATE_AGENCY","Yes","Dominant taxon: Nanocyanobacterium","Yes",,,,,,,,,,,,"not collected","Sample collected and analyzed by FWC/FWRI.",2020-10-28 18:20:00,28.1325,-80.6242,0.2,
"Banana River - 520 Slick Boat Ramp","Brevard",2020-10-28,"STATE_AGENCY","Yes","Dominant taxon: Nanocyanobacterium","Yes",,,,,,,,,,,,"not collected","Sample collected and analyzed by FWC/FWRI.",2020-10-28 17:05:00,28.3571,-80.6284,0.2,
"Lake Roberts - SE Corner","Orange",2020-10-28,"County","No","Co-dominant taxa were: Microcystis aeruginosa and Microcystis wesenbergii","Yes","No",,,,,,,,,,,"Anatoxin-a: not detected; Cylindrospermopsin: not detected",,2020-10-28 16:20:00,28.5144,-81.5703,0.3,"https://services1.arcgis.com/nRHtyn3uE1kyzoYc/arcgis/rest/services/service_5c5ebb2c750c442da2b09ddcc97bb150/FeatureServer/0/1501/attachments/1532?token=5-9B4_qFJxwE43FpRKmTcizn9xE4gyQzR7iJriH_WSdv7PgrexGGAhHhsGpscZa8SH_qjt0z84tspBh9UZdaQiiM655xl5nYilYijuNFLU5ctgA5UqoDG-yQnKzdu40YNWB8oief-0n4SY_CsI5ZrvtQHd97t_Zf1Jytpde8Gcx1_zdC8Fhz3OKM_JWL5zg6"
"Indian River - Parrish Park","Brevard",2020-10-28,"STATE_AGENCY","Yes","Dominant taxon: Nanocyanobacterium","Yes",,,,,,,,,,,,"not collected","Sample collected and analyzed by FWC/FWRI.",2020-10-28 15:40:00,28.6237,-80.7955,0.2,
"Lake Anderson - NW Corner","Orange",2020-10-28,"County","Yes","Co-dominant taxa were: Microcystis aeruginosa and Microcystis wesenbergii","Yes","Yes",1.9,,,,,,,,,,"Anatoxin-a: not detected; Cylindrospermopsin: not detected",,2020-10-28 14:43:00,28.5001,-81.338,0.3,"https://services1.arcgis.com/nRHtyn3uE1kyzoYc/arcgis/rest/services/service_5c5ebb2c750c442da2b09ddcc97bb150/FeatureServer/0/1500/attachments/1529?token=5-9B4_qFJxwE43FpRKmTcizn9xE4gyQzR7iJriH_WSdv7PgrexGGAhHhsGpscZa8SH_qjt0z84tspBh9UZdaQiiM655xl5nYilYijuNFLU5ctgA5UqoDG-yQnKzdu40YNWB8oief-0n4SY_CsI5ZrvtQHd97t_Zf1Jytpde8Gcx1_zdC8Fhz3OKM_JWL5zg6"
"Stick Marsh-North (STKM)","IndianRiver",2020-10-27,"SJRWMD","No","mixed algae; no dominant species in sample","No","Yes",0.27,"I (I qualifier indicates that the reported value is between the laboratory method detection limit and the laboratory practical quantitation limit.)",,,,,,,,,"Anatoxin-a: not detected; Cylindrospermopsin: not detected; Saxitoxin: not detected",,2020-10-27 13:59:00,27.81065,-80.724854,0.3,"https://services1.arcgis.com/nRHtyn3uE1kyzoYc/arcgis/rest/services/service_5c5ebb2c750c442da2b09ddcc97bb150/FeatureServer/0/1499/attachments/1527?token=5-9B4_qFJxwE43FpRKmTcizn9xE4gyQzR7iJriH_WSdv7PgrexGGAhHhsGpscZa8SH_qjt0z84tspBh9UZdaQiiM655xl5nYilYijuNFLU5ctgA5UqoDG-yQnKzdu40YNWB8oief-0n4SY_CsI5ZrvtQHd97t_Zf1Jytpde8Gcx1_zdC8Fhz3OKM_JWL5zg6"
"Blue Cypress Lake-Center (BCL)","IndianRiver",2020-10-27,"SJRWMD","No","Dominant taxon: Microcystis aeruginosa","Yes","No",,,,,,,,,,,"Anatoxin-a: not detected; Cylindrospermopsin: not detected; Saxitoxin: not detected",,2020-10-27 13:40:00,27.726572,-80.7535556,0.3,"https://services1.arcgis.com/nRHtyn3uE1kyzoYc/arcgis/rest/services/service_5c5ebb2c750c442da2b09ddcc97bb150/FeatureServer/0/1498/attachments/1526?token=5-9B4_qFJxwE43FpRKmTcizn9xE4gyQzR7iJriH_WSdv7PgrexGGAhHhsGpscZa8SH_qjt0z84tspBh9UZdaQiiM655xl5nYilYijuNFLU5ctgA5UqoDG-yQnKzdu40YNWB8oief-0n4SY_CsI5ZrvtQHd97t_Zf1Jytpde8Gcx1_zdC8Fhz3OKM_JWL5zg6"
"Indian River - Eau Gallie Pier","Brevard",2020-10-21,"STATE_AGENCY","Yes","Dominant taxon: Nanocyanobacterium","Yes",,,,,,,,,,,,"not collected","Sample collected and analyzed by FWC/FWRI.",2020-10-21 19:25:00,28.1325,-80.6242,0.2,
"Banana River - 520 Slick Boat Ramp","Brevard",2020-10-21,"STATE_AGENCY","Yes","Dominant taxon: Nanocyanobacterium","Yes",,,,,,,,,,,,"not collected","Sample collected and analyzed by FWC/FWRI.",2020-10-21 18:30:00,28.3571,-80.6284,0.2,
"Indian River - Parrish Park","Brevard",2020-10-21,"STATE_AGENCY","Yes","Dominant taxon: Nanocyanobacterium","Yes",,,,,,,,,,,,"not collected","Sample collected and analyzed by FWC/FWRI.",2020-10-21 17:35:00,28.6237,-80.7955,0.2,
"Lake Monroe-Center (LMAC)","Volusia",2020-10-21,"SJRWMD","No","mixed algae; no dominant species in sample","No","No",,,,,,,,,,,"Anatoxin-a: not detected; Cylindrospermopsin: not detected; Saxitoxin: not detected",,2020-10-21 13:58:00,28.83496,-81.27091,0.3,
"Lake Washington - Center (LWC)","Brevard",2020-10-20,"SJRWMD","No","mixed algae; no dominant species in sample","No","No",,,,,,,,,,,"Anatoxin-a: not detected; Cylindrospermopsin: not detected; Saxitoxin: not detected",,2020-10-20 16:32:00,28.142439,-80.746111,0.3,
"Lake Jesup-Center (OW-CTR)","Seminole",2020-10-20,"SJRWMD","No","Co-dominant taxa were: Microcystis aeruginosa and Cylindrospermopsis raciborskii","Yes","Yes",,,0.55,"I (I qualifier indicates that the reported value is between the laboratory method detection limit and the laboratory practical quantitation limit.)",,,,,,,"Anatoxin-a: not detected; Cylindrospermopsin: 0.55 I (I qualifier indicates that the reported value is between the laboratory method detection limit and the laboratory practical quantitation limit.); Saxitoxin: not detected",,2020-10-20 14:10:00,28.72678,-81.21107,0.3,
"SJR at Shands Bridge (20030157)","StJohns",2020-10-15,"SJRWMD","No","Dominant taxon: Microcystis aeruginosa","Yes","No",,,,,,,,,,,"Anatoxin-a: not detected; Cylindrospermopsin: not detected; Saxitoxin: not detected",,2020-10-15 16:05:00,29.9816305555556,-81.6221388888889,0.3,
"Doctors Lake-Center (DTL)","Clay",2020-10-15,"SJRWMD","No","mixed algae; no dominant species in sample","No","No",,,,,,,,,,,"Anatoxin-a: not detected; Cylindrospermopsin: not detected; Saxitoxin: not detected",,2020-10-15 15:21:00,30.138056,-81.7272222,0.3,
"SJR at Mandarin Point (MP72)","Duval",2020-10-15,"SJRWMD","No","mixed algae; no dominant species in sample","No","No",,,,,,,,,,,"Anatoxin-a: not detected; Cylindrospermopsin: not detected; Saxitoxin: not detected",,2020-10-15 14:59:00,30.1566666666667,-81.6838888888889,0.3,
"Indian River - Eau Gallie Pier","Brevard",2020-10-14,"STATE_AGENCY","Yes","Dominant taxon: Nanocyanobacterium","Yes","No",,,,,,,,,,,"Anatoxin-a: not detected; Cylindrospermopsin: not detected; Saxitoxin: not detected","Site visited by and dominant algal taxon IDed by FWC/FWRI. Toxins analyzed by DEP.",2020-10-14 19:15:00,28.1320861111111,-80.6253666666667,0.1,
"Banana River - 520 Slick Boat Ramp","Brevard",2020-10-14,"STATE_AGENCY","Yes","Dominant taxon: Nanocyanobacterium","Yes","No",,,,,,,,,,,"Anatoxin-a: not detected; Cylindrospermopsin: not detected; Saxitoxin: not detected","Site visited by and dominant algal taxon IDed by FWC/FWRI. Toxins analyzed by DEP.",2020-10-14 18:20:00,28.3571805555556,-80.6284388888889,0.1,
"Indian River - Parrish Park Boat Ramp","Brevard",2020-10-14,"STATE_AGENCY","Yes","Dominant taxon: Nanocyanobacterium","Yes","No",,,,,,,,,,,"Anatoxin-a: not detected; Cylindrospermopsin: not detected; Saxitoxin: not detected","Site visited by and dominant algal taxon IDed by FWC/FWRI. Toxins analyzed by DEP.",2020-10-14 16:35:00,28.6233166666667,-80.7954527777778,0.1,
"Crescent Lake-mouth of Dunns Creek (CRESLM)","Putnam",2020-10-14,"SJRWMD","No","Dominant taxon: Microcystis aeruginosa","Yes","No",,,,,,,,,,,"Anatoxin-a: not detected; Cylindrospermopsin: not detected; Saxitoxin: not detected",,2020-10-14 13:37:00,29.5295555555556,-81.5537222222222,0.3,
"Lake George - Center (LEO)","Volusia",2020-10-13,"SJRWMD","No","mixed algae; no dominant species in sample","No","No",,,,,,,,,,,"Anatoxin-a: not detected; Cylindrospermopsin: not detected; Saxitoxin: not detected",,2020-10-13 13:57:00,29.308306,-81.6063889,0.3,
"Indian River - Pebble Bay","IndianRiver",2020-10-12,"DEP_SE_ROC","Yes","Dominant taxa: Dinoflagellates","No","No",,,,,,,,,,,"Anatoxin-a: not detected; Cylindrospermopsin: not detected",,2020-10-12 18:15:00,27.676261425968,-80.3661693293698,0.3,"https://services1.arcgis.com/nRHtyn3uE1kyzoYc/arcgis/rest/services/service_5c5ebb2c750c442da2b09ddcc97bb150/FeatureServer/0/1451/attachments/1504?token=5-9B4_qFJxwE43FpRKmTcizn9xE4gyQzR7iJriH_WSdv7PgrexGGAhHhsGpscZa8SH_qjt0z84tspBh9UZdaQiiM655xl5nYilYijuNFLU5ctgA5UqoDG-yQnKzdu40YNWB8oief-0n4SY_CsI5ZrvtQHd97t_Zf1Jytpde8Gcx1_zdC8Fhz3OKM_JWL5zg6"
"Blue Cypress Lake - Middleton Fish Camp","IndianRiver",2020-10-12,"SJRWMD","Yes","Dominant taxon: Microcystis aeruginosa","Yes","No",,,,,,,,,,,"Anatoxin-a: not detected; Cylindrospermopsin: not detected; Saxitoxin: not detected",,2020-10-12 15:33:00,27.7274,-80.776225,0.3,
"Three Forks Marsh @ 2.8mi S of boat ramp","Brevard",2020-10-08,"DEP_CEN_ROC","Yes","Co-dominant taxa were: Phormidium sp. and Ulothrix sp.","Yes","No",,,,,,,,,,,"Anatoxin-a: not detected; Cylindrospermopsin: not detected","Green globs attached to submerged vegetation with white, murky surface film in some areas",2020-10-08 15:37:00,27.940225,-80.756779,0.36,"https://services1.arcgis.com/nRHtyn3uE1kyzoYc/arcgis/rest/services/service_5c5ebb2c750c442da2b09ddcc97bb150/FeatureServer/0/1446/attachments/1498?token=5-9B4_qFJxwE43FpRKmTcizn9xE4gyQzR7iJriH_WSdv7PgrexGGAhHhsGpscZa8SH_qjt0z84tspBh9UZdaQiiM655xl5nYilYijuNFLU5ctgA5UqoDG-yQnKzdu40YNWB8oief-0n4SY_CsI5ZrvtQHd97t_Zf1Jytpde8Gcx1_zdC8Fhz3OKM_JWL5zg6"
"Indian River - Eau Gallie Pier","Brevard",2020-10-07,"STATE_AGENCY","Yes","Dominant taxon: Nanocyanobacterium","Yes","No",,,,,,,,,,,"Anatoxin-a: not detected; Cylindrospermopsin: not detected; Saxitoxin: not detected","Site visited by and dominant algal taxon IDed by FWC/FWRI. Toxins analyzed by DEP.",2020-10-07 19:05:00,28.1325,-80.6242,0.1,
"Banana River - 520 Slick Boat Ramp","Brevard",2020-10-07,"STATE_AGENCY","Yes","Dominant taxon: Nanocyanobacterium","Yes","No",,,,,,,,,,,"Anatoxin-a: not detected; Cylindrospermopsin: not detected; Saxitoxin: not detected","Site visited by and dominant algal taxon IDed by FWC/FWRI. Toxins analyzed by DEP.",2020-10-07 18:10:00,28.3571,-80.6284,0.1,
"Indian River - Parrish Park Boat Ramp","Brevard",2020-10-07,"STATE_AGENCY","Yes","Dominant taxon: Nanocyanobacterium","Yes","No",,,,,,,,,,,"Anatoxin-a: not detected; Cylindrospermopsin: not detected; Saxitoxin: not detected","Site visited by and dominant algal taxon IDed by FWC/FWRI. Toxins analyzed by DEP.",2020-10-07 16:40:00,28.6236,-80.7955,0.1,
"Indian River - Eau Gallie Pier","Brevard",2020-09-29,"STATE_AGENCY","Yes","Dominant taxa: Nanoplankton","No","No",,,,,,,,,,,"Anatoxin-a: not detected; Cylindrospermopsin: not detected; Saxitoxin: not detected","Site visited by and dominant algal taxon IDed by FWC/FWRI. Toxins analyzed by DEP.",2020-09-29 17:10:00,28.1325,-80.6242,0.1,
"Banana River - 520 Slick Boat Ramp","Brevard",2020-09-29,"STATE_AGENCY","Yes","Dominant taxon: Nanocyanobacterium","Yes","No",,,,,,,,,,,"Anatoxin-a: not detected; Cylindrospermopsin: not detected; Saxitoxin: not detected","Site visited by and dominant algal taxon IDed by FWC/FWRI. Toxins analyzed by DEP.",2020-09-29 16:10:00,28.3571,-80.6284,0.1,
"Indian River - Parrish Park Boat Ramp","Brevard",2020-09-29,"STATE_AGENCY","Yes","Dominant taxon: Nanocyanobacterium","Yes","Yes",0.29,"I (I qualifier indicates that the reported value is between the laboratory method detection limit and the laboratory practical quantitation limit.)",,,,,,,,,"Anatoxin-a: not detected; Cylindrospermopsin: not detected; Saxitoxin: not detected","Site visited by and dominant algal taxon IDed by FWC/FWRI. Toxins analyzed by DEP.",2020-09-29 14:40:07.392,28.6236,-80.7955,0.1,
"Blue Cypress Lake-Center (BCL)","IndianRiver",2020-09-29,"SJRWMD","No","Co-dominant taxa were: Microcystis aeruginosa and Microcystis wesenbergii","Yes","No",,,,,,,,,,,"Anatoxin-a: not detected; Cylindrospermopsin: not detected; Saxitoxin: not detected",,2020-09-29 13:08:00,27.726572,-80.7535556,0.3,"https://services1.arcgis.com/nRHtyn3uE1kyzoYc/arcgis/rest/services/service_5c5ebb2c750c442da2b09ddcc97bb150/FeatureServer/0/1408/attachments/1480?token=5-9B4_qFJxwE43FpRKmTcizn9xE4gyQzR7iJriH_WSdv7PgrexGGAhHhsGpscZa8SH_qjt0z84tspBh9UZdaQiiM655xl5nYilYijuNFLU5ctgA5UqoDG-yQnKzdu40YNWB8oief-0n4SY_CsI5ZrvtQHd97t_Zf1Jytpde8Gcx1_zdC8Fhz3OKM_JWL5zg6"
"Stick Marsh-North (STKM)","IndianRiver",2020-09-29,"SJRWMD","No","mixed algae; no dominant species in sample","No","No",,,,,,,,,,,"Anatoxin-a: not detected; Cylindrospermopsin: not detected; Saxitoxin: not detected",,2020-09-29 13:05:00,27.81065,-80.724854,0.3,"https://services1.arcgis.com/nRHtyn3uE1kyzoYc/arcgis/rest/services/service_5c5ebb2c750c442da2b09ddcc97bb150/FeatureServer/0/1407/attachments/1479?token=5-9B4_qFJxwE43FpRKmTcizn9xE4gyQzR7iJriH_WSdv7PgrexGGAhHhsGpscZa8SH_qjt0z84tspBh9UZdaQiiM655xl5nYilYijuNFLU5ctgA5UqoDG-yQnKzdu40YNWB8oief-0n4SY_CsI5ZrvtQHd97t_Zf1Jytpde8Gcx1_zdC8Fhz3OKM_JWL5zg6"
"Indian River - Eau Gallie Pier","Brevard",2020-09-24,"STATE_AGENCY","Yes","Dominant taxa: Nanoplankton","No","Yes",0.42,"I (I qualifier indicates that the reported value is between the laboratory method detection limit and the laboratory practical quantitation limit.)",,,,,2,,,,"Anatoxin-a: not detected; Cylindrospermopsin: not detected; Saxitoxin: 2.0","Site visited by and dominant algal taxon IDed by FWC/FWRI. Toxins analyzed by DEP.",2020-09-24 18:50:00,28.1325,-80.6242,0.2,
"Banana River - 520 Slick Boat Ramp","Brevard",2020-09-24,"STATE_AGENCY","Yes","Dominant taxon: Nanocyanobacterium","Yes","Yes",0.41,"I (I qualifier indicates that the reported value is between the laboratory method detection limit and the laboratory practical quantitation limit.)",,,,,2.2,,,,"Anatoxin-a: not detected; Cylindrospermopsin: not detected; Saxitoxin: 2.2","Site visited by and dominant algal taxon IDed by FWC/FWRI. Toxins analyzed by DEP.",2020-09-24 17:45:00,28.3571,-80.6284,0.2,
"Indian River - Parrish Park Boat Ramp","Brevard",2020-09-24,"STATE_AGENCY","Yes","Dominant taxon: Nanocyanobacterium","Yes","Yes",0.36,"I (I qualifier indicates that the reported value is between the laboratory method detection limit and the laboratory practical quantitation limit.)",,,,,1.9,"I (I qualifier indicates that the reported value is between the laboratory method detection limit and the laboratory practical quantitation limit.)",,,"Anatoxin-a: not detected; Cylindrospermopsin: not detected; Saxitoxin: 1.9 I (I qualifier indicates that the reported value is between the laboratory method detection limit and the laboratory practical quantitation limit.)","Site visited by and dominant algal taxon IDed by FWC/FWRI. Toxins analyzed by DEP.",2020-09-24 16:05:00,28.6236,-80.7955,0.2,
"Crescent Lake-mouth of Dunns Creek (CRESLM)","Putnam",2020-09-24,"SJRWMD","No","Dominant taxon: Microcystis aeruginosa","Yes","Yes",0.44,"I (I qualifier indicates that the reported value is between the laboratory method detection limit and the laboratory practical quantitation limit.)",,,,,,,,,"Anatoxin-a: not detected; Cylindrospermopsin: not detected; Saxitoxin: not detected",,2020-09-24 15:14:00,29.5295555555556,-81.5537222222222,0.3,
"Lake Roberts SE","Orange",2020-09-24,"County","Yes","Co-dominant taxa were: Microcystis aeruginosa and Microcystis wesenbergii","Yes","Yes",0.65,"I (I qualifier indicates that the reported value is between the laboratory method detection limit and the laboratory practical quantitation limit.)",,,,,,,,,"Anatoxin-a: not detected; Cylindrospermopsin: not detected",,2020-09-24 14:00:00,28.5144,-81.5703,0.3,
"Lake George-Center (LEO)","Volusia",2020-09-24,"SJRWMD","No","mixed algae; no dominant species in sample","No","Yes",0.31,"I (I qualifier indicates that the reported value is between the laboratory method detection limit and the laboratory practical quantitation limit.)",,,,,0.72,"I (I qualifier indicates that the reported value is between the laboratory method detection limit and the laboratory practical quantitation limit.)",,,"Anatoxin-a: not detected; Cylindrospermopsin: not detected; Saxitoxin: 0.72 I (I qualifier indicates that the reported value is between the laboratory method detection limit and the laboratory practical quantitation limit.)",,2020-09-24 13:26:00,29.3083055555556,-81.6063888888889,0.3,
"Doctors Lake-Center (DTL)","Clay",2020-09-23,"SJRWMD","No","mixed algae; no dominant species in sample","No","Yes",,,,,,,0.96,"I (I qualifier indicates that the reported value is between the laboratory method detection limit and the laboratory practical quantitation limit.)",,,"Anatoxin-a: not detected; Cylindrospermopsin: not detected; Saxitoxin: 0.96 I (I qualifier indicates that the reported value is between the laboratory method detection limit and the laboratory practical quantitation limit.)",,2020-09-23 14:20:00,30.138056,-81.7272222,0.3,
"Lake Washington-Center (LWC)","Brevard",2020-09-22,"SJRWMD","No","mixed algae; no dominant species in sample","No","Yes",0.38,"IJ (I qualifier indicates that the reported value is between the laboratory method detection limit and the laboratory practical quantitation limit. J qualifier indicates an estimated value.)",,,,,,,,,"Anatoxin-a: not detected; Cylindrospermopsin: not detected; Saxitoxin: not detected",,2020-09-22 12:04:00,28.142439,-80.746111,0.3,
"Lake Conway @ west shore","Orange",2020-09-16,"County","No","mixed algae; no dominant species in sample","No","No",,,,,,,,,,,"Anatoxin-a: not detected; Cylindrospermopsin: not detected",,2020-09-16 17:45:00,28.4714,-81.3604,0.3,
"Blue Cypress Lake - Middleton Fish Camp","IndianRiver",2020-09-15,"SJRWMD","Yes","Dominant taxon: Microcystis aeruginosa","Yes","No",,,,,,,,,,,"Anatoxin-a: not detected; Cylindrospermopsin: not detected; Saxitoxin: not detected",,2020-09-15 15:45:00,27.726568,-80.775776,0.3,
"Lake George-Center (LEO)","Volusia",2020-09-15,"SJRWMD","No","Dominant taxon: Microcystis aeruginosa","Yes","No",,,,,,,,,,,"Anatoxin-a: not detected; Cylindrospermopsin: not detected; Saxitoxin: not detected",,2020-09-15 14:33:00,29.3083055555556,-81.6063888888889,0.3,
"Indian River Canal @ Aruba Ct","Brevard",2020-09-14,"DEP_CEN_ROC","No","mixed algae; the dominant taxa were an assemblage of nanoplankton and picoplankton","No","No",,,,,,,,,,,"Anatoxin-a: not detected; Cylindrospermopsin: not detected; Saxitoxin: not detected",,2020-09-14 18:58:00,28.1988089,-80.6097328,0.3,"https://services1.arcgis.com/nRHtyn3uE1kyzoYc/arcgis/rest/services/service_5c5ebb2c750c442da2b09ddcc97bb150/FeatureServer/0/1361/attachments/1458?token=5-9B4_qFJxwE43FpRKmTcizn9xE4gyQzR7iJriH_WSdv7PgrexGGAhHhsGpscZa8SH_qjt0z84tspBh9UZdaQiiM655xl5nYilYijuNFLU5ctgA5UqoDG-yQnKzdu40YNWB8oief-0n4SY_CsI5ZrvtQHd97t_Zf1Jytpde8Gcx1_zdC8Fhz3OKM_JWL5zg6"
"Lake Weir at Boat Ramp","Marion",2020-09-10,"DEP_CEN_ROC","Yes","Dominant taxon: Botryococcus braunii","No","No",,,,,,,,,,,"Anatoxin-a: not detected; Cylindrospermopsin: not detected",,2020-09-10 16:11:00,29.0171,-81.9636,0.3,"https://services1.arcgis.com/nRHtyn3uE1kyzoYc/arcgis/rest/services/service_5c5ebb2c750c442da2b09ddcc97bb150/FeatureServer/0/1352/attachments/1447?token=5-9B4_qFJxwE43FpRKmTcizn9xE4gyQzR7iJriH_WSdv7PgrexGGAhHhsGpscZa8SH_qjt0z84tspBh9UZdaQiiM655xl5nYilYijuNFLU5ctgA5UqoDG-yQnKzdu40YNWB8oief-0n4SY_CsI5ZrvtQHd97t_Zf1Jytpde8Gcx1_zdC8Fhz3OKM_JWL5zg6"
"Dunns Creek Canal-Fran Ln & Carlin Rd","Putnam",2020-09-10,"SJRWMD","Yes","Dominant taxon: Microcystis wesenbergii","Yes","Yes",0.38,"I (I qualifier indicates that the reported value is between the laboratory method detection limit and the laboratory practical quantitation limit.)",0.55,"I (I qualifier indicates that the reported value is between the laboratory method detection limit and the laboratory practical quantitation limit.)",,,,,,,"Anatoxin-a: not detected; Cylindrospermopsin: 0.55 I (I qualifier indicates that the reported value is between the laboratory method detection limit and the laboratory practical quantitation limit.); Saxitoxin: not detected",,2020-09-10 15:21:00,29.5723639,-81.5912899,0.3,
"Crescent Lake-mouth of Dunns Creek (CRESLM)","Putnam",2020-09-10,"SJRWMD","No","Dominant taxon: Microcystis wesenbergii","Yes","Yes",,,0.4,"I (I qualifier indicates that the reported value is between the laboratory method detection limit and the laboratory practical quantitation limit.)",,,,,,,"Anatoxin-a: not detected; Cylindrospermopsin: 0.40 I (I qualifier indicates that the reported value is between the laboratory method detection limit and the laboratory practical quantitation limit.); Saxitoxin: not detected",,2020-09-10 14:52:00,29.5295555555556,-81.5537222222222,0.3,
"SJR at Shands Bridge (20030157)","StJohns",2020-09-09,"SJRWMD","No","mixed algae; no dominant species in sample","No","Yes",,,0.6,"I (I qualifier indicates that the reported value is between the laboratory method detection limit and the laboratory practical quantitation limit.)",,,,,,,"Anatoxin-a: not detected; Cylindrospermopsin: 0.60 I (I qualifier indicates that the reported value is between the laboratory method detection limit and the laboratory practical quantitation limit.); Saxitoxin: not detected",,2020-09-09 15:13:00,29.9816305555556,-81.6221388888889,0.3,
"Doctors Lake-Center (DTL)","Clay",2020-09-09,"SJRWMD","No","mixed algae; no dominant species in sample","No","No",,,,,,,,,,,"Anatoxin-a: not detected; Cylindrospermopsin: not detected; Saxitoxin: not detected",,2020-09-09 14:13:00,30.1380555555556,-81.7272222222222,0.3,
"IRL @ Pineda Causeway ","Brevard",2020-09-08,"DEP_CEN_ROC","Yes","mixed algae; the dominant taxa were an assemblage of nanoplankton and picoplankton","No","Yes",0.55,"I (I qualifier indicates that the reported value is between the laboratory method detection limit and the laboratory practical quantitation limit.)",,,,,,,,,"Anatoxin-a: not detected; Cylindrospermopsin: not detected",,2020-09-08 18:30:00,28.20575,-80.657278,0.308,"https://services1.arcgis.com/nRHtyn3uE1kyzoYc/arcgis/rest/services/service_5c5ebb2c750c442da2b09ddcc97bb150/FeatureServer/0/1319/attachments/1428?token=5-9B4_qFJxwE43FpRKmTcizn9xE4gyQzR7iJriH_WSdv7PgrexGGAhHhsGpscZa8SH_qjt0z84tspBh9UZdaQiiM655xl5nYilYijuNFLU5ctgA5UqoDG-yQnKzdu40YNWB8oief-0n4SY_CsI5ZrvtQHd97t_Zf1Jytpde8Gcx1_zdC8Fhz3OKM_JWL5zg6"
"Lake Monroe-Center (LMAC)","Volusia",2020-09-03,"SJRWMD","No","mixed algae; no dominant species in sample","No","No",,,,,,,,,,,"Anatoxin-a: not detected; Cylindrospermopsin: not detected; Saxitoxin: not detected",,2020-09-03 16:48:00,28.8349722222222,-81.2709166666667,0.3,
"Lake Jesup-off Grassy Point (OW-2)","Seminole",2020-09-03,"SJRWMD","No","Co-dominant taxa were: Microcystis aeruginosa and Cylindrospermopsis raciborskii","Yes","Yes",,,2.2,,,,,,,,"Anatoxin-a: not detected; Cylindrospermopsin: 2.2; Saxitoxin: not detected",,2020-09-03 15:11:00,28.7647777777778,-81.1763055555556,0.3,
"Nassau River-west of Police Lodge Road","Nassau",2020-09-03,"SJRWMD","Yes","mixed algae; no dominant species in sample","No","No",,,,,,,,,,,"Anatoxin-a: not detected; Cylindrospermopsin: not detected; Saxitoxin: not detected",,2020-09-03 14:13:00,30.5821944444444,-81.6864444444444,0.3,
"Lake Roberts SE","Orange",2020-08-27,"County","Yes","Dominant taxon: Microcystis wesenbergii","Yes","Yes",0.26,"I (I qualifier indicates that the reported value is between the laboratory method detection limit and the laboratory practical quantitation limit.)",,,,,,,,,"Anatoxin-a: not detected; Cylindrospermopsin: not detected","No apparent bloom observed though some algae in the water column",2020-08-27 16:20:00,28.5144,-81.5703,0.3,"https://services1.arcgis.com/nRHtyn3uE1kyzoYc/arcgis/rest/services/service_5c5ebb2c750c442da2b09ddcc97bb150/FeatureServer/0/1297/attachments/1421?token=5-9B4_qFJxwE43FpRKmTcizn9xE4gyQzR7iJriH_WSdv7PgrexGGAhHhsGpscZa8SH_qjt0z84tspBh9UZdaQiiM655xl5nYilYijuNFLU5ctgA5UqoDG-yQnKzdu40YNWB8oief-0n4SY_CsI5ZrvtQHd97t_Zf1Jytpde8Gcx1_zdC8Fhz3OKM_JWL5zg6"
"Indian River Lagoon - Marina Park Dock","Brevard",2020-08-27,"DEP_CEN_ROC","Yes","mixed algae; the dominant taxa were an assemblage of nanoplankton and picoplankton","No","No",,,,,,,,,,,"Anatoxin-a: not detected; Cylindrospermopsin: not detected",,2020-08-27 16:00:00,28.6217067533982,-80.8098068686784,0.3,"https://services1.arcgis.com/nRHtyn3uE1kyzoYc/arcgis/rest/services/service_5c5ebb2c750c442da2b09ddcc97bb150/FeatureServer/0/1296/attachments/1418?token=5-9B4_qFJxwE43FpRKmTcizn9xE4gyQzR7iJriH_WSdv7PgrexGGAhHhsGpscZa8SH_qjt0z84tspBh9UZdaQiiM655xl5nYilYijuNFLU5ctgA5UqoDG-yQnKzdu40YNWB8oief-0n4SY_CsI5ZrvtQHd97t_Zf1Jytpde8Gcx1_zdC8Fhz3OKM_JWL5zg6"
"Crescent Lake-mouth of Dunns Creek (CRESLM)","Putnam",2020-08-27,"SJRWMD","No","Co-dominant taxa were: Microcystis aeruginosa and Microcystis wesenbergii","Yes","Yes",0.6,"I (I qualifier indicates that the reported value is between the laboratory method detection limit and the laboratory practical quantitation limit.)",3.9,,,,,,,,"Anatoxin-a: not detected; Cylindrospermopsin: 3.9; Saxitoxin: not detected","no bloom striation present, but water looked green",2020-08-27 14:48:00,29.5295555555556,-81.5537222222222,0.3,
"Lake George-Center (LEO)","Volusia",2020-08-27,"SJRWMD","No","mixed algae; no dominant species in sample","No","No",,,,,,,,,,,"Anatoxin-a: not detected; Cylindrospermopsin: not detected; Saxitoxin: not detected","bloom particles present, no striation",2020-08-27 12:44:00,29.3083055555556,-81.6063888888889,0.3,
"SJR at Mandarin Point (MP72)","Duval",2020-08-26,"SJRWMD","No","mixed algae; no dominant species in sample","No","No",,,,,,,,,,,"Anatoxin-a: not detected; Cylindrospermopsin: not detected; Saxitoxin: not detected",,2020-08-26 14:37:00,30.1566666666667,-81.6838888888889,0.3,
"Doctors Lake-Center (DTL)","Clay",2020-08-26,"SJRWMD","No","mixed algae; no dominant species in sample","No","No",,,,,,,,,,,"Anatoxin-a: not detected; Cylindrospermopsin: not detected; Saxitoxin: not detected","algae present, no bloom",2020-08-26 14:12:00,30.1380555555556,-81.7272222222222,0.3,
"Lake Monroe-Center (LMAC)","Volusia",2020-08-26,"SJRWMD","No","mixed algae; no dominant species in sample","No","No",,,,,,,,,,,"Anatoxin-a: not detected; Cylindrospermopsin: not detected; Saxitoxin: not detected",,2020-08-26 13:31:00,28.8349722222222,-81.25425,0.3,
"Blue Cypress Lake-Center (BCL)","IndianRiver",2020-08-26,"SJRWMD","No","mixed algae; no dominant species in sample","No","No",,,,,,,,,,,"Anatoxin-a: not detected; Cylindrospermopsin: not detected; Saxitoxin: not detected",,2020-08-26 13:17:00,27.726572,-80.7535556,0.3,
"SJR at Shands Bridge (20030157)","StJohns",2020-08-26,"SJRWMD","Yes","Dominant taxon: Microcystis aeruginosa","Yes","Yes",,,0.41,"I (I qualifier indicates that the reported value is between the laboratory method detection limit and the laboratory practical quantitation limit.)",,,,,,,"Anatoxin-a: not detected; Cylindrospermopsin: 0.41 I (I qualifier indicates that the reported value is between the laboratory method detection limit and the laboratory practical quantitation limit.); Saxitoxin: not detected",,2020-08-26 13:15:00,29.9816305555556,-81.6221388888889,0.3,
"Stick Marsh-North (STKM)","IndianRiver",2020-08-26,"SJRWMD","No","mixed algae; no dominant species in sample","No","No",,,,,,,,,,,"Anatoxin-a: not detected; Cylindrospermopsin: not detected; Saxitoxin: not detected",,2020-08-26 12:25:00,27.81065,-80.724864,0.3,"https://services1.arcgis.com/nRHtyn3uE1kyzoYc/arcgis/rest/services/service_5c5ebb2c750c442da2b09ddcc97bb150/FeatureServer/0/1294/attachments/1416?token=5-9B4_qFJxwE43FpRKmTcizn9xE4gyQzR7iJriH_WSdv7PgrexGGAhHhsGpscZa8SH_qjt0z84tspBh9UZdaQiiM655xl5nYilYijuNFLU5ctgA5UqoDG-yQnKzdu40YNWB8oief-0n4SY_CsI5ZrvtQHd97t_Zf1Jytpde8Gcx1_zdC8Fhz3OKM_JWL5zg6"
"Lake Jesup-off Grassy Point (OW-2)","Seminole",2020-08-25,"SJRWMD","No","Co-dominant taxa were: Microcystis aeruginosa and Cylindrospermopsis raciborskii","Yes","Yes",0.27,"I (I qualifier indicates that the reported value is between the laboratory method detection limit and the laboratory practical quantitation limit.)",3.1,,,,,,,,"Anatoxin-a: not detected; Cylindrospermopsin: 3.1; Saxitoxin: not detected",,2020-08-25 13:59:00,28.7647777777778,-81.1763055555556,0.3,
"Crescent Lake-Shell Bluff Ramp","Flagler",2020-08-20,"SJRWMD","Yes","Co-dominant taxa were: Microcystis aeruginosa and Microcystis wesenbergii","Yes","Yes",0.71,"IY (I qualifier indicates that the reported value is between the laboratory method detection limit and the laboratory practical quantitation limit. Y qualifier indicates improper preservation.)",3.8,"Y (Y qualifier indicates improper preservation.)",,,,,,,"Anatoxin-a: not detected; Cylindrospermopsin: 3.8 Y (Y qualifier indicates improper preservation.); Saxitoxin: not detected","striated bloom present",2020-08-20 12:33:00,29.4932222222222,-81.4875,0.3,
"Lake Washington-Center (LWC)","Brevard",2020-08-18,"SJRWMD","No","mixed algae; no dominant species in sample","No","No",,,,,,,,,,,"Anatoxin-a: not detected; Cylindrospermopsin: not detected; Saxitoxin: not detected",,2020-08-18 15:23:00,28.1424388,-80.746111,0.3,"https://services1.arcgis.com/nRHtyn3uE1kyzoYc/arcgis/rest/services/service_5c5ebb2c750c442da2b09ddcc97bb150/FeatureServer/0/1254/attachments/1399?token=5-9B4_qFJxwE43FpRKmTcizn9xE4gyQzR7iJriH_WSdv7PgrexGGAhHhsGpscZa8SH_qjt0z84tspBh9UZdaQiiM655xl5nYilYijuNFLU5ctgA5UqoDG-yQnKzdu40YNWB8oief-0n4SY_CsI5ZrvtQHd97t_Zf1Jytpde8Gcx1_zdC8Fhz3OKM_JWL5zg6"
"SJR at Buzzard Island (BB22)","Putnam",2020-08-18,"SJRWMD","No","Co-dominant taxa were: Microcystis aeruginosa and Microcystis wesenbergii","Yes","Yes",,,0.87,"I (I qualifier indicates that the reported value is between the laboratory method detection limit and the laboratory practical quantitation limit.)",,,,,,,"Anatoxin-a: not detected; Cylindrospermopsin: 0.87 I (I qualifier indicates that the reported value is between the laboratory method detection limit and the laboratory practical quantitation limit.); Saxitoxin: not detected","algae present-no surface striations",2020-08-18 14:30:00,29.604024,-81.598807,0.3,
"Dunns Creek near fish camp","Putnam",2020-08-18,"SJRWMD","Yes","Co-dominant taxa were: Microcystis aeruginosa and Microcystis wesenbergii","Yes","Yes",0.36,"I (I qualifier indicates that the reported value is between the laboratory method detection limit and the laboratory practical quantitation limit.)",2.5,,,,,,,,"Anatoxin-a: not detected; Cylindrospermopsin: 2.5; Saxitoxin: not detected",,2020-08-18 14:14:00,29.5759444444444,-81.6226666666667,0.3,
"Lake Monroe near power plant","Seminole",2020-08-17,"DEP_CEN_ROC","Yes","Dominant taxon: Microcystis aeruginosa","Yes","No",,,,,,,,,,,"Anatoxin-a: not detected; Cylindrospermopsin: not detected","Suspended through water column, some striated surface accumulation.",2020-08-17 16:04:00,28.8679,-81.2714,0.3,"https://services1.arcgis.com/nRHtyn3uE1kyzoYc/arcgis/rest/services/service_5c5ebb2c750c442da2b09ddcc97bb150/FeatureServer/0/1248/attachments/1390?token=5-9B4_qFJxwE43FpRKmTcizn9xE4gyQzR7iJriH_WSdv7PgrexGGAhHhsGpscZa8SH_qjt0z84tspBh9UZdaQiiM655xl5nYilYijuNFLU5ctgA5UqoDG-yQnKzdu40YNWB8oief-0n4SY_CsI5ZrvtQHd97t_Zf1Jytpde8Gcx1_zdC8Fhz3OKM_JWL5zg6"
"Canal to Mill Cove","Duval",2020-08-17,"DEP_NE_ROC","No","mixed algae; no dominant species in sample","No","No",,,,,,,,,,,"Anatoxin-a: not detected; Cylindrospermopsin: not detected",,2020-08-17 14:25:00,30.3767658,-81.5164467,0.3,"https://services1.arcgis.com/nRHtyn3uE1kyzoYc/arcgis/rest/services/service_5c5ebb2c750c442da2b09ddcc97bb150/FeatureServer/0/1246/attachments/1385?token=5-9B4_qFJxwE43FpRKmTcizn9xE4gyQzR7iJriH_WSdv7PgrexGGAhHhsGpscZa8SH_qjt0z84tspBh9UZdaQiiM655xl5nYilYijuNFLU5ctgA5UqoDG-yQnKzdu40YNWB8oief-0n4SY_CsI5ZrvtQHd97t_Zf1Jytpde8Gcx1_zdC8Fhz3OKM_JWL5zg6"
"SJR - North of Rice Creek","Putnam",2020-08-13,"SJRWMD","No","mixed algae; no dominant species in sample","No","No",,,,,,,,,,,"Anatoxin-a: not detected; Cylindrospermopsin: not detected; Saxitoxin: not detected",,2020-08-13 17:01:00,29.7057,-81.640869,0.3,
"Fellsmere Kayak Launch","IndianRiver",2020-08-13,"DEP_SE_ROC","No","mixed algae; no dominant species in sample","No","No",,,,,,,,,,,"Anatoxin-a: not detected; Cylindrospermopsin: not detected",,2020-08-13 16:30:00,27.8218341325855,-80.7072515154688,0.2,
"Lake George-Center (LEO)","Volusia",2020-08-13,"SJRWMD","No","mixed algae; no dominant species in sample","No","No",,,,,,,,,,,"Anatoxin-a: not detected; Cylindrospermopsin: not detected; Saxitoxin: not detected",,2020-08-13 14:28:00,29.3147442660806,-81.6095180015612,0.3,
"Crescent Lake-mouth of Dunns Creek (CRESLM)","Putnam",2020-08-13,"SJRWMD","Yes","Co-dominant taxa were: Microcystis aeruginosa and Microcystis wesenbergii","Yes","Yes",0.42,"I (I qualifier indicates that the reported value is between the laboratory method detection limit and the laboratory practical quantitation limit.)",4,,,,,,,,"Anatoxin-a: not detected; Cylindrospermopsin: 4.0; Saxitoxin: not detected",,2020-08-13 14:24:00,29.5295555555556,-81.5537222222222,0.3,
"Entrance of Haw Creek","Flagler",2020-08-13,"SJRWMD","Yes","Co-dominant taxa were: Microcystis aeruginosa and Microcystis wesenbergii","Yes","Yes",0.52,"I (I qualifier indicates that the reported value is between the laboratory method detection limit and the laboratory practical quantitation limit.)",,,,,,,,,"Anatoxin-a: not detected; Cylindrospermopsin: not detected; Saxitoxin: not detected",,2020-08-13 13:43:00,29.3969444444444,-81.427,0.3,
"SJR at Watson Island (SJWSIL)","StJohns",2020-08-12,"SJRWMD","Yes","mixed algae; no dominant species in sample","No","No",,,,,,,,,,,"Anatoxin-a: not detected; Cylindrospermopsin: not detected; Saxitoxin: not detected",,2020-08-12 16:31:00,29.895,-81.5947222222222,0.3,
"SJR at Shands Bridge (20030157)","StJohns",2020-08-12,"SJRWMD","No","mixed algae; no dominant species in sample","No","No",,,,,,,,,,,"Anatoxin-a: not detected; Cylindrospermopsin: not detected; Saxitoxin: not detected",,2020-08-12 16:01:00,29.9816305555556,-81.6221388888889,0.3,
"Doctors Lake-Center (DTL)","Clay",2020-08-12,"SJRWMD","No","Dominant taxon: Planktolyngbya limnetica","Yes","Yes",1.3,,,,,,,,,,"Anatoxin-a: not detected; Cylindrospermopsin: not detected; Saxitoxin: not detected",,2020-08-12 14:39:00,30.1380555555556,-81.7272222222222,0.3,
"SJR at Mandarin Point (MP72)","Duval",2020-08-12,"SJRWMD","No","Dominant taxon: Cylindrospermopsis raciborskii","Yes","No",,,,,,,,,,,"Anatoxin-a: not detected; Cylindrospermopsin: not detected; Saxitoxin: not detected",,2020-08-12 14:11:00,30.1566666666667,-81.6838888888889,0.3,
"Lake Monroe-Center (LMAC)","Volusia",2020-08-11,"SJRWMD","No","mixed algae; no dominant species in sample","No","No",,,,,,,,,,,"Anatoxin-a: not detected; Cylindrospermopsin: not detected; Saxitoxin: not detected",,2020-08-11 15:39:00,28.8349722222222,-81.2709166666667,0.3,
"Lake Jesup-off Grassy Point (OW-2)","Seminole",2020-08-11,"SJRWMD","No","Dominant taxon: Cylindrospermopsis raciborskii","Yes","Yes",,,0.87,"I (I qualifier indicates that the reported value is between the laboratory method detection limit and the laboratory practical quantitation limit.)",,,,,,,"Anatoxin-a: not detected; Cylindrospermopsin: 0.87 I (I qualifier indicates that the reported value is between the laboratory method detection limit and the laboratory practical quantitation limit.); Saxitoxin: not detected",,2020-08-11 14:16:00,28.7647777777778,-81.1763055555556,0.3,
"Lake Roberts SE ","Orange",2020-08-10,"County","Yes","Dominant taxon: Microcystis wesenbergii","Yes","Yes",0.26,"I (I qualifier indicates that the reported value is between the laboratory method detection limit and the laboratory practical quantitation limit.)",,,,,,,,,"Anatoxin-a: not detected; Cylindrospermopsin: not detected","Bloom present throughout littoral zone and thinning toward center of lake. ",2020-08-10 15:20:00,28.5144,-81.5703,0.3,"https://services1.arcgis.com/nRHtyn3uE1kyzoYc/arcgis/rest/services/service_5c5ebb2c750c442da2b09ddcc97bb150/FeatureServer/0/1229/attachments/1377?token=5-9B4_qFJxwE43FpRKmTcizn9xE4gyQzR7iJriH_WSdv7PgrexGGAhHhsGpscZa8SH_qjt0z84tspBh9UZdaQiiM655xl5nYilYijuNFLU5ctgA5UqoDG-yQnKzdu40YNWB8oief-0n4SY_CsI5ZrvtQHd97t_Zf1Jytpde8Gcx1_zdC8Fhz3OKM_JWL5zg6"
"Little Orange Lake South End","Alachua",2020-08-05,"DEP_NE_ROC","Yes","Dominant taxon: Dolichospermum circinale",,"No",,,,,,,,,,,"Anatoxin-a: not detected; Cylindrospermopsin: not detected",,2020-08-05 16:30:00,29.57004995,-82.05997834,0.3,"https://services1.arcgis.com/nRHtyn3uE1kyzoYc/arcgis/rest/services/service_5c5ebb2c750c442da2b09ddcc97bb150/FeatureServer/0/1211/attachments/1357?token=5-9B4_qFJxwE43FpRKmTcizn9xE4gyQzR7iJriH_WSdv7PgrexGGAhHhsGpscZa8SH_qjt0z84tspBh9UZdaQiiM655xl5nYilYijuNFLU5ctgA5UqoDG-yQnKzdu40YNWB8oief-0n4SY_CsI5ZrvtQHd97t_Zf1Jytpde8Gcx1_zdC8Fhz3OKM_JWL5zg6"
"Lake Monroe-under I-4 Bridge","Volusia",2020-08-05,"SJRWMD","Yes","Dominant taxon: Microcystis aeruginosa","Yes","No",,,,,,,,,,,"Anatoxin-a: not detected; Cylindrospermopsin: not detected",,2020-08-05 15:28:00,28.83509,-81.31928,0.3,
"Little Orange Lake North Shore","Alachua",2020-08-05,"DEP_NE_ROC","Yes","Dominant taxon: Dolichospermum circinale",,"No",,,,,,,,,,,"Anatoxin-a: not detected; Cylindrospermopsin: not detected","home owner worried about herbicide spraying in area.",2020-08-05 15:20:00,29.58388669,-82.05778539,0.3,"https://services1.arcgis.com/nRHtyn3uE1kyzoYc/arcgis/rest/services/service_5c5ebb2c750c442da2b09ddcc97bb150/FeatureServer/0/1209/attachments/1351?token=5-9B4_qFJxwE43FpRKmTcizn9xE4gyQzR7iJriH_WSdv7PgrexGGAhHhsGpscZa8SH_qjt0z84tspBh9UZdaQiiM655xl5nYilYijuNFLU5ctgA5UqoDG-yQnKzdu40YNWB8oief-0n4SY_CsI5ZrvtQHd97t_Zf1Jytpde8Gcx1_zdC8Fhz3OKM_JWL5zg6"
"Bull Creek-north of Bull Creek Fish Camp","Flagler",2020-07-30,"SJRWMD","Yes","Co-dominant taxa were: Microcystis aeruginosa and Microcystis wesenbergii",,"Yes",0.93,"I (I qualifier indicates that the reported value is between the laboratory method detection limit and the laboratory practical quantitation limit.)",,,,,,,,,"Anatoxin-a: not detected; Cylindrospermopsin: not detected; Saxitoxin: not detected",,2020-07-30 14:58:00,29.4248,-81.4373,0.3,
"SJR near Magnolia Point","Putnam",2020-07-29,"SJRWMD","Yes","mixed algae; no dominant species in sample",,"Yes",0.73,"I (I qualifier indicates that the reported value is between the laboratory method detection limit and the laboratory practical quantitation limit.)",,,,,,,,,"Anatoxin-a: not detected; Cylindrospermopsin: not detected; Saxitoxin: not detected",,2020-07-29 14:51:00,29.74555,-81.56888,0.3,
"Crescent Lake-mouth of Dunns Creek (CRESLM)","Putnam",2020-07-29,"SJRWMD","No","Co-dominant taxa were: Microcystis aeruginosa and Microcystis wesenbergii",,"Yes",1.5,,1.2,,,,,,,,"Anatoxin-a: not detected; Cylindrospermopsin: 1.2; Saxitoxin: not detected",,2020-07-29 14:50:00,29.5295555555556,-81.5537222222222,0.3,
"Crescent Lake near Magnolia Ave","Putnam",2020-07-29,"SJRWMD","Yes","Co-dominant taxa were: Microcystis aeruginosa and Microcystis wesenbergii",,"Yes",1.9,,1.2,,,,,,,,"Anatoxin-a: not detected; Cylindrospermopsin: 1.2; Saxitoxin: not detected",,2020-07-29 14:20:00,29.4362472222222,-81.5051861111111,0.3,
"Lake George-Center (LEO)","Volusia",2020-07-29,"SJRWMD","No","mixed algae; no dominant species in sample",,"Yes",0.62,"I (I qualifier indicates that the reported value is between the laboratory method detection limit and the laboratory practical quantitation limit.)",,,,,0.54,"I (I qualifier indicates that the reported value is between the laboratory method detection limit and the laboratory practical quantitation limit.)",,,"Anatoxin-a: not detected; Cylindrospermopsin: not detected; Saxitoxin: 0.54 I (I qualifier indicates that the reported value is between the laboratory method detection limit and the laboratory practical quantitation limit.)",,2020-07-29 12:30:00,29.3083055555556,-81.6063888888889,0.3,
"SJR at Shands Bridge (20030157)","StJohns",2020-07-28,"SJRWMD","No","Dominant taxon: Microcystis aeruginosa",,"Yes",0.74,"I (I qualifier indicates that the reported value is between the laboratory method detection limit and the laboratory practical quantitation limit.)",,,,,,,,,"Anatoxin-a: not detected; Cylindrospermopsin: not detected; Saxitoxin: not detected",,2020-07-28 14:13:00,29.9816305555556,-81.6221388888889,0.3,
"Blue Cypress Lake-Center (BCL)","IndianRiver",2020-07-28,"SJRWMD","No","mixed algae; no dominant species in sample",,"No",,,,,,,,,,,"Anatoxin-a: not detected; Cylindrospermopsin: not detected; Saxitoxin: not detected",,2020-07-28 13:45:00,27.726572,-80.75355556,0.3,"https://services1.arcgis.com/nRHtyn3uE1kyzoYc/arcgis/rest/services/service_5c5ebb2c750c442da2b09ddcc97bb150/FeatureServer/0/1181/attachments/1330?token=5-9B4_qFJxwE43FpRKmTcizn9xE4gyQzR7iJriH_WSdv7PgrexGGAhHhsGpscZa8SH_qjt0z84tspBh9UZdaQiiM655xl5nYilYijuNFLU5ctgA5UqoDG-yQnKzdu40YNWB8oief-0n4SY_CsI5ZrvtQHd97t_Zf1Jytpde8Gcx1_zdC8Fhz3OKM_JWL5zg6"
"Doctors Lake-Center (DTL)","Clay",2020-07-28,"SJRWMD","No","mixed algae; no dominant species in sample",,"Yes",0.99,"I (I qualifier indicates that the reported value is between the laboratory method detection limit and the laboratory practical quantitation limit.)",,,,,0.91,"IJ (I qualifier indicates that the reported value between laboratory method detection limit and laboratory practical quantitation limit",,,"Anatoxin-a: not detected; Cylindrospermopsin: not detected; Saxitoxin: 0.91 IJ (I qualifier indicates that the reported value between laboratory method detection limit and laboratory practical quantitation limit; J qualifier indicates estimated value)",,2020-07-28 13:18:00,30.1380555555556,-81.7272222222222,0.3,
"SJR at Mandarin Point (MP72)","Duval",2020-07-28,"SJRWMD","No","mixed algae; no dominant species in sample",,,,,,,,,,,,,"Anatoxin-a: not collected; Cylindrospermopsin: not collected; Saxitoxin: not collected",,2020-07-28 12:52:00,30.1566666666667,-81.6838888888889,0.3,
"Stick Marsh-North (STKM)","IndianRiver",2020-07-28,"SJRWMD","No","Dominant taxon: Microcystis aeruginosa",,"No",,,,,,,,,,,"Anatoxin-a: not detected; Cylindrospermopsin: not detected; Saxitoxin: not detected",,2020-07-28 12:32:00,27.81065,-80.724864,0.3,
"Ortega River at Sadler Pt","Duval",2020-07-27,"DEP_NE_ROC","No","mixed algae; no dominant species in sample",,"No",,,,,,,,,,,"Anatoxin-a: not detected; Cylindrospermopsin: not detected",,2020-07-27 17:10:00,30.2754885,-81.7173522,0.3,"https://services1.arcgis.com/nRHtyn3uE1kyzoYc/arcgis/rest/services/service_5c5ebb2c750c442da2b09ddcc97bb150/FeatureServer/0/1176/attachments/1323?token=5-9B4_qFJxwE43FpRKmTcizn9xE4gyQzR7iJriH_WSdv7PgrexGGAhHhsGpscZa8SH_qjt0z84tspBh9UZdaQiiM655xl5nYilYijuNFLU5ctgA5UqoDG-yQnKzdu40YNWB8oief-0n4SY_CsI5ZrvtQHd97t_Zf1Jytpde8Gcx1_zdC8Fhz3OKM_JWL5zg6"
"Lake Jesup-off Grassy Point (OW-2)","Seminole",2020-07-23,"SJRWMD","Yes","Dominant taxon: Microcystis aeruginosa",,"Yes",0.44,"I (I qualifier indicates that the reported value is between the laboratory method detection limit and the laboratory practical quantitation limit.)",0.79,"I (I qualifier indicates that the reported value is between the laboratory method detection limit and the laboratory practical quantitation limit.)",,,,,,,"Anatoxin-a: not detected; Cylindrospermopsin: 0.79 I (I qualifier indicates that the reported value is between the laboratory method detection limit and the laboratory practical quantitation limit.); Saxitoxin: not detected",,2020-07-23 13:10:00,28.7647777777778,-81.1763055555556,0.3,
"Lake Monroe-Center (LMAC)","Volusia",2020-07-22,"SJRWMD","No","mixed algae; no dominant species in sample",,"No",,,,,,,,,,,"Anatoxin-a: not detected; Cylindrospermopsin: not detected; Saxitoxin: not detected",,2020-07-22 12:50:00,28.8349722222222,-81.2709166666667,0.3,
"Black Creek near Boat Ramp (HAB20PK22/L20202625)","Clay",2020-07-21,"SJRWMD","Yes","mixed algae; no dominant species in sample",,"No",,,,,,,,,,,"Anatoxin-a: not detected; Cylindrospermopsin: not detected; Saxitoxin: not detected",,2020-07-21 12:57:00,30.0408055555556,-81.7074166666667,0.3,
"SJR at Channel Marker 31 (HAB20PK17/L20202496)","StJohns",2020-07-20,"SJRWMD","No","mixed algae; no dominant species in sample",,"No",,,,,,,,,,,"Anatoxin-a: not detected; Cylindrospermopsin: not detected; Saxitoxin: not detected",,2020-07-20 16:45:00,29.8636388888889,-81.5841944444444,0.3,
"SJR at St Vincent Hospital","Duval",2020-07-20,"DEP_NE_ROC","Yes","Dominant taxon: Dolichospermum circinale",,"No",,,,,,,,,,,"Anatoxin-a: not detected; Cylindrospermopsin: not detected","light streaks",2020-07-20 16:20:00,30.30775035,-81.68780742,0.3,"https://services1.arcgis.com/nRHtyn3uE1kyzoYc/arcgis/rest/services/service_5c5ebb2c750c442da2b09ddcc97bb150/FeatureServer/0/1139/attachments/1309?token=5-9B4_qFJxwE43FpRKmTcizn9xE4gyQzR7iJriH_WSdv7PgrexGGAhHhsGpscZa8SH_qjt0z84tspBh9UZdaQiiM655xl5nYilYijuNFLU5ctgA5UqoDG-yQnKzdu40YNWB8oief-0n4SY_CsI5ZrvtQHd97t_Zf1Jytpde8Gcx1_zdC8Fhz3OKM_JWL5zg6"
"Lake Washington-Center (LWC)","Brevard",2020-07-20,"SJRWMD","No","mixed algae; no dominant species in sample",,"No",,,,,,,,,,,"Anatoxin-a: not detected; Cylindrospermopsin: not detected; Saxitoxin: not detected",,2020-07-20 12:37:00,28.1424388,-80.746111,0.3,
"Lake Weir @ NE Shore","Marion",2020-07-16,"DEP_CEN_ROC","Yes","Co-dominant taxa were: Microcystis aeruginosa and Botryococcus braunii",,"No",,,,,,,,,,,"Anatoxin-a: not detected; Cylindrospermopsin: not detected",,2020-07-16 16:00:00,29.0376735,-81.9457883,0.287,"https://services1.arcgis.com/nRHtyn3uE1kyzoYc/arcgis/rest/services/service_5c5ebb2c750c442da2b09ddcc97bb150/FeatureServer/0/1135/attachments/1307?token=5-9B4_qFJxwE43FpRKmTcizn9xE4gyQzR7iJriH_WSdv7PgrexGGAhHhsGpscZa8SH_qjt0z84tspBh9UZdaQiiM655xl5nYilYijuNFLU5ctgA5UqoDG-yQnKzdu40YNWB8oief-0n4SY_CsI5ZrvtQHd97t_Zf1Jytpde8Gcx1_zdC8Fhz3OKM_JWL5zg6"
"SJR at Buzzard Island (BB22)","Putnam",2020-07-15,"SJRWMD","No","mixed algae; no dominant species in sample",,"Yes",,,,,,,0.53,"I (I qualifier indicates that the reported value is between the laboratory method detection limit and the laboratory practical quantitation limit.)",,,"Anatoxin-a: not detected; Cylindrospermopsin: not detected; Saxitoxin: 0.53 I (I qualifier indicates that the reported value is between the laboratory method detection limit and the laboratory practical quantitation limit.)",,2020-07-15 15:28:00,29.5952777777778,-81.6791666666667,0.3,
"Lake George-Center (LEO)","Volusia",2020-07-15,"SJRWMD","No","mixed algae; no dominant species in sample",,"Yes",,,,,,,0.56,"I (I qualifier indicates that the reported value is between the laboratory method detection limit and the laboratory practical quantitation limit.)",,,"Anatoxin-a: not detected; Cylindrospermopsin: not detected; Saxitoxin: 0.56 I (I qualifier indicates that the reported value is between the laboratory method detection limit and the laboratory practical quantitation limit.)",,2020-07-15 14:04:00,29.3083055555556,-81.6063888888889,0.3,
"Lake Apopka at Gourd Neck (L20202360)","Orange",2020-07-15,"SJRWMD","Yes","Dominant taxon: Microcystis aeruginosa",,"No",,,,,,,,,,,"Anatoxin-a: not detected; Cylindrospermopsin: not detected; Saxitoxin: not detected",,2020-07-15 13:29:00,28.56828,-81.65515,0.3,
"SJR at Racy Point (SRP)","Putnam",2020-07-14,"SJRWMD","Yes","mixed algae; no dominant species in sample",,"No",,,,,,,,,,,"Anatoxin-a: not detected; Cylindrospermopsin: not detected; Saxitoxin: not detected",,2020-07-14 16:25:00,29.7988888888889,-81.5644444444444,0.3,
"SJR at Watson Island (SJWSIL)","StJohns",2020-07-14,"SJRWMD","Yes","mixed algae; no dominant species in sample",,"No",,,,,,,,,,,"Anatoxin-a: not detected; Cylindrospermopsin: not detected; Saxitoxin: not detected",,2020-07-14 16:03:00,29.895,-81.5947222222222,0.3,
"SJR at Shands Bridge (20030157)","StJohns",2020-07-14,"SJRWMD","No","mixed algae; no dominant species in sample",,"No",,,,,,,,,,,"Anatoxin-a: not detected; Cylindrospermopsin: not detected; Saxitoxin: not detected",,2020-07-14 15:32:00,29.9816305555556,-81.6221388888889,0.3,
"Doctors Lake-Center (DTL)","Clay",2020-07-14,"SJRWMD","No","mixed algae; no dominant species in sample",,"Yes",,,,,,,0.95,"I (I qualifier indicates that the reported value is between the laboratory method detection limit and the laboratory practical quantitation limit.)",,,"Anatoxin-a: not detected; Cylindrospermopsin: not detected; Saxitoxin: 0.95 I (I qualifier indicates that the reported value is between the laboratory method detection limit and the laboratory practical quantitation limit.)",,2020-07-14 14:52:00,30.1380555555556,-81.7272222222222,0.3,
"SJR at Mandarin Point (MP72)","Duval",2020-07-14,"SJRWMD","No","mixed algae; no dominant species in sample",,"No",,,,,,,,,,,"Anatoxin-a: not detected; Cylindrospermopsin: not detected; Saxitoxin: not detected",,2020-07-14 14:30:00,30.1566666666667,-81.6838888888889,0.3,
"Haw Creek-just east of Crescent Lake (L20202354)","Flagler",2020-07-09,"SJRWMD","Yes","Co-dominant taxa were: Microcystis aeruginosa and Microcystis wesenbergii",,"Yes",3,,0.34,"I (I qualifier indicates that the reported value is between the laboratory method detection limit and the laboratory practical quantitation limit.)",,,,,,,"Anatoxin-a: not detected; Cylindrospermopsin: 0.34 I (I qualifier indicates that the reported value is between the laboratory method detection limit and the laboratory practical quantitation limit.); Saxitoxin: not detected",,2020-07-09 14:15:00,29.3968916666667,-81.4271027777778,0.3,
"Crescent Lake-mouth of Dunns Creek (CRESLM)","Putnam",2020-07-09,"SJRWMD","Yes","Co-dominant taxa were: Microcystis aeruginosa and Microcystis wesenbergii",,"Yes",2,,0.75,"I (I qualifier indicates that the reported value is between the laboratory method detection limit and the laboratory practical quantitation limit.)",,,,,,,"Anatoxin-a: not detected; Cylindrospermopsin: 0.75 I (I qualifier indicates that the reported value is between the laboratory method detection limit and the laboratory practical quantitation limit.); Saxitoxin: not detected",,2020-07-09 13:17:00,29.5295555555556,-81.5537222222222,0.3,
"Lake Monroe-Center (LMAC)","Volusia",2020-07-08,"SJRWMD","Yes","Co-dominant taxa were: Microcystis aeruginosa and Cylindrospermopsis raciborskii",,"No",,,,,,,,,,,"Anatoxin-a: not detected; Cylindrospermopsin: not detected; Saxitoxin: not detected",,2020-07-08 14:53:00,28.8349722222222,-81.2709166666667,0.3,
"Lake Jesup-off Grassy Point (OW-2)","Seminole",2020-07-08,"SJRWMD","No","Dominant taxon: Microcystis aeruginosa",,"No",,,,,,,,,,,"Anatoxin-a: not detected; Cylindrospermopsin: not detected; Saxitoxin: not detected",,2020-07-08 13:46:00,28.7647777777778,-81.1763055555556,0.3,
"St.Johns R. @ Beechers Pt","Putnam",2020-07-06,"DEP_NE_ROC","No","mixed algae; no dominant species in sample",,"No",,,,,,,,,,,"Anatoxin-a: not detected; Cylindrospermopsin: not detected","No algae bloom observed. No pictures taken due to lightning",2020-07-06 16:35:00,29.4678636873271,-81.6844682814115,0.3,
"Crescent Lake @ Eagle Trail","Putnam",2020-07-06,"DEP_NE_ROC","Yes","Co-dominant taxa were: Microcystis aeruginosa and Microcystis wesenbergii",,"Yes",0.79,"I (I qualifier indicates that the reported value is between the laboratory method detection limit and the laboratory practical quantitation limit.)",0.31,"I (I qualifier indicates that the reported value is between the laboratory method detection limit and the laboratory practical quantitation limit.)",,,,,,,"Anatoxin-a: not detected; Cylindrospermopsin: 0.31 I (I qualifier indicates that the reported value is between the laboratory method detection limit and the laboratory practical quantitation limit.)","Visible green algae",2020-07-06 15:40:00,29.3848940272227,-81.4726018075021,0.13,"https://services1.arcgis.com/nRHtyn3uE1kyzoYc/arcgis/rest/services/service_5c5ebb2c750c442da2b09ddcc97bb150/FeatureServer/0/1077/attachments/1277?token=5-9B4_qFJxwE43FpRKmTcizn9xE4gyQzR7iJriH_WSdv7PgrexGGAhHhsGpscZa8SH_qjt0z84tspBh9UZdaQiiM655xl5nYilYijuNFLU5ctgA5UqoDG-yQnKzdu40YNWB8oief-0n4SY_CsI5ZrvtQHd97t_Zf1Jytpde8Gcx1_zdC8Fhz3OKM_JWL5zg6"
"Lake Mann @ boat ramp","Orange",2020-07-01,"DEP_CEN_ROC","Yes","Mixed algae; no dominant species in sample",,"No",,,,,,,,,,,"Anatoxin-a: not detected; Cylindrospermopsin: not detected","Green color suspended throughout water column ",2020-07-01 18:52:00,28.5345068595356,-81.4234940504614,0.3,
"Dead Lake boat ramp","Flagler",2020-07-01,"DEP_NE_ROC","Yes","Co-dominant taxa were: Microcystis aeruginosa and Microcystis wesenbergii",,"Yes",9.8,,,,,,,,,,"Anatoxin-a: not detected; Cylindrospermopsin: not detected","at boat ramp launch",2020-07-01 15:20:00,29.42330796,-81.43548556,0.3,"https://services1.arcgis.com/nRHtyn3uE1kyzoYc/arcgis/rest/services/service_5c5ebb2c750c442da2b09ddcc97bb150/FeatureServer/0/1070/attachments/1271?token=5-9B4_qFJxwE43FpRKmTcizn9xE4gyQzR7iJriH_WSdv7PgrexGGAhHhsGpscZa8SH_qjt0z84tspBh9UZdaQiiM655xl5nYilYijuNFLU5ctgA5UqoDG-yQnKzdu40YNWB8oief-0n4SY_CsI5ZrvtQHd97t_Zf1Jytpde8Gcx1_zdC8Fhz3OKM_JWL5zg6"
"Crescent Lake near Haw Creek","Flagler",2020-07-01,"DEP_NE_ROC","Yes","Co-dominant taxa were: Microcystis aeruginosa and Microcystis wesenbergii",,"Yes",1.9,,,,,,,,,,"Anatoxin-a: not detected; Cylindrospermopsin: not detected","thick green streaks",2020-07-01 14:45:00,29.39877932,-81.43391807,0.3,"https://services1.arcgis.com/nRHtyn3uE1kyzoYc/arcgis/rest/services/service_5c5ebb2c750c442da2b09ddcc97bb150/FeatureServer/0/1069/attachments/1269?token=5-9B4_qFJxwE43FpRKmTcizn9xE4gyQzR7iJriH_WSdv7PgrexGGAhHhsGpscZa8SH_qjt0z84tspBh9UZdaQiiM655xl5nYilYijuNFLU5ctgA5UqoDG-yQnKzdu40YNWB8oief-0n4SY_CsI5ZrvtQHd97t_Zf1Jytpde8Gcx1_zdC8Fhz3OKM_JWL5zg6"
"Crescent Lake east side boat ramp","Flagler",2020-07-01,"DEP_NE_ROC","Yes","Co-dominant taxa were: Microcystis aeruginosa and Microcystis wesenbergii",,"Yes",0.43,"I (I qualifier indicates that the reported value is between the laboratory method detection limit and the laboratory practical quantitation limit.)",0.25,"I (I qualifier indicates that the reported value is between the laboratory method detection limit and the laboratory practical quantitation limit.)",,,,,,,"Anatoxin-a: not detected; Cylindrospermopsin: 0.25 I (I qualifier indicates that the reported value is between the laboratory method detection limit and the laboratory practical quantitation limit.)","streaks of green",2020-07-01 13:55:00,29.49356009,-81.48794747,0.3,"https://services1.arcgis.com/nRHtyn3uE1kyzoYc/arcgis/rest/services/service_5c5ebb2c750c442da2b09ddcc97bb150/FeatureServer/0/1068/attachments/1267?token=5-9B4_qFJxwE43FpRKmTcizn9xE4gyQzR7iJriH_WSdv7PgrexGGAhHhsGpscZa8SH_qjt0z84tspBh9UZdaQiiM655xl5nYilYijuNFLU5ctgA5UqoDG-yQnKzdu40YNWB8oief-0n4SY_CsI5ZrvtQHd97t_Zf1Jytpde8Gcx1_zdC8Fhz3OKM_JWL5zg6"
"Indian River (HAB20PB17)","Brevard",2020-06-30,"SJRWMD","Yes","Dominant taxon: Pyrodinium sp",,"Yes",,,,,,,0.89,"I (I qualifier indicates that the reported value is between the laboratory method detection limit and the laboratory practical quantitation limit.)",,,"Anatoxin-a: not detected; Cylindrospermopsin: not detected; Saxitoxin: 0.89 I (I qualifier indicates that the reported value is between the laboratory method detection limit and the laboratory practical quantitation limit.)",,2020-06-30 14:27:50.584,28.36373,-80.72213,0.3,
"Stick Marsh  structure 96B NW (HAB20PB11)","Brevard",2020-06-29,"SJRWMD","Yes","Dominant taxon: Dolichospermum circinale",,"Yes",,,,,,,0.77,"I (I qualifier indicates that the reported value is between the laboratory method detection limit and the laboratory practical quantitation limit.)",,,"Anatoxin-a: not detected; Cylindrospermopsin: not detected; Saxitoxin: 0.77 I (I qualifier indicates that the reported value is between the laboratory method detection limit and the laboratory practical quantitation limit.)",,2020-06-29 16:28:00,27.825069,-80.741478,0.3,"https://services1.arcgis.com/nRHtyn3uE1kyzoYc/arcgis/rest/services/service_5c5ebb2c750c442da2b09ddcc97bb150/FeatureServer/0/1073/attachments/1274?token=5-9B4_qFJxwE43FpRKmTcizn9xE4gyQzR7iJriH_WSdv7PgrexGGAhHhsGpscZa8SH_qjt0z84tspBh9UZdaQiiM655xl5nYilYijuNFLU5ctgA5UqoDG-yQnKzdu40YNWB8oief-0n4SY_CsI5ZrvtQHd97t_Zf1Jytpde8Gcx1_zdC8Fhz3OKM_JWL5zg6"
"Lake Washington-Center (LWC)","Brevard",2020-06-25,"SJRWMD","No","Mixed algae; no dominant species in sample",,"No",,,,,,,,,,,"Anatoxin-a: not detected; Cylindrospermopsin: not detected; Saxitoxin: not detected",,2020-06-25 12:04:00,28.1424388,-80.746111,0.3,
"Stick Marsh-North (STKM)","IndianRiver",2020-06-24,"SJRWMD","No","Dominant taxon: Dolichospermum circinale",,"No",,,,,,,,,,,"Anatoxin-a: not detected; Cylindrospermopsin: not detected; Saxitoxin: not detected",,2020-06-25 11:59:00,27.81065,-80.724864,0.3,"https://services1.arcgis.com/nRHtyn3uE1kyzoYc/arcgis/rest/services/service_5c5ebb2c750c442da2b09ddcc97bb150/FeatureServer/0/1051/attachments/1260?token=5-9B4_qFJxwE43FpRKmTcizn9xE4gyQzR7iJriH_WSdv7PgrexGGAhHhsGpscZa8SH_qjt0z84tspBh9UZdaQiiM655xl5nYilYijuNFLU5ctgA5UqoDG-yQnKzdu40YNWB8oief-0n4SY_CsI5ZrvtQHd97t_Zf1Jytpde8Gcx1_zdC8Fhz3OKM_JWL5zg6"
"Doctors Lake-Center (DTL)","Clay",2020-06-24,"SJRWMD","No","Mixed algae; no dominant species in sample",,"No",,,,,,,,,,,"Anatoxin-a: not detected; Cylindrospermopsin: not detected; Saxitoxin: not detected",,2020-06-24 17:35:00,30.1380555555556,-81.7272222222222,0.3,
"SJR at Mandarin Point (MP72)","Duval",2020-06-24,"SJRWMD","No","Mixed algae; no dominant species in sample",,"No",,,,,,,,,,,"Anatoxin-a: not detected; Cylindrospermopsin: not detected; Saxitoxin: not detected",,2020-06-24 17:15:00,30.1566666666667,-81.6838888888889,0.3,
"SJR at Shands Bridge (20030157)","StJohns",2020-06-24,"SJRWMD","No","Mixed algae; no dominant species in sample",,"No",,,,,,,,,,,"Anatoxin-a: not detected; Cylindrospermopsin: not detected; Saxitoxin: not detected",,2020-06-24 16:40:00,29.9812777777778,-81.6216388888889,0.3,
"Lake Jesup-off Grassy Point (OW-2)","Seminole",2020-06-24,"SJRWMD","Yes","Dominant taxon: Cylindrospermopsis raciborskii",,"No",,,,,,,,,,,"Anatoxin-a: not detected; Cylindrospermopsin: not detected; Saxitoxin: not detected",,2020-06-24 14:34:00,28.7647777777778,-81.1763055555556,0.3,
"Crescent Lake at City Boat Ramp","Putnam",2020-06-24,"SJRWMD","No","Dominant taxon: Aphanizomenon flosaquae",,"Yes",0.33,"I (I qualifier indicates that the reported value is between the laboratory method detection limit and the laboratory practical quantitation limit.)",,,,,,,,,"Anatoxin-a: not detected; Cylindrospermopsin: not detected; Saxitoxin: not detected",,2020-06-24 14:25:00,29.4280666666667,-81.5061278,0.3,
"Lake Monroe-Center (LMAC)","Volusia",2020-06-24,"SJRWMD","Yes","Dominant taxon: Microcystis aeruginosa",,"No",,,,,,,,,,,"Anatoxin-a: not detected; Cylindrospermopsin: not detected; Saxitoxin: not detected",,2020-06-24 14:20:00,28.8349722222222,-81.2709166666667,0.3,
"Lochloosa Lake near Lochloosa Park","Alachua",2020-06-24,"DEP_NW_ROC","No","Dominant taxon: Microcystis aeruginosa",,"No",,,,,,,,,,,"Anatoxin-a: not detected; Cylindrospermopsin: not detected","greenish brown water no algae streaks",2020-06-24 14:10:00,29.5158906,-82.1174652,0.3,"https://services1.arcgis.com/nRHtyn3uE1kyzoYc/arcgis/rest/services/service_5c5ebb2c750c442da2b09ddcc97bb150/FeatureServer/0/1032/attachments/1245?token=5-9B4_qFJxwE43FpRKmTcizn9xE4gyQzR7iJriH_WSdv7PgrexGGAhHhsGpscZa8SH_qjt0z84tspBh9UZdaQiiM655xl5nYilYijuNFLU5ctgA5UqoDG-yQnKzdu40YNWB8oief-0n4SY_CsI5ZrvtQHd97t_Zf1Jytpde8Gcx1_zdC8Fhz3OKM_JWL5zg6"
"Crescent Lake-mouth of Dunns Creek (CRESLM)","Putnam",2020-06-24,"SJRWMD","No","Dominant taxon: Aphanizomenon flosaquae",,"No",,,,,,,,,,,"Anatoxin-a: not detected; Cylindrospermopsin: not detected; Saxitoxin: not detected",,2020-06-24 14:00:00,29.529556,-81.553722,0.3,
"SJR at Welaka","Putnam",2020-06-24,"SJRWMD","No","mixed algae; no dominant species in sample",,"No",,,,,,,,,,,"Anatoxin-a: not detected; Cylindrospermopsin: not detected; Saxitoxin: not detected",,2020-06-24 13:10:00,29.4785305555556,-81.6757444444444,0.3,
"Blue Cypress Lake-Center (BCL)","IndianRiver",2020-06-24,"SJRWMD","No","mixed algae; no dominant species in sample",,"No",,,,,,,,,,,"Anatoxin-a: not detected; Cylindrospermopsin: not detected; Saxitoxin: not detected",,2020-06-24 12:42:00,27.726572,-80.7535556,0.3,
"Lake George-Center (LEO)","Volusia",2020-06-24,"SJRWMD","No","Mixed algae; no dominant species in sample",,"No",,,,,,,,,,,"Anatoxin-a: not detected; Cylindrospermopsin: not detected; Saxitoxin: not detected",,2020-06-24 12:35:00,29.3095,-81.6069722222222,0.3,
"Lake Minneola @ central East shore ","Lake",2020-06-23,"DEP_CEN_ROC","Yes","Dominant taxon: Microcystis aeruginosa",,"No",,,,,,,,,,,"Anatoxin-a: not detected; Cylindrospermopsin: not detected",,2020-06-23 16:18:00,28.5765782091636,-81.7554084974485,0.3,"https://services1.arcgis.com/nRHtyn3uE1kyzoYc/arcgis/rest/services/service_5c5ebb2c750c442da2b09ddcc97bb150/FeatureServer/0/1029/attachments/1241?token=5-9B4_qFJxwE43FpRKmTcizn9xE4gyQzR7iJriH_WSdv7PgrexGGAhHhsGpscZa8SH_qjt0z84tspBh9UZdaQiiM655xl5nYilYijuNFLU5ctgA5UqoDG-yQnKzdu40YNWB8oief-0n4SY_CsI5ZrvtQHd97t_Zf1Jytpde8Gcx1_zdC8Fhz3OKM_JWL5zg6"
"Indian River Lagoon-1 mile south of A. Max Brewer Pkwy Bridge (HAB20PB8)","Brevard",2020-06-22,"SJRWMD","Yes","Dominant taxon: Pyrodinium bahamense",,"Yes",0.41,"I (I qualifier indicates that the reported value is between the laboratory method detection limit and the laboratory practical quantitation limit.)",,,,,0.63,"I (I qualifier indicates that the reported value is between the laboratory method detection limit and the laboratory practical quantitation limit.)",,,"Anatoxin-a: not detected; Cylindrospermopsin: not detected; Saxitoxin: 0.63 I (I qualifier indicates that the reported value is between the laboratory method detection limit and the laboratory practical quantitation limit.)",,2020-06-22 14:55:00,28.59594,-80.7995,0.3,"https://services1.arcgis.com/nRHtyn3uE1kyzoYc/arcgis/rest/services/service_5c5ebb2c750c442da2b09ddcc97bb150/FeatureServer/0/1030/attachments/1243?token=5-9B4_qFJxwE43FpRKmTcizn9xE4gyQzR7iJriH_WSdv7PgrexGGAhHhsGpscZa8SH_qjt0z84tspBh9UZdaQiiM655xl5nYilYijuNFLU5ctgA5UqoDG-yQnKzdu40YNWB8oief-0n4SY_CsI5ZrvtQHd97t_Zf1Jytpde8Gcx1_zdC8Fhz3OKM_JWL5zg6"
"Indian River Lagoon-1 mile north of NASA Pkwy Bridge (HAB20PB9)","Brevard",2020-06-22,"SJRWMD","Yes","Dominant taxon: Pyrodinium bahamense",,"Yes",,,,,,,0.6,"I (I qualifier indicates that the reported value is between the laboratory method detection limit and the laboratory practical quantitation limit.)",,,"Anatoxin-a: not detected; Cylindrospermopsin: not detected; Saxitoxin: 0.60 I (I qualifier indicates that the reported value is between the laboratory method detection limit and the laboratory practical quantitation limit.)",,2020-06-22 14:27:00,28.55992,-80.72834,0.3,"https://services1.arcgis.com/nRHtyn3uE1kyzoYc/arcgis/rest/services/service_5c5ebb2c750c442da2b09ddcc97bb150/FeatureServer/0/1031/attachments/1244?token=5-9B4_qFJxwE43FpRKmTcizn9xE4gyQzR7iJriH_WSdv7PgrexGGAhHhsGpscZa8SH_qjt0z84tspBh9UZdaQiiM655xl5nYilYijuNFLU5ctgA5UqoDG-yQnKzdu40YNWB8oief-0n4SY_CsI5ZrvtQHd97t_Zf1Jytpde8Gcx1_zdC8Fhz3OKM_JWL5zg6"
"Lake Washington-Center (LWC)","Brevard",2020-06-15,"SJRWMD","No","mixed algae; no dominant species in sample",,"No",,,,,,,,,,,"Anatoxin-a: not detected; Cylindrospermopsin: not detected; Saxitoxin: not detected",,2020-06-16 11:51:00,28.1424388888889,-80.7446111111111,0.3,
"Blue Cypress Lake-Center (BCL)","IndianRiver",2020-06-11,"SJRWMD","No","mixed algae; no dominant species in sample",,"No",,,,,,,,,,,"Anatoxin-a: not detected; Cylindrospermopsin: not detected; Saxitoxin: not detected",,2020-06-11 14:08:00,27.7265722222222,-80.7535555555556,0.3,
"Georges Lake NE-west of Boat Ramp (L20202353)","Putnam",2020-06-11,"SJRWMD","Yes","Co-dominant taxa were: Dolichospermum circinale and Anabaena sp.",,"No",,,,,,,,,,,"Anatoxin-a: not detected; Cylindrospermopsin: not detected; Saxitoxin: not detected",,2020-06-11 14:04:00,29.8007888888889,-81.8465777777778,0.3,"https://services1.arcgis.com/nRHtyn3uE1kyzoYc/arcgis/rest/services/service_5c5ebb2c750c442da2b09ddcc97bb150/FeatureServer/0/1005/attachments/1223?token=5-9B4_qFJxwE43FpRKmTcizn9xE4gyQzR7iJriH_WSdv7PgrexGGAhHhsGpscZa8SH_qjt0z84tspBh9UZdaQiiM655xl5nYilYijuNFLU5ctgA5UqoDG-yQnKzdu40YNWB8oief-0n4SY_CsI5ZrvtQHd97t_Zf1Jytpde8Gcx1_zdC8Fhz3OKM_JWL5zg6"
"Stick Marsh-North (STKM)","IndianRiver",2020-06-11,"SJRWMD","No","mixed algae; no dominant species in sample",,"No",,,,,,,,,,,"Anatoxin-a: not detected; Cylindrospermopsin: not detected; Saxitoxin: not detected",,2020-06-11 12:34:00,27.81065,-80.72472222,0.3,
"Crescent Lake-mouth of Dunns Creek (CRESLM)","Putnam",2020-06-10,"SJRWMD","No","mixed algae; no dominant species in sample",,"No",,,,,,,,,,,"Anatoxin-a: not detected; Cylindrospermopsin: not detected; Saxitoxin: not detected",,2020-06-10 18:09:00,29.5295555555556,-81.5537222222222,0.3,
"Lake Monroe-Center (LMAC)","Volusia",2020-06-10,"SJRWMD","Yes","mixed algae; no dominant species in sample",,"Yes",,,,,,,0.51,"I (I qualifier indicates that the reported value is between the laboratory method detection limit and the laboratory practical quantitation limit.)",,,"Anatoxin-a: not detected; Cylindrospermopsin: not detected; Saxitoxin: 0.51 I (I qualifier indicates that the reported value is between the laboratory method detection limit and the laboratory practical quantitation limit.)","Possible bloom present.",2020-06-10 15:27:00,28.8349722222222,-81.2709166666667,0.3,
"Lake Jesup-off Grassy Point (OW-2)","Seminole",2020-06-10,"SJRWMD","No","mixed algae; no dominant species in sample",,"Yes",,,,,,,0.5,"I (I qualifier indicates that the reported value is between the laboratory method detection limit and the laboratory practical quantitation limit.)",,,"Anatoxin-a: not detected; Cylindrospermopsin: not detected; Saxitoxin: 0.50 I (I qualifier indicates that the reported value is between the laboratory method detection limit and the laboratory practical quantitation limit.)","No bloom visible.",2020-06-10 14:01:00,28.7647777777778,-81.1763055555556,0.3,
"Lake George-Center (LEO)","Volusia",2020-06-10,"SJRWMD","Yes","Dominant taxon: Microcystis aeruginosa",,"Yes",,,,,,,0.53,"I (I qualifier indicates that the reported value is between the laboratory method detection limit and the laboratory practical quantitation limit.)",,,"Anatoxin-a: not detected; Cylindrospermopsin: not detected; Saxitoxin: 0.53 I (I qualifier indicates that the reported value is between the laboratory method detection limit and the laboratory practical quantitation limit.)","HAB present at site.",2020-06-10 13:40:00,29.3083055555556,-81.6063888888889,0.3,
"SJR at Shands Bridge (20030157)","StJohns",2020-06-09,"SJRWMD","No","mixed algae; no dominant species in sample",,"Yes",,,,,,,0.75,"I (I qualifier indicates that the reported value is between the laboratory method detection limit and the laboratory practical quantitation limit.)",,,"Anatoxin-a: not detected; Cylindrospermopsin: not detected; Saxitoxin: 0.75 I (I qualifier indicates that the reported value is between the laboratory method detection limit and the laboratory practical quantitation limit.)",,2020-06-09 17:02:00,29.9816388888889,-81.6221388888889,0.3,
"Doctors Lake-Center (DTL)","Clay",2020-06-09,"SJRWMD","No","mixed algae; no dominant species in sample",,"Yes",,,,,,,0.6,"I (I qualifier indicates that the reported value is between the laboratory method detection limit and the laboratory practical quantitation limit.)",,,"Anatoxin-a: not detected; Cylindrospermopsin: not detected; Saxitoxin: 0.60 I (I qualifier indicates that the reported value is between the laboratory method detection limit and the laboratory practical quantitation limit.)",,2020-06-09 14:58:00,30.1380555555556,-81.7272222222222,0.3,
"SJR at Mandarin Point (MP72)","Duval",2020-06-09,"SJRWMD","No","mixed algae; no dominant species in sample",,"Yes",,,,,,,0.69,"I (I qualifier indicates that the reported value is between the laboratory method detection limit and the laboratory practical quantitation limit.)",,,"Anatoxin-a: not detected; Cylindrospermopsin: not detected; Saxitoxin: 0.69 I (I qualifier indicates that the reported value is between the laboratory method detection limit and the laboratory practical quantitation limit.)",,2020-06-09 14:30:00,30.1566666666667,-81.6838888888889,0.3,
"Blue Cypress Lake-Center (BCL)","IndianRiver",2020-05-28,"SJRWMD","No","Dominant taxon: Microcystis aeruginosa",,"No",,,,,,,,,,,"Anatoxin-a: not detected; Cylindrospermopsin: not detected; Saxitoxin: not detected",,2020-05-28 13:04:00,27.7265722222222,-80.7535555555556,0.3,
"Lake George-Center (LEO)","Volusia",2020-05-27,"SJRWMD","No","Dominant taxon: Microcystis aeruginosa",,"No",,,,,,,,,,,"Anatoxin-a: not detected; Cylindrospermopsin: not detected; Saxitoxin: not detected",,2020-05-27 15:15:00,29.3083055555556,-81.6063888888889,0.3,
"SJR at Shands Bridge (20030157)","StJohns",2020-05-27,"SJRWMD","No","mixed algae; no dominant species in sample",,"No",,,,,,,,,,,"Anatoxin-a: not detected; Cylindrospermopsin: not detected; Saxitoxin: not detected",,2020-05-27 14:17:00,29.9816388888889,-81.6221388888889,0.3,
"Crescent Lake-east of Pamona Landing (HAB20PK6)","Putnam",2020-05-27,"SJRWMD","Yes","Dominant taxon: Microcystis aeruginosa",,"Yes",0.35,"I (I qualifier indicates that the reported value is between the laboratory method detection limit and the laboratory practical quantitation limit.)",,,,,,,,,"Anatoxin-a: not detected; Cylindrospermopsin: not detected; Saxitoxin: not detected",,2020-05-27 13:51:00,29.506591,-81.531801,0.3,
"Crescent Lake-mouth of Dunns Creek (CRESLM)","Putnam",2020-05-27,"SJRWMD","No","Dominant taxon: Dolichospermum sp.",,"No",,,,,,,,,,,"Anatoxin-a: not detected; Cylindrospermopsin: not detected; Saxitoxin: not detected",,2020-05-27 13:27:00,29.5295555555556,-81.5537222222222,0.3,
"Doctors Lake-Center (DTL)","Clay",2020-05-27,"SJRWMD","No","mixed algae; no dominant species in sample",,"No",,,,,,,,,,,"Anatoxin-a: not detected; Cylindrospermopsin: not detected; Saxitoxin: not detected",,2020-05-27 13:22:00,30.1380555555556,-81.7272222222222,0.3,
"SJR at Mandarin Point (MP72)","Duval",2020-05-27,"SJRWMD","No","mixed algae; no dominant species in sample",,"No",,,,,,,,,,,"Anatoxin-a: not detected; Cylindrospermopsin: not detected; Saxitoxin: not detected",,2020-05-27 12:55:00,30.1566666666667,-81.6838888888889,0.3,
"Lake Washington-Center (LWC)","Brevard",2020-05-27,"SJRWMD","No","mixed algae; no dominant species in sample",,"No",,,,,,,,,,,"Anatoxin-a: not detected; Cylindrospermopsin: not detected; Saxitoxin: not detected",,2020-05-27 12:22:00,28.1424388888889,-80.7446111111111,0.3,
"Stick Marsh-North (STKM)","IndianRiver",2020-05-27,"SJRWMD","No","mixed algae; no dominant species in sample",,"No",,,,,,,,,,,"Anatoxin-a: not detected; Cylindrospermopsin: not detected; Saxitoxin: not detected",,2020-05-27 12:02:00,27.81065,-80.724864,0.3,
"Lake Jesup-off Grassy Point (OW-2)","Seminole",2020-05-20,"SJRWMD","No","mixed algae; no dominant species in sample",,"No",,,,,,,,,,,"Anatoxin-a: not detected; Cylindrospermopsin: not detected; Saxitoxin: not detected","no bloom visible",2020-05-20 15:10:00,28.76477778,-81.17638889,0.6,
"Lake Monroe-Center (LMAC)","Volusia",2020-05-20,"SJRWMD","No","mixed algae; no dominant species in sample",,"No",,,,,,,,,,,"Anatoxin-a: not detected; Cylindrospermopsin: not detected; Saxitoxin: not detected",,2020-05-20 13:53:00,28.83497222,-81.27083333,2.4,
"Lake Washington-Center (LWC)","Brevard",2020-05-20,"SJRWMD","No","mixed algae; no dominant species in sample",,"No",,,,,,,,,,,"Anatoxin-a: not detected; Cylindrospermopsin: not detected; Saxitoxin: not detected",,2020-05-20 12:16:15.961,28.1515127932849,-80.7452426630352,0.3,
"Jennie Jewel @ SE Corner","Orange",2020-05-18,"DEP_CEN_ROC","No","mixed algae; no dominant species in sample",,"No",,,,,,,,,,,"Anatoxin-a: not detected; Cylindrospermopsin: not detected",,2020-05-18 14:40:00,28.4978860788211,-81.3733326936089,0.3,"https://services1.arcgis.com/nRHtyn3uE1kyzoYc/arcgis/rest/services/service_5c5ebb2c750c442da2b09ddcc97bb150/FeatureServer/0/909/attachments/1167?token=5-9B4_qFJxwE43FpRKmTcizn9xE4gyQzR7iJriH_WSdv7PgrexGGAhHhsGpscZa8SH_qjt0z84tspBh9UZdaQiiM655xl5nYilYijuNFLU5ctgA5UqoDG-yQnKzdu40YNWB8oief-0n4SY_CsI5ZrvtQHd97t_Zf1Jytpde8Gcx1_zdC8Fhz3OKM_JWL5zg6"
"SJR at Shands Bridge (20030157)","StJohns",2020-05-14,"SJRWMD","No","mixed algae; no dominant species in sample",,"No",,,,,,,,,,,"Anatoxin-a: not detected; Cylindrospermopsin: not detected; Saxitoxin: not detected",,2020-05-14 14:50:20.55,29.9834804823102,-81.6163365487558,0.3,
"Doctors Lake-Center (DTL)","Clay",2020-05-14,"SJRWMD","No","mixed algae; no dominant species in sample",,"No",,,,,,,,,,,"Anatoxin-a: not detected; Cylindrospermopsin: not detected; Saxitoxin: not detected",,2020-05-14 13:37:00,30.1380068048413,-81.7279130999181,0.3,
"SJR at Mandarin Point (MP72)","Duval",2020-05-14,"SJRWMD","No","mixed algae; no dominant species in sample",,"No",,,,,,,,,,,"Anatoxin-a: not detected; Cylindrospermopsin: not detected; Saxitoxin: not detected",,2020-05-14 13:17:15.412,30.15666667,-81.68388889,0.3,
"Lake George-Center (LEO)","Volusia",2020-05-13,"SJRWMD","No","Dominant taxon: Cylindrospermopsis raciborskii",,"No",,,,,,,,,,,"Anatoxin-a: not detected; Cylindrospermopsin: not detected; Saxitoxin: not detected",,2020-05-13 13:24:00,29.30831,-81.60638889,0.3,
"Crescent Lake-mouth of Dunns Creek (CRESLM)","Putnam",2020-05-13,"SJRWMD","No","Dominant taxon: Cylindrospermopsis raciborskii",,"No",,,,,,,,,,,"Anatoxin-a: not detected; Cylindrospermopsin: not detected; Saxitoxin: not detected","no bloom visible",2020-05-13 13:04:00,29.529555,-81.503722,0.3,
"Lake Grandin-SE lobe","Putnam",2020-05-13,"SJRWMD","Yes","Dominant taxon: Anabaena sp.",,"No",,,,,,,,,,,"Anatoxin-a: not detected; Cylindrospermopsin: not detected; Saxitoxin: not detected",,2020-05-13 12:58:00,29.67386,-81.88081,0.3,
"Blue Cypress Lake-Center (BCL)","IndianRiver",2020-05-12,"SJRWMD","No","Dominant taxon: Microcystis wesenbergii",,"No",,,,,,,,,,,"Anatoxin-a: not detected; Cylindrospermopsin: not detected; Saxitoxin: not detected",,2020-05-12 14:10:33.313,27.735018193585,-80.7553080390184,0.3,
"Stick Marsh-North (STKM)","IndianRiver",2020-05-12,"SJRWMD","No","mixed algae; no dominant species in sample",,"No",,,,,,,,,,,"Anatoxin-a: not detected; Cylindrospermopsin: not detected; Saxitoxin: not detected",,2020-05-12 12:33:02.629,27.8025763516249,-80.7276765824503,0.3,
"Fellsmere Water Management Area-Center","IndianRiver",2020-04-29,"SJRWMD","Yes","Co-dominant taxa were: Microcystis aeruginosa and Dolichospermum circinale",,"Yes",3,,,,,,,,,,"Anatoxin-a: not detected; Cylindrospermopsin: not detected; Saxitoxin: not detected",,2020-04-29 15:42:00,27.7957,-80.7045,0.3,
"Lake Arnold @ 70m from W shore","Orange",2020-04-15,"DEP_CEN_ROC","No","mixed algae; no dominant species in sample",,"No",,,,,,,,,,,"Anatoxin-a: not detected; Cylindrospermopsin: not detected","Aquashade had been applied to lake. No visible bloom.",2020-04-15 15:03:00,28.5305,-81.3425,0.3,
"Lake George-Salt Springs, at mouth","Volusia",2020-04-07,"SJRWMD","Yes","Dominant taxon: Planktolyngbya limnetica",,"No",,,,,,,,,,,"Anatoxin-a: not detected; Cylindrospermopsin: not detected; Saxitoxin: not detected",,2020-04-07 17:50:00,29.32434,-81.67882,0.3,"https://services1.arcgis.com/nRHtyn3uE1kyzoYc/arcgis/rest/services/service_5c5ebb2c750c442da2b09ddcc97bb150/FeatureServer/0/881/attachments/1129?token=5-9B4_qFJxwE43FpRKmTcizn9xE4gyQzR7iJriH_WSdv7PgrexGGAhHhsGpscZa8SH_qjt0z84tspBh9UZdaQiiM655xl5nYilYijuNFLU5ctgA5UqoDG-yQnKzdu40YNWB8oief-0n4SY_CsI5ZrvtQHd97t_Zf1Jytpde8Gcx1_zdC8Fhz3OKM_JWL5zg6"
"Lake George-Silver Glen, at mouth","Volusia",2020-04-07,"SJRWMD","Yes","Co-dominant taxa were: Planktolyngbya limnetica and Dolichospermum circinale",,"No",,,,,,,,,,,"Anatoxin-a: not detected; Cylindrospermopsin: not detected; Saxitoxin: not detected",,2020-04-07 16:40:00,29.24732,-81.6298,0.3,"https://services1.arcgis.com/nRHtyn3uE1kyzoYc/arcgis/rest/services/service_5c5ebb2c750c442da2b09ddcc97bb150/FeatureServer/0/880/attachments/1128?token=5-9B4_qFJxwE43FpRKmTcizn9xE4gyQzR7iJriH_WSdv7PgrexGGAhHhsGpscZa8SH_qjt0z84tspBh9UZdaQiiM655xl5nYilYijuNFLU5ctgA5UqoDG-yQnKzdu40YNWB8oief-0n4SY_CsI5ZrvtQHd97t_Zf1Jytpde8Gcx1_zdC8Fhz3OKM_JWL5zg6"
"Lake George-Southwest","Volusia",2020-04-07,"SJRWMD","Yes","Dominant taxon: Planktolyngbya limnetica",,"No",,,,,,,,,,,"Anatoxin-a: not detected; Cylindrospermopsin: not detected; Saxitoxin: not detected",,2020-04-07 16:20:00,29.24053,-81.60091,0.3,"https://services1.arcgis.com/nRHtyn3uE1kyzoYc/arcgis/rest/services/service_5c5ebb2c750c442da2b09ddcc97bb150/FeatureServer/0/879/attachments/1127?token=5-9B4_qFJxwE43FpRKmTcizn9xE4gyQzR7iJriH_WSdv7PgrexGGAhHhsGpscZa8SH_qjt0z84tspBh9UZdaQiiM655xl5nYilYijuNFLU5ctgA5UqoDG-yQnKzdu40YNWB8oief-0n4SY_CsI5ZrvtQHd97t_Zf1Jytpde8Gcx1_zdC8Fhz3OKM_JWL5zg6"
"Lake George-South","Volusia",2020-04-07,"SJRWMD","Yes","Dominant taxon: Planktolyngbya limnetica",,"No",,,,,,,,,,,"Anatoxin-a: not detected; Cylindrospermopsin: not detected; Saxitoxin: not detected",,2020-04-07 16:15:00,29.237,-81.5801,0.3,"https://services1.arcgis.com/nRHtyn3uE1kyzoYc/arcgis/rest/services/service_5c5ebb2c750c442da2b09ddcc97bb150/FeatureServer/0/878/attachments/1126?token=5-9B4_qFJxwE43FpRKmTcizn9xE4gyQzR7iJriH_WSdv7PgrexGGAhHhsGpscZa8SH_qjt0z84tspBh9UZdaQiiM655xl5nYilYijuNFLU5ctgA5UqoDG-yQnKzdu40YNWB8oief-0n4SY_CsI5ZrvtQHd97t_Zf1Jytpde8Gcx1_zdC8Fhz3OKM_JWL5zg6"
"Lake George-Center (LEO)","Volusia",2020-04-07,"SJRWMD","Yes","Dominant taxon: Planktolyngbya limnetica",,"No",,,,,,,,,,,"Anatoxin-a: not detected; Cylindrospermopsin: not detected; Saxitoxin: not detected",,2020-04-07 15:40:00,29.3095,-81.6069722222222,0.3,"https://services1.arcgis.com/nRHtyn3uE1kyzoYc/arcgis/rest/services/service_5c5ebb2c750c442da2b09ddcc97bb150/FeatureServer/0/876/attachments/1124?token=5-9B4_qFJxwE43FpRKmTcizn9xE4gyQzR7iJriH_WSdv7PgrexGGAhHhsGpscZa8SH_qjt0z84tspBh9UZdaQiiM655xl5nYilYijuNFLU5ctgA5UqoDG-yQnKzdu40YNWB8oief-0n4SY_CsI5ZrvtQHd97t_Zf1Jytpde8Gcx1_zdC8Fhz3OKM_JWL5zg6"
"Lake George-North","Putnam",2020-04-07,"SJRWMD","Yes","Dominant taxon: Planktolyngbya limnetica",,"No",,,,,,,,,,,"Anatoxin-a: not detected; Cylindrospermopsin: not detected; Saxitoxin: not detected",,2020-04-07 15:25:00,29.3403833333333,-81.6161638888889,0.3,"https://services1.arcgis.com/nRHtyn3uE1kyzoYc/arcgis/rest/services/service_5c5ebb2c750c442da2b09ddcc97bb150/FeatureServer/0/875/attachments/1123?token=5-9B4_qFJxwE43FpRKmTcizn9xE4gyQzR7iJriH_WSdv7PgrexGGAhHhsGpscZa8SH_qjt0z84tspBh9UZdaQiiM655xl5nYilYijuNFLU5ctgA5UqoDG-yQnKzdu40YNWB8oief-0n4SY_CsI5ZrvtQHd97t_Zf1Jytpde8Gcx1_zdC8Fhz3OKM_JWL5zg6"
"SJR at Channel Marker 12","Putnam",2020-04-07,"SJRWMD","Yes","Dominant taxon: Dolichospermum circinale",,"No",,,,,,,,,,,"Anatoxin-a: not detected; Cylindrospermopsin: not detected; Saxitoxin: not detected",,2020-04-07 14:05:00,29.6089527777778,-81.5979055555556,0.3,"https://services1.arcgis.com/nRHtyn3uE1kyzoYc/arcgis/rest/services/service_5c5ebb2c750c442da2b09ddcc97bb150/FeatureServer/0/874/attachments/1122?token=5-9B4_qFJxwE43FpRKmTcizn9xE4gyQzR7iJriH_WSdv7PgrexGGAhHhsGpscZa8SH_qjt0z84tspBh9UZdaQiiM655xl5nYilYijuNFLU5ctgA5UqoDG-yQnKzdu40YNWB8oief-0n4SY_CsI5ZrvtQHd97t_Zf1Jytpde8Gcx1_zdC8Fhz3OKM_JWL5zg6"
"SJR at Palatka City Dock","Putnam",2020-04-07,"SJRWMD","Yes","mixed algae; no dominant species in sample",,"No",,,,,,,,,,,"Anatoxin-a: not detected; Cylindrospermopsin: not detected; Saxitoxin: not detected",,2020-04-07 13:35:00,29.6436444444444,-81.6307666666667,0.3,"https://services1.arcgis.com/nRHtyn3uE1kyzoYc/arcgis/rest/services/service_5c5ebb2c750c442da2b09ddcc97bb150/FeatureServer/0/873/attachments/1121?token=5-9B4_qFJxwE43FpRKmTcizn9xE4gyQzR7iJriH_WSdv7PgrexGGAhHhsGpscZa8SH_qjt0z84tspBh9UZdaQiiM655xl5nYilYijuNFLU5ctgA5UqoDG-yQnKzdu40YNWB8oief-0n4SY_CsI5ZrvtQHd97t_Zf1Jytpde8Gcx1_zdC8Fhz3OKM_JWL5zg6"
"Lake George-East","Volusia",2020-04-06,"SJRWMD","Yes","Dominant taxon: Planktolyngbya limnetica",,"No",,,,,,,,,,,"Anatoxin-a: not detected; Cylindrospermopsin: not detected; Saxitoxin: not detected",,2020-04-07 04:00:00,29.31256,-81.58378,0.3,"https://services1.arcgis.com/nRHtyn3uE1kyzoYc/arcgis/rest/services/service_5c5ebb2c750c442da2b09ddcc97bb150/FeatureServer/0/877/attachments/1125?token=5-9B4_qFJxwE43FpRKmTcizn9xE4gyQzR7iJriH_WSdv7PgrexGGAhHhsGpscZa8SH_qjt0z84tspBh9UZdaQiiM655xl5nYilYijuNFLU5ctgA5UqoDG-yQnKzdu40YNWB8oief-0n4SY_CsI5ZrvtQHd97t_Zf1Jytpde8Gcx1_zdC8Fhz3OKM_JWL5zg6"
"Bull Creek-at Dead Lake, near mouth","Flagler",2020-04-02,"SJRWMD","Yes","mixed algae; no dominant species in sample",,"No",,,,,,,,,,,"Anatoxin-a: not detected; Cylindrospermopsin: not detected",,2020-04-02 14:37:00,29.424315,-81.436153,0.3,"https://services1.arcgis.com/nRHtyn3uE1kyzoYc/arcgis/rest/services/service_5c5ebb2c750c442da2b09ddcc97bb150/FeatureServer/0/869/attachments/1115?token=5-9B4_qFJxwE43FpRKmTcizn9xE4gyQzR7iJriH_WSdv7PgrexGGAhHhsGpscZa8SH_qjt0z84tspBh9UZdaQiiM655xl5nYilYijuNFLU5ctgA5UqoDG-yQnKzdu40YNWB8oief-0n4SY_CsI5ZrvtQHd97t_Zf1Jytpde8Gcx1_zdC8Fhz3OKM_JWL5zg6"
"SJR at Welaka Springs","Putnam",2020-03-31,"SJRWMD","Yes","Dominant taxon: Dolichospermum circinale",,"No",,,,,,,,,,,"Anatoxin-a: not detected; Cylindrospermopsin: not detected",,2020-03-31 16:00:00,29.494539,-81.673247,0.3,
"SJR at Hog Island","Putnam",2020-03-31,"SJRWMD","No","Dominant taxon: Dolichospermum circinale",,"No",,,,,,,,,,,"Anatoxin-a: not detected; Cylindrospermopsin: not detected",,2020-03-31 15:00:00,29.3780138888889,-81.6609222222222,0.3,
"Stick Marsh-Boat Ramp (L20202334)","IndianRiver",2020-03-24,"SJRWMD","No","mixed algae; no dominant species in sample",,"No",,,,,,,,,,,"Anatoxin-a: not detected; Cylindrospermopsin: not detected",,2020-03-24 13:08:00,27.8231666666667,-80.7091666666667,0.3,"https://services1.arcgis.com/nRHtyn3uE1kyzoYc/arcgis/rest/services/service_5c5ebb2c750c442da2b09ddcc97bb150/FeatureServer/0/865/attachments/1113?token=5-9B4_qFJxwE43FpRKmTcizn9xE4gyQzR7iJriH_WSdv7PgrexGGAhHhsGpscZa8SH_qjt0z84tspBh9UZdaQiiM655xl5nYilYijuNFLU5ctgA5UqoDG-yQnKzdu40YNWB8oief-0n4SY_CsI5ZrvtQHd97t_Zf1Jytpde8Gcx1_zdC8Fhz3OKM_JWL5zg6"
"SJR at Welaka Boat Ramp","Putnam",2020-03-23,"SJRWMD","Yes","mixed algae; no dominant species in sample",,"No",,,,,,,,,,,"Anatoxin-a: not detected; Cylindrospermopsin: not detected",,2020-03-23 16:20:00,29.4786111111111,-81.6786472222222,0.3,"https://services1.arcgis.com/nRHtyn3uE1kyzoYc/arcgis/rest/services/service_5c5ebb2c750c442da2b09ddcc97bb150/FeatureServer/0/864/attachments/1110?token=5-9B4_qFJxwE43FpRKmTcizn9xE4gyQzR7iJriH_WSdv7PgrexGGAhHhsGpscZa8SH_qjt0z84tspBh9UZdaQiiM655xl5nYilYijuNFLU5ctgA5UqoDG-yQnKzdu40YNWB8oief-0n4SY_CsI5ZrvtQHd97t_Zf1Jytpde8Gcx1_zdC8Fhz3OKM_JWL5zg6"
"SJR at Shell Harbor CM40A","Putnam",2020-03-23,"SJRWMD","Yes","mixed algae; no dominant species in sample",,"No",,,,,,,,,,,"Anatoxin-a: not detected; Cylindrospermopsin: not detected",,2020-03-23 16:00:00,29.5134722222222,-81.6786472222222,0.3,"https://services1.arcgis.com/nRHtyn3uE1kyzoYc/arcgis/rest/services/service_5c5ebb2c750c442da2b09ddcc97bb150/FeatureServer/0/863/attachments/1109?token=5-9B4_qFJxwE43FpRKmTcizn9xE4gyQzR7iJriH_WSdv7PgrexGGAhHhsGpscZa8SH_qjt0z84tspBh9UZdaQiiM655xl5nYilYijuNFLU5ctgA5UqoDG-yQnKzdu40YNWB8oief-0n4SY_CsI5ZrvtQHd97t_Zf1Jytpde8Gcx1_zdC8Fhz3OKM_JWL5zg6"
"Lake Minneola-Center (L20202357)","Lake",2020-03-19,"SJRWMD","Yes","mixed algae; no dominant species in sample",,"No",,,,,,,,,,,"Anatoxin-a: not detected; Cylindrospermopsin: not detected","Brown color to bloom.",2020-03-19 14:05:00,28.57488,-81.76885,0.3,
"Lake Harris-near Eldorado (L20202356)","Lake",2020-03-16,"SJRWMD","Yes","Co-dominant taxa were: Microcystis aeruginosa and Cylindrospermopsis raciborskii",,"No",,,,,,,,,,,"Anatoxin-a: not detected; Cylindrospermopsin: not detected",,2020-03-16 17:32:00,28.79717,-81.82257,0.3,"https://services1.arcgis.com/nRHtyn3uE1kyzoYc/arcgis/rest/services/service_5c5ebb2c750c442da2b09ddcc97bb150/FeatureServer/0/859/attachments/1101?token=5-9B4_qFJxwE43FpRKmTcizn9xE4gyQzR7iJriH_WSdv7PgrexGGAhHhsGpscZa8SH_qjt0z84tspBh9UZdaQiiM655xl5nYilYijuNFLU5ctgA5UqoDG-yQnKzdu40YNWB8oief-0n4SY_CsI5ZrvtQHd97t_Zf1Jytpde8Gcx1_zdC8Fhz3OKM_JWL5zg6"
"Lake Dora-Center (L20202355)","Lake",2020-03-12,"SJRWMD","Yes","Dominant taxon: Microcystis aeruginosa",,"No",,,,,,,,,,,"Anatoxin-a: not detected; Cylindrospermopsin: not detected",,2020-03-12 17:40:00,28.78863,-81.69846,0.3,"https://services1.arcgis.com/nRHtyn3uE1kyzoYc/arcgis/rest/services/service_5c5ebb2c750c442da2b09ddcc97bb150/FeatureServer/0/858/attachments/1099?token=5-9B4_qFJxwE43FpRKmTcizn9xE4gyQzR7iJriH_WSdv7PgrexGGAhHhsGpscZa8SH_qjt0z84tspBh9UZdaQiiM655xl5nYilYijuNFLU5ctgA5UqoDG-yQnKzdu40YNWB8oief-0n4SY_CsI5ZrvtQHd97t_Zf1Jytpde8Gcx1_zdC8Fhz3OKM_JWL5zg6"
"Lake Minneola near beach","Lake",2020-03-12,"DEP_CEN_ROC","Yes","Dominant taxon: Dolichospermum planctonicum",,"No",,,,,,,,,,,"Anatoxin-a: not detected; Cylindrospermopsin: not detected",,2020-03-12 15:31:00,28.5622,-81.7601,0.3,"https://services1.arcgis.com/nRHtyn3uE1kyzoYc/arcgis/rest/services/service_5c5ebb2c750c442da2b09ddcc97bb150/FeatureServer/0/854/attachments/1090?token=5-9B4_qFJxwE43FpRKmTcizn9xE4gyQzR7iJriH_WSdv7PgrexGGAhHhsGpscZa8SH_qjt0z84tspBh9UZdaQiiM655xl5nYilYijuNFLU5ctgA5UqoDG-yQnKzdu40YNWB8oief-0n4SY_CsI5ZrvtQHd97t_Zf1Jytpde8Gcx1_zdC8Fhz3OKM_JWL5zg6"
"Fay Lake","Brevard",2020-03-12,"DEP_CEN_ROC","Yes","mixed algae; no dominant species in sample",,"No",,,,,,,,,,,"Anatoxin-a: not detected; Cylindrospermopsin: not detected","Fish kill occurring throughout lake.  ",2020-03-12 15:20:00,28.46121,-80.834659,0.309,"https://services1.arcgis.com/nRHtyn3uE1kyzoYc/arcgis/rest/services/service_5c5ebb2c750c442da2b09ddcc97bb150/FeatureServer/0/856/attachments/1095?token=5-9B4_qFJxwE43FpRKmTcizn9xE4gyQzR7iJriH_WSdv7PgrexGGAhHhsGpscZa8SH_qjt0z84tspBh9UZdaQiiM655xl5nYilYijuNFLU5ctgA5UqoDG-yQnKzdu40YNWB8oief-0n4SY_CsI5ZrvtQHd97t_Zf1Jytpde8Gcx1_zdC8Fhz3OKM_JWL5zg6"
"Lake Minneola near center","Lake",2020-03-12,"DEP_CEN_ROC","Yes","Dominant taxon: Dolichospermum planctonicum",,"No",,,,,,,,,,,"Anatoxin-a: not detected; Cylindrospermopsin: not detected",,2020-03-12 15:15:00,28.5689,-81.7643,0.3,"https://services1.arcgis.com/nRHtyn3uE1kyzoYc/arcgis/rest/services/service_5c5ebb2c750c442da2b09ddcc97bb150/FeatureServer/0/853/attachments/1088?token=5-9B4_qFJxwE43FpRKmTcizn9xE4gyQzR7iJriH_WSdv7PgrexGGAhHhsGpscZa8SH_qjt0z84tspBh9UZdaQiiM655xl5nYilYijuNFLU5ctgA5UqoDG-yQnKzdu40YNWB8oief-0n4SY_CsI5ZrvtQHd97t_Zf1Jytpde8Gcx1_zdC8Fhz3OKM_JWL5zg6"
"Lake Harris-Center (HAR)","Lake",2020-03-11,"SJRWMD","Yes","Co-dominant taxa were: Microcystis aeruginosa and Cylindrospermopsis raciborskii",,"No",,,,,,,,,,,"Anatoxin-a: not detected; Cylindrospermopsin: not detected",,2020-03-11 13:21:00,28.779784,-81.805441,0.3,"https://services1.arcgis.com/nRHtyn3uE1kyzoYc/arcgis/rest/services/service_5c5ebb2c750c442da2b09ddcc97bb150/FeatureServer/0/855/attachments/1093?token=5-9B4_qFJxwE43FpRKmTcizn9xE4gyQzR7iJriH_WSdv7PgrexGGAhHhsGpscZa8SH_qjt0z84tspBh9UZdaQiiM655xl5nYilYijuNFLU5ctgA5UqoDG-yQnKzdu40YNWB8oief-0n4SY_CsI5ZrvtQHd97t_Zf1Jytpde8Gcx1_zdC8Fhz3OKM_JWL5zg6"
"Lake Arnold @ 70m from W shore","Orange",2020-03-10,"DEP_CEN_ROC","Yes","Co-dominant taxa were: Microcystis aeruginosa and Cylindrospermopsis raciborskii",,"Yes",0.74,"I (I qualifier indicates that the reported value is between the laboratory method detection limit and the laboratory practical quantitation limit.)",,,,,,,,,"Anatoxin-a: not detected; Cylindrospermopsin: not detected",,2020-03-10 14:15:00,28.5305,-81.3425,0.3,
"Lake Jennie Jewel","Orange",2020-03-09,"County","Yes","Dominant taxon: Microcystis aeruginosa",,"Yes",8.5,,,,,,,,,,"Anatoxin-a: not detected; Cylindrospermopsin: not detected",,2020-03-09 13:50:00,28.497492,-81.373288,0.3,"https://services1.arcgis.com/nRHtyn3uE1kyzoYc/arcgis/rest/services/service_5c5ebb2c750c442da2b09ddcc97bb150/FeatureServer/0/848/attachments/1083?token=5-9B4_qFJxwE43FpRKmTcizn9xE4gyQzR7iJriH_WSdv7PgrexGGAhHhsGpscZa8SH_qjt0z84tspBh9UZdaQiiM655xl5nYilYijuNFLU5ctgA5UqoDG-yQnKzdu40YNWB8oief-0n4SY_CsI5ZrvtQHd97t_Zf1Jytpde8Gcx1_zdC8Fhz3OKM_JWL5zg6"
"Lake Anderson","Orange",2020-03-09,"County","Yes","Dominant taxon: Microcystis aeruginosa",,"Yes",4.7,,,,,,,,,,"Anatoxin-a: not detected; Cylindrospermopsin: not detected",,2020-03-09 13:05:00,28.5005,-81.3378,0.3,"https://services1.arcgis.com/nRHtyn3uE1kyzoYc/arcgis/rest/services/service_5c5ebb2c750c442da2b09ddcc97bb150/FeatureServer/0/847/attachments/1081?token=5-9B4_qFJxwE43FpRKmTcizn9xE4gyQzR7iJriH_WSdv7PgrexGGAhHhsGpscZa8SH_qjt0z84tspBh9UZdaQiiM655xl5nYilYijuNFLU5ctgA5UqoDG-yQnKzdu40YNWB8oief-0n4SY_CsI5ZrvtQHd97t_Zf1Jytpde8Gcx1_zdC8Fhz3OKM_JWL5zg6"
"Lake Arnold","Orange",2020-03-03,"DEP_CEN_ROC","Yes","Co-dominant taxa were: Microcystis aeruginosa and Cylindrospermopsis raciborskii",,"Yes",1.8,"I (I qualifier indicates that the reported value is between the laboratory method detection limit and the laboratory practical quantitation limit.)",,,,,,,,,"Anatoxin-a: not detected; Cylindrospermopsin: not detected","Still fully suspended in the water column",2020-03-03 15:16:00,28.5305,-81.3425,0.3,
"Ocklawaha River--Moss Bluff (MBU)","Marion",2020-03-03,"SJRWMD","Yes","Co-dominant taxa were: Microcystis aeruginosa and Coelosphaerium dubium",,"Yes",2.1,,,,,,,,,,"Anatoxin-a: not detected; Cylindrospermopsin: not detected",,2020-03-03 14:26:00,29.0793194444444,-81.8819444444444,0.3,
"Lake Jennie Jewel at West of Canal Connection to East Lobe","Orange",2020-02-26,"DEP_CEN_ROC","Yes","Dominant taxon: Microcystis aeruginosa",,"Yes",2.4,,,,,,,,,,"Anatoxin-a: not detected; Cylindrospermopsin: not detected",,2020-02-26 16:04:04.613,28.497492,-81.373288,0.3,
"Lake Arnold ","Orange",2020-02-25,"DEP_CEN_ROC","Yes","Co-dominant taxa were: Microcystis aeruginosa and Cylindrospermopsis raciborskii",,"Yes",1.6,"I (I qualifier indicates that the reported value is between the laboratory method detection limit and the laboratory practical quantitation limit.)",,,,,,,,,"Anatoxin-a: not detected; Cylindrospermopsin: not detected",,2020-02-25 13:56:00,28.5305,-81.3425,0.3,"https://services1.arcgis.com/nRHtyn3uE1kyzoYc/arcgis/rest/services/service_5c5ebb2c750c442da2b09ddcc97bb150/FeatureServer/0/835/attachments/1068?token=5-9B4_qFJxwE43FpRKmTcizn9xE4gyQzR7iJriH_WSdv7PgrexGGAhHhsGpscZa8SH_qjt0z84tspBh9UZdaQiiM655xl5nYilYijuNFLU5ctgA5UqoDG-yQnKzdu40YNWB8oief-0n4SY_CsI5ZrvtQHd97t_Zf1Jytpde8Gcx1_zdC8Fhz3OKM_JWL5zg6"
"Fellsmere Water Management Area","IndianRiver",2020-02-24,"SJRWMD","Yes","Co-dominant taxa were: Microcystis aeruginosa and Microcystis sp.",,"No",,,,,,,,,,,"Anatoxin-a: not detected; Cylindrospermopsin: not detected",,2020-02-24 13:47:00,27.7956694444444,-80.7045388888889,0.3,"https://services1.arcgis.com/nRHtyn3uE1kyzoYc/arcgis/rest/services/service_5c5ebb2c750c442da2b09ddcc97bb150/FeatureServer/0/837/attachments/1072?token=5-9B4_qFJxwE43FpRKmTcizn9xE4gyQzR7iJriH_WSdv7PgrexGGAhHhsGpscZa8SH_qjt0z84tspBh9UZdaQiiM655xl5nYilYijuNFLU5ctgA5UqoDG-yQnKzdu40YNWB8oief-0n4SY_CsI5ZrvtQHd97t_Zf1Jytpde8Gcx1_zdC8Fhz3OKM_JWL5zg6"
"Lake Minneola @ 100 m W of West Beach Park","Lake",2020-02-20,"DEP_CEN_ROC","Yes","Dominant taxon: Dolichospermum planctonicum",,"No",,,,,,,,,,,"Anatoxin-a: not detected; Cylindrospermopsin: not detected","Highly concentrated in southwest portion of lake.",2020-02-20 17:05:00,28.559674,-81.773788,0.3,"https://services1.arcgis.com/nRHtyn3uE1kyzoYc/arcgis/rest/services/service_5c5ebb2c750c442da2b09ddcc97bb150/FeatureServer/0/832/attachments/1061?token=5-9B4_qFJxwE43FpRKmTcizn9xE4gyQzR7iJriH_WSdv7PgrexGGAhHhsGpscZa8SH_qjt0z84tspBh9UZdaQiiM655xl5nYilYijuNFLU5ctgA5UqoDG-yQnKzdu40YNWB8oief-0n4SY_CsI5ZrvtQHd97t_Zf1Jytpde8Gcx1_zdC8Fhz3OKM_JWL5zg6"
"Lake Minneola @ Central East Shore","Lake",2020-02-20,"DEP_CEN_ROC","Yes","Dominant taxon: Dolichospermum planctonicum",,"No",,,,,,,,,,,"Anatoxin-a: not detected; Cylindrospermopsin: not detected","Not as highly concentrated as seen on previous collection. ",2020-02-20 16:38:00,28.5777112,-81.7541458,0.302,"https://services1.arcgis.com/nRHtyn3uE1kyzoYc/arcgis/rest/services/service_5c5ebb2c750c442da2b09ddcc97bb150/FeatureServer/0/833/attachments/1063?token=5-9B4_qFJxwE43FpRKmTcizn9xE4gyQzR7iJriH_WSdv7PgrexGGAhHhsGpscZa8SH_qjt0z84tspBh9UZdaQiiM655xl5nYilYijuNFLU5ctgA5UqoDG-yQnKzdu40YNWB8oief-0n4SY_CsI5ZrvtQHd97t_Zf1Jytpde8Gcx1_zdC8Fhz3OKM_JWL5zg6"
"Tarpon Lane","IndianRiver",2020-02-20,"DEP_SE_ROC","Yes","mixed algae; no dominant species in sample",,"No",,,,,,,,,,,"Anatoxin-a: not detected; Cylindrospermopsin: not detected",,2020-02-20 16:03:00,27.6357063828127,-80.3764786272635,0.3,"https://services1.arcgis.com/nRHtyn3uE1kyzoYc/arcgis/rest/services/service_5c5ebb2c750c442da2b09ddcc97bb150/FeatureServer/0/834/attachments/1065?token=5-9B4_qFJxwE43FpRKmTcizn9xE4gyQzR7iJriH_WSdv7PgrexGGAhHhsGpscZa8SH_qjt0z84tspBh9UZdaQiiM655xl5nYilYijuNFLU5ctgA5UqoDG-yQnKzdu40YNWB8oief-0n4SY_CsI5ZrvtQHd97t_Zf1Jytpde8Gcx1_zdC8Fhz3OKM_JWL5zg6"
"Lake Anderson @ NW side of Lake Near outfall","Orange",2020-02-17,"County","Yes","Co-dominant taxa were: Microcystis aeruginosa and Microcystis wesenbergii",,"Yes",34,,,,,,,,,,"Anatoxin-a: not detected; Cylindrospermopsin: not detected",,2020-02-18 03:45:00,28.50045,-81.337824,0.5,"https://services1.arcgis.com/nRHtyn3uE1kyzoYc/arcgis/rest/services/service_5c5ebb2c750c442da2b09ddcc97bb150/FeatureServer/0/827/attachments/1053?token=5-9B4_qFJxwE43FpRKmTcizn9xE4gyQzR7iJriH_WSdv7PgrexGGAhHhsGpscZa8SH_qjt0z84tspBh9UZdaQiiM655xl5nYilYijuNFLU5ctgA5UqoDG-yQnKzdu40YNWB8oief-0n4SY_CsI5ZrvtQHd97t_Zf1Jytpde8Gcx1_zdC8Fhz3OKM_JWL5zg6"
"HAB Spoonbill Pond Off Boardwalk","Duval",2020-02-17,"DEP_NE_ROC","No","Dominant taxon: Chlamydomonas sp.",,"No",,,,,,,,,,,"Anatoxin-a: not detected; Cylindrospermopsin: not detected","Algae bloom no present, some pollen present though. A small patch of filamentous algae found near boardwalk.",2020-02-17 19:05:00,30.50734,-81.45731,0.05,"https://services1.arcgis.com/nRHtyn3uE1kyzoYc/arcgis/rest/services/service_5c5ebb2c750c442da2b09ddcc97bb150/FeatureServer/0/825/attachments/1049?token=5-9B4_qFJxwE43FpRKmTcizn9xE4gyQzR7iJriH_WSdv7PgrexGGAhHhsGpscZa8SH_qjt0z84tspBh9UZdaQiiM655xl5nYilYijuNFLU5ctgA5UqoDG-yQnKzdu40YNWB8oief-0n4SY_CsI5ZrvtQHd97t_Zf1Jytpde8Gcx1_zdC8Fhz3OKM_JWL5zg6"
"Lake Jennie Jewel at West of Canal Connection to East Lobe","Orange",2020-02-17,"County","Yes","Co-dominant taxa were: Microcystis sp. and Microcystis wesenbergii",,"Yes",150,,,,,,,,,,"Anatoxin-a: not detected; Cylindrospermopsin: not detected",,2020-02-17 16:19:00,28.49749,-81.373288,0.5,"https://services1.arcgis.com/nRHtyn3uE1kyzoYc/arcgis/rest/services/service_5c5ebb2c750c442da2b09ddcc97bb150/FeatureServer/0/826/attachments/1052?token=5-9B4_qFJxwE43FpRKmTcizn9xE4gyQzR7iJriH_WSdv7PgrexGGAhHhsGpscZa8SH_qjt0z84tspBh9UZdaQiiM655xl5nYilYijuNFLU5ctgA5UqoDG-yQnKzdu40YNWB8oief-0n4SY_CsI5ZrvtQHd97t_Zf1Jytpde8Gcx1_zdC8Fhz3OKM_JWL5zg6"
"Lake Rainhard @ 70m south of Front St","Osceola",2020-02-13,"DEP_CEN_ROC","Yes","Dominant taxon: Microcystis aeruginosa",,"No",,,,,,,,,,,"Anatoxin-a: not detected; Cylindrospermopsin: not detected","The bloom was most heavily concentrated along the shoreline of Front St but the water column through the entire lake was thick with the bloom. ",2020-02-13 18:29:00,28.317188,-81.540487,0.3,"https://services1.arcgis.com/nRHtyn3uE1kyzoYc/arcgis/rest/services/service_5c5ebb2c750c442da2b09ddcc97bb150/FeatureServer/0/824/attachments/1046?token=5-9B4_qFJxwE43FpRKmTcizn9xE4gyQzR7iJriH_WSdv7PgrexGGAhHhsGpscZa8SH_qjt0z84tspBh9UZdaQiiM655xl5nYilYijuNFLU5ctgA5UqoDG-yQnKzdu40YNWB8oief-0n4SY_CsI5ZrvtQHd97t_Zf1Jytpde8Gcx1_zdC8Fhz3OKM_JWL5zg6"
"Lake Rainhard @ Sycamore St","Osceola",2020-02-13,"DEP_CEN_ROC","Yes","Dominant taxon: Microcystis aeruginosa",,"No",,,,,,,,,,,"Anatoxin-a: not detected; Cylindrospermopsin: not detected",,2020-02-13 18:05:00,28.3176,-81.539,0.3,"https://services1.arcgis.com/nRHtyn3uE1kyzoYc/arcgis/rest/services/service_5c5ebb2c750c442da2b09ddcc97bb150/FeatureServer/0/823/attachments/1044?token=5-9B4_qFJxwE43FpRKmTcizn9xE4gyQzR7iJriH_WSdv7PgrexGGAhHhsGpscZa8SH_qjt0z84tspBh9UZdaQiiM655xl5nYilYijuNFLU5ctgA5UqoDG-yQnKzdu40YNWB8oief-0n4SY_CsI5ZrvtQHd97t_Zf1Jytpde8Gcx1_zdC8Fhz3OKM_JWL5zg6"
"Lake Grace @ SE corner","Seminole",2020-02-13,"DEP_CEN_ROC","No","Co-dominant taxa were: Microcystis aeruginosa and Coelosphaerium dubium",,"No",,,,,,,,,,,"Anatoxin-a: not detected; Cylindrospermopsin: not detected",,2020-02-13 15:10:00,28.7172,-81.3718,0.15,
"SJR at Mandarin Point (MP72)","Duval",2020-02-12,"SJRWMD","Yes","Dominant taxon: Microcystis sp.",,"No",,,,,,,,,,,"Anatoxin-a: not detected; Cylindrospermopsin: not detected",,2020-02-12 15:23:00,30.156667,-81.683889,0.3,"https://services1.arcgis.com/nRHtyn3uE1kyzoYc/arcgis/rest/services/service_5c5ebb2c750c442da2b09ddcc97bb150/FeatureServer/0/821/attachments/1043?token=5-9B4_qFJxwE43FpRKmTcizn9xE4gyQzR7iJriH_WSdv7PgrexGGAhHhsGpscZa8SH_qjt0z84tspBh9UZdaQiiM655xl5nYilYijuNFLU5ctgA5UqoDG-yQnKzdu40YNWB8oief-0n4SY_CsI5ZrvtQHd97t_Zf1Jytpde8Gcx1_zdC8Fhz3OKM_JWL5zg6"
"SJR at Hibernia Point","StJohns",2020-02-12,"SJRWMD","Yes","Dominant taxon: Microcystis aeruginosa",,"No",,,,,,,,,,,"Anatoxin-a: not detected; Cylindrospermopsin: not detected",,2020-02-12 14:07:00,30.06667,-81.686944,0.3,"https://services1.arcgis.com/nRHtyn3uE1kyzoYc/arcgis/rest/services/service_5c5ebb2c750c442da2b09ddcc97bb150/FeatureServer/0/820/attachments/1042?token=5-9B4_qFJxwE43FpRKmTcizn9xE4gyQzR7iJriH_WSdv7PgrexGGAhHhsGpscZa8SH_qjt0z84tspBh9UZdaQiiM655xl5nYilYijuNFLU5ctgA5UqoDG-yQnKzdu40YNWB8oief-0n4SY_CsI5ZrvtQHd97t_Zf1Jytpde8Gcx1_zdC8Fhz3OKM_JWL5zg6"
"Crescent Lake-Dunns Creek, at mouth","Putnam",2020-02-10,"SJRWMD","No","Dominant taxon: Planktolyngbya limnetica",,"No",,,,,,,,,,,"Anatoxin-a: not detected; Cylindrospermopsin: not detected",,2020-02-10 13:49:00,29.529556,-81.553722,0.3,
"Lake Minneola @ west of Lee’s Villa","Lake",2020-02-05,"DEP_CEN_ROC","Yes","Dominant taxon: Dolichospermum planctonicum",,"No",,,,,,,,,,,"Anatoxin-a: not detected; Cylindrospermopsin: not detected",,2020-02-05 18:00:00,28.5858,-81.7624,0.3,
"Lake Minneola @ NE corner","Lake",2020-02-05,"DEP_CEN_ROC","Yes","Dominant taxon: Dolichospermum planctonicum",,"No",,,,,,,,,,,"Anatoxin-a: not detected; Cylindrospermopsin: not detected",,2020-02-05 17:33:00,28.5896,-81.762,0.3,"https://services1.arcgis.com/nRHtyn3uE1kyzoYc/arcgis/rest/services/service_5c5ebb2c750c442da2b09ddcc97bb150/FeatureServer/0/808/attachments/1028?token=5-9B4_qFJxwE43FpRKmTcizn9xE4gyQzR7iJriH_WSdv7PgrexGGAhHhsGpscZa8SH_qjt0z84tspBh9UZdaQiiM655xl5nYilYijuNFLU5ctgA5UqoDG-yQnKzdu40YNWB8oief-0n4SY_CsI5ZrvtQHd97t_Zf1Jytpde8Gcx1_zdC8Fhz3OKM_JWL5zg6"
"Lake Rianhard east of center","Osceola",2020-02-03,"DEP_CEN_ROC","Yes","Dominant taxon: Microcystis aeruginosa",,"Yes",0.28,"I (I qualifier indicates that the reported value is between the laboratory method detection limit and the laboratory practical quantitation limit.)",,,,,,,,,"Anatoxin-a: not detected; Cylindrospermopsin: not detected",,2020-02-03 16:10:00,28.3167,-81.5396,0.3,"https://services1.arcgis.com/nRHtyn3uE1kyzoYc/arcgis/rest/services/service_5c5ebb2c750c442da2b09ddcc97bb150/FeatureServer/0/804/attachments/1022?token=5-9B4_qFJxwE43FpRKmTcizn9xE4gyQzR7iJriH_WSdv7PgrexGGAhHhsGpscZa8SH_qjt0z84tspBh9UZdaQiiM655xl5nYilYijuNFLU5ctgA5UqoDG-yQnKzdu40YNWB8oief-0n4SY_CsI5ZrvtQHd97t_Zf1Jytpde8Gcx1_zdC8Fhz3OKM_JWL5zg6"
"Lake Rianhard @ Sycamore St","Osceola",2020-02-03,"DEP_CEN_ROC","Yes","Dominant taxon: Microcystis aeruginosa",,"Yes",120,,0.74,"I (I qualifier indicates that the reported value is between the laboratory method detection limit and the laboratory practical quantitation limit.)",,,,,,,"Anatoxin-a: not detected; Cylindrospermopsin: 0.74 I (I qualifier indicates that the reported value is between the laboratory method detection limit and the laboratory practical quantitation limit.)",,2020-02-03 15:30:00,28.3176,-81.539,0.3,"https://services1.arcgis.com/nRHtyn3uE1kyzoYc/arcgis/rest/services/service_5c5ebb2c750c442da2b09ddcc97bb150/FeatureServer/0/805/attachments/1025?token=5-9B4_qFJxwE43FpRKmTcizn9xE4gyQzR7iJriH_WSdv7PgrexGGAhHhsGpscZa8SH_qjt0z84tspBh9UZdaQiiM655xl5nYilYijuNFLU5ctgA5UqoDG-yQnKzdu40YNWB8oief-0n4SY_CsI5ZrvtQHd97t_Zf1Jytpde8Gcx1_zdC8Fhz3OKM_JWL5zg6"
"Lake Grace","Seminole",2020-01-29,"DEP_CEN_ROC","Yes","Co-dominant taxa were: Microcystis aeruginosa and Coelosphaerium dubium",,"Yes",11.6,,,,,,,,,,"Anatoxin-a: not detected; Cylindrospermopsin: not detected","Algal bloom still present. Bloom seems to be pushed to corner of lake by prevailing winds.",2020-01-29 18:48:00,28.717182,-81.371803,0.3,
"Star Lake","Putnam",2020-01-21,"DEP_NE_ROC","No","mixed algae; no dominant species in sample",,"No",,,,,,,,,,,"Anatoxin-a: not detected; Cylindrospermopsin: not detected","Pollen Observed. T'was a nice day.",2020-01-21 17:00:00,29.53224,-82.040431,0.36,"https://services1.arcgis.com/nRHtyn3uE1kyzoYc/arcgis/rest/services/service_5c5ebb2c750c442da2b09ddcc97bb150/FeatureServer/0/797/attachments/1014?token=5-9B4_qFJxwE43FpRKmTcizn9xE4gyQzR7iJriH_WSdv7PgrexGGAhHhsGpscZa8SH_qjt0z84tspBh9UZdaQiiM655xl5nYilYijuNFLU5ctgA5UqoDG-yQnKzdu40YNWB8oief-0n4SY_CsI5ZrvtQHd97t_Zf1Jytpde8Gcx1_zdC8Fhz3OKM_JWL5zg6"
"Lake Minneola @ Waterfront Park boat ramp area","Lake",2020-01-16,"DEP_CEN_ROC","Yes","Co-dominant taxa were: Microcystis aeruginosa and Anabaena sp.",,"No",,,,,,,,,,,"Anatoxin-a: not detected; Cylindrospermopsin: not detected","Bloom observed, concentrated in littoral zone",2020-01-16 16:51:00,28.5636,-81.7579,0.3,"https://services1.arcgis.com/nRHtyn3uE1kyzoYc/arcgis/rest/services/service_5c5ebb2c750c442da2b09ddcc97bb150/FeatureServer/0/793/attachments/1005?token=5-9B4_qFJxwE43FpRKmTcizn9xE4gyQzR7iJriH_WSdv7PgrexGGAhHhsGpscZa8SH_qjt0z84tspBh9UZdaQiiM655xl5nYilYijuNFLU5ctgA5UqoDG-yQnKzdu40YNWB8oief-0n4SY_CsI5ZrvtQHd97t_Zf1Jytpde8Gcx1_zdC8Fhz3OKM_JWL5zg6"
"Lake Grace @ SE corner","Seminole",2020-01-14,"DEP_CEN_ROC","Yes","Dominant taxon: Coelosphaerium dubium",,"Yes",0.77,"I (I qualifier indicates that the reported value is between the laboratory method detection limit and the laboratory practical quantitation limit.)",,,,,,,,,"Anatoxin-a: not detected; Cylindrospermopsin: not detected",,2020-01-14 17:54:00,28.71718,-81.371803,0.3,
"SJR at Hibernia Point","StJohns",2020-01-14,"SJRWMD","Yes","Dominant taxon: Microcystis wesenbergii",,"No",,,,,,,,,,,"Anatoxin-a: not detected; Cylindrospermopsin: not detected",,2020-01-14 14:27:00,30.06667,-81.686944,0.3,"https://services1.arcgis.com/nRHtyn3uE1kyzoYc/arcgis/rest/services/service_5c5ebb2c750c442da2b09ddcc97bb150/FeatureServer/0/788/attachments/998?token=5-9B4_qFJxwE43FpRKmTcizn9xE4gyQzR7iJriH_WSdv7PgrexGGAhHhsGpscZa8SH_qjt0z84tspBh9UZdaQiiM655xl5nYilYijuNFLU5ctgA5UqoDG-yQnKzdu40YNWB8oief-0n4SY_CsI5ZrvtQHd97t_Zf1Jytpde8Gcx1_zdC8Fhz3OKM_JWL5zg6"
"Lake Denham","Lake",2020-01-07,"DEP_CEN_ROC","Yes","Co-dominant taxa were: Microcystis aeruginosa and Cylindrospermopsis raciborskii",,"No",,,,,,,,,,,"Anatoxin-a: not detected; Cylindrospermopsin: not detected","Collected at center of lake",2020-01-07 16:35:00,28.76758,-81.90766,0.3,"https://services1.arcgis.com/nRHtyn3uE1kyzoYc/arcgis/rest/services/service_5c5ebb2c750c442da2b09ddcc97bb150/FeatureServer/0/779/attachments/982?token=5-9B4_qFJxwE43FpRKmTcizn9xE4gyQzR7iJriH_WSdv7PgrexGGAhHhsGpscZa8SH_qjt0z84tspBh9UZdaQiiM655xl5nYilYijuNFLU5ctgA5UqoDG-yQnKzdu40YNWB8oief-0n4SY_CsI5ZrvtQHd97t_Zf1Jytpde8Gcx1_zdC8Fhz3OKM_JWL5zg6"
"Cypress Lake Boat Ramp at NW Shore","Orange",2020-01-02,"County","Yes","Co-dominant taxa were: Microcystis aeruginosa and Cylindrospermopsis raciborskii",,"No",,,,,,,,,,,"Anatoxin-a: not detected; Cylindrospermopsin: not detected","Samples collected by Orange County EPD",2020-01-02 13:55:00,28.4817,-81.5691,0.5,"https://services1.arcgis.com/nRHtyn3uE1kyzoYc/arcgis/rest/services/service_5c5ebb2c750c442da2b09ddcc97bb150/FeatureServer/0/776/attachments/980?token=5-9B4_qFJxwE43FpRKmTcizn9xE4gyQzR7iJriH_WSdv7PgrexGGAhHhsGpscZa8SH_qjt0z84tspBh9UZdaQiiM655xl5nYilYijuNFLU5ctgA5UqoDG-yQnKzdu40YNWB8oief-0n4SY_CsI5ZrvtQHd97t_Zf1Jytpde8Gcx1_zdC8Fhz3OKM_JWL5zg6"
"Sunshine Lake","Alachua",2019-12-18,"DEP_NE_ROC","Yes","Co-dominant taxa were: Microcystis aeruginosa and Dolichospermum circinale",,"No",,,,,,,,,,,"Anatoxin-a: not detected; Cylindrospermopsin: not detected","streaking of algae on shore. Bright green and suspended in water column.",2019-12-18 17:40:00,29.84246,-82.336666,0.3,"https://services1.arcgis.com/nRHtyn3uE1kyzoYc/arcgis/rest/services/service_5c5ebb2c750c442da2b09ddcc97bb150/FeatureServer/0/773/attachments/974?token=5-9B4_qFJxwE43FpRKmTcizn9xE4gyQzR7iJriH_WSdv7PgrexGGAhHhsGpscZa8SH_qjt0z84tspBh9UZdaQiiM655xl5nYilYijuNFLU5ctgA5UqoDG-yQnKzdu40YNWB8oief-0n4SY_CsI5ZrvtQHd97t_Zf1Jytpde8Gcx1_zdC8Fhz3OKM_JWL5zg6"
"Rainbow River @ 1.1 mi DS of KP Hole","Marion",2019-12-18,"DEP_CEN_ROC","No","mixed algae; no dominant species in sample",,"No",,,,,,,,,,,"Anatoxin-a: not detected; Cylindrospermopsin: not detected","No bloom observed. Duckweed and periphyton were observed along the shoreline and concentrated on docks and other obstructions. ",2019-12-18 17:37:00,29.0769042,-82.4276277,0.3,"https://services1.arcgis.com/nRHtyn3uE1kyzoYc/arcgis/rest/services/service_5c5ebb2c750c442da2b09ddcc97bb150/FeatureServer/0/774/attachments/977?token=5-9B4_qFJxwE43FpRKmTcizn9xE4gyQzR7iJriH_WSdv7PgrexGGAhHhsGpscZa8SH_qjt0z84tspBh9UZdaQiiM655xl5nYilYijuNFLU5ctgA5UqoDG-yQnKzdu40YNWB8oief-0n4SY_CsI5ZrvtQHd97t_Zf1Jytpde8Gcx1_zdC8Fhz3OKM_JWL5zg6"
"Cypress Lake at NW of Center","Orange",2019-12-16,"County","Yes","Co-dominant taxa were: Microcystis aeruginosa and Cylindrospermopsis raciborskii",,"No",,,,,,,,,,,"Anatoxin-a: not detected; Cylindrospermopsin: not detected","Bloom observed and collected by Orange County EPD",2019-12-16 14:50:00,28.4813,-81.5673,0.5,"https://services1.arcgis.com/nRHtyn3uE1kyzoYc/arcgis/rest/services/service_5c5ebb2c750c442da2b09ddcc97bb150/FeatureServer/0/770/attachments/971?token=5-9B4_qFJxwE43FpRKmTcizn9xE4gyQzR7iJriH_WSdv7PgrexGGAhHhsGpscZa8SH_qjt0z84tspBh9UZdaQiiM655xl5nYilYijuNFLU5ctgA5UqoDG-yQnKzdu40YNWB8oief-0n4SY_CsI5ZrvtQHd97t_Zf1Jytpde8Gcx1_zdC8Fhz3OKM_JWL5zg6"
"Cypress Lake Boat Ramp at NW Shore","Orange",2019-12-16,"County","Yes","Co-dominant taxa were: Microcystis aeruginosa and Cylindrospermopsis raciborskii",,"Yes",28.25,,,,,,,,,,"Anatoxin-a: not detected; Cylindrospermopsin: not detected","Observed and collected by Orange County EPD",2019-12-16 14:34:00,28.48169,-81.569127,0.2,"https://services1.arcgis.com/nRHtyn3uE1kyzoYc/arcgis/rest/services/service_5c5ebb2c750c442da2b09ddcc97bb150/FeatureServer/0/769/attachments/969?token=5-9B4_qFJxwE43FpRKmTcizn9xE4gyQzR7iJriH_WSdv7PgrexGGAhHhsGpscZa8SH_qjt0z84tspBh9UZdaQiiM655xl5nYilYijuNFLU5ctgA5UqoDG-yQnKzdu40YNWB8oief-0n4SY_CsI5ZrvtQHd97t_Zf1Jytpde8Gcx1_zdC8Fhz3OKM_JWL5zg6"
"St. Johns River at Holly Grove Ave","Duval",2019-12-09,"DEP_NE_ROC","Yes","mixed algae; no dominant species in sample",,"No",,,,,,,,,,,"Anatoxin-a: not detected; Cylindrospermopsin: not detected",,2019-12-09 18:25:00,30.2174,-81.6237,0.3,
"Lake Olivia at Boat Ramp","Orange",2019-11-20,"DEP_CEN_ROC","No","Dominant taxon: Microcystis aeruginosa",,"No",,,,,,,,,,,"Anatoxin-a: not detected; Cylindrospermopsin: not detected","Collected at boat ramp",2019-11-20 19:15:00,28.5256370648836,-81.5173292889441,0.3,
"Lake Olivia at Center","Orange",2019-11-20,"DEP_CEN_ROC","No","Dominant taxon: Microcystis aeruginosa",,"No",,,,,,,,,,,"Anatoxin-a: not detected; Cylindrospermopsin: not detected","Collected at center of lake.",2019-11-20 19:01:00,28.5232480113202,-81.5181732768227,0.3,
"Lake Grace","Seminole",2019-11-06,"DEP_CEN_ROC","Yes","Dominant taxon: Microcystis aeruginosa",,"Yes",0.3,"I (I qualifier indicates that the reported value is between the laboratory method detection limit and the laboratory practical quantitation limit.)",,,,,,,,,"Anatoxin-a: not detected; Cylindrospermopsin: not detected","Signs of algae seen on surface as well as in water column ",2019-11-06 18:20:00,28.7172777777778,-81.3718055555556,0.1,"https://services1.arcgis.com/nRHtyn3uE1kyzoYc/arcgis/rest/services/service_5c5ebb2c750c442da2b09ddcc97bb150/FeatureServer/0/742/attachments/924?token=5-9B4_qFJxwE43FpRKmTcizn9xE4gyQzR7iJriH_WSdv7PgrexGGAhHhsGpscZa8SH_qjt0z84tspBh9UZdaQiiM655xl5nYilYijuNFLU5ctgA5UqoDG-yQnKzdu40YNWB8oief-0n4SY_CsI5ZrvtQHd97t_Zf1Jytpde8Gcx1_zdC8Fhz3OKM_JWL5zg6"
"Ocklawaha R. at Sharpes Ferry Bridge (SFB)","Marion",2019-11-05,"SJRWMD","Yes","mixed algae; no dominant species in sample",,"No",,,,,,"analyzed",,,,,"Anatoxin-a: not analyzed; Cylindrospermopsin: not detected;  Saxitoxin/Paralytic Shellfish Toxins: not detected",,2019-11-05 14:35:00,29.1836555555556,-81.9927305555556,0.3,"https://services1.arcgis.com/nRHtyn3uE1kyzoYc/arcgis/rest/services/service_5c5ebb2c750c442da2b09ddcc97bb150/FeatureServer/0/743/attachments/926?token=5-9B4_qFJxwE43FpRKmTcizn9xE4gyQzR7iJriH_WSdv7PgrexGGAhHhsGpscZa8SH_qjt0z84tspBh9UZdaQiiM655xl5nYilYijuNFLU5ctgA5UqoDG-yQnKzdu40YNWB8oief-0n4SY_CsI5ZrvtQHd97t_Zf1Jytpde8Gcx1_zdC8Fhz3OKM_JWL5zg6"
"Lake Lotta","Orange",2019-11-04,"DEP_CEN_ROC","Yes","mixed algae; no dominant species in sample",,"No",,,,,,,,,,,"Anatoxin-a: not detected; Cylindrospermopsin: not detected","Lake shores domimated by Hydrilla, Azolla, and Lemna",2019-11-04 17:15:00,28.550264,-81.51036,0.1,"https://services1.arcgis.com/nRHtyn3uE1kyzoYc/arcgis/rest/services/service_5c5ebb2c750c442da2b09ddcc97bb150/FeatureServer/0/738/attachments/918?token=5-9B4_qFJxwE43FpRKmTcizn9xE4gyQzR7iJriH_WSdv7PgrexGGAhHhsGpscZa8SH_qjt0z84tspBh9UZdaQiiM655xl5nYilYijuNFLU5ctgA5UqoDG-yQnKzdu40YNWB8oief-0n4SY_CsI5ZrvtQHd97t_Zf1Jytpde8Gcx1_zdC8Fhz3OKM_JWL5zg6"
"Lake Olivia at Boat Ramp","Orange",2019-10-30,"DEP_CEN_ROC","No","Dominant taxon: Microcystis aeruginosa",,"Yes",,,0.25,"I (I qualifier indicates that the reported value is between the laboratory method detection limit and the laboratory practical quantitation limit.)",,,,,,,"Anatoxin-a: not detected; Cylindrospermopsin: 0.25 I (I qualifier indicates that the reported value is between the laboratory method detection limit and the laboratory practical quantitation limit.)","No algae bloom observed",2019-10-30 18:28:00,28.52573,-81.51762,0.3,
"Lake Olivia at Center","Orange",2019-10-30,"DEP_CEN_ROC","No","mixed algae; no dominant species in sample",,"Yes",,,0.26,"I (I qualifier indicates that the reported value is between the laboratory method detection limit and the laboratory practical quantitation limit.)",,,,,,,"Anatoxin-a: not detected; Cylindrospermopsin: 0.26 I (I qualifier indicates that the reported value is between the laboratory method detection limit and the laboratory practical quantitation limit.)","No visible blooms observed",2019-10-30 18:18:00,28.52369,-81.518434,0.3,
"Blue Cypress Lake","IndianRiver",2019-10-21,"SJRWMD","Yes","Dominant taxon: Microcystis wesenbergii",,"No",,,,,,"analyzed",,,,,"Anatoxin-a: not analyzed; Cylindrospermopsin: not detected;  Saxitoxin/Paralytic Shellfish Toxins: not detected",,2019-10-21 13:34:00,27.7265722222222,-80.7535555555556,0.3,
"Lake Olivia @ N Boat Ramp - HAB","Orange",2019-10-17,"DEP_CEN_ROC","No","mixed algae; no dominant species in sample",,"Yes",,,0.43,"I (I qualifier indicates that the reported value is between the laboratory method detection limit and the laboratory practical quantitation limit.)",,,,,,,"Anatoxin-a: not detected; Cylindrospermopsin: 0.43 I (I qualifier indicates that the reported value is between the laboratory method detection limit and the laboratory practical quantitation limit.)","Follow up visit, no bloom observed",2019-10-17 16:10:00,28.52582,-81.517485,0.3,"https://services1.arcgis.com/nRHtyn3uE1kyzoYc/arcgis/rest/services/service_5c5ebb2c750c442da2b09ddcc97bb150/FeatureServer/0/717/attachments/893?token=5-9B4_qFJxwE43FpRKmTcizn9xE4gyQzR7iJriH_WSdv7PgrexGGAhHhsGpscZa8SH_qjt0z84tspBh9UZdaQiiM655xl5nYilYijuNFLU5ctgA5UqoDG-yQnKzdu40YNWB8oief-0n4SY_CsI5ZrvtQHd97t_Zf1Jytpde8Gcx1_zdC8Fhz3OKM_JWL5zg6"
"Lake Olivia @ Center - HAB","Orange",2019-10-17,"DEP_CEN_ROC","No","mixed algae; no dominant species in sample",,"Yes",,,0.43,"I (I qualifier indicates that the reported value is between the laboratory method detection limit and the laboratory practical quantitation limit.)",,,,,,,"Anatoxin-a: not detected; Cylindrospermopsin: 0.43 I (I qualifier indicates that the reported value is between the laboratory method detection limit and the laboratory practical quantitation limit.)","Follow up visit - no bloom observed",2019-10-17 15:56:00,28.52304,-81.51826,0.3,"https://services1.arcgis.com/nRHtyn3uE1kyzoYc/arcgis/rest/services/service_5c5ebb2c750c442da2b09ddcc97bb150/FeatureServer/0/716/attachments/892?token=5-9B4_qFJxwE43FpRKmTcizn9xE4gyQzR7iJriH_WSdv7PgrexGGAhHhsGpscZa8SH_qjt0z84tspBh9UZdaQiiM655xl5nYilYijuNFLU5ctgA5UqoDG-yQnKzdu40YNWB8oief-0n4SY_CsI5ZrvtQHd97t_Zf1Jytpde8Gcx1_zdC8Fhz3OKM_JWL5zg6"
"SJRCC","Putnam",2019-10-17,"SJRWMD","No","mixed algae; no dominant species in sample",,"Yes",,,0.12,,,"analyzed",,,,,"Anatoxin-a: not analyzed; Cylindrospermopsin: 0.12;  Saxitoxin/Paralytic Shellfish Toxins: 0.05",,2019-10-17 15:45:00,29.698778,-81.641434,0.3,"https://services1.arcgis.com/nRHtyn3uE1kyzoYc/arcgis/rest/services/service_5c5ebb2c750c442da2b09ddcc97bb150/FeatureServer/0/731/attachments/914?token=5-9B4_qFJxwE43FpRKmTcizn9xE4gyQzR7iJriH_WSdv7PgrexGGAhHhsGpscZa8SH_qjt0z84tspBh9UZdaQiiM655xl5nYilYijuNFLU5ctgA5UqoDG-yQnKzdu40YNWB8oief-0n4SY_CsI5ZrvtQHd97t_Zf1Jytpde8Gcx1_zdC8Fhz3OKM_JWL5zg6"
"SJP","Putnam",2019-10-17,"SJRWMD","No","mixed algae; no dominant species in sample",,"Yes",,,0.12,,,"analyzed",,,,,"Anatoxin-a: not analyzed; Cylindrospermopsin: 0.12;  Saxitoxin/Paralytic Shellfish Toxins: 0.05",,2019-10-17 15:22:00,29.6443611111111,-81.6259444444444,0.3,"https://services1.arcgis.com/nRHtyn3uE1kyzoYc/arcgis/rest/services/service_5c5ebb2c750c442da2b09ddcc97bb150/FeatureServer/0/730/attachments/912?token=5-9B4_qFJxwE43FpRKmTcizn9xE4gyQzR7iJriH_WSdv7PgrexGGAhHhsGpscZa8SH_qjt0z84tspBh9UZdaQiiM655xl5nYilYijuNFLU5ctgA5UqoDG-yQnKzdu40YNWB8oief-0n4SY_CsI5ZrvtQHd97t_Zf1Jytpde8Gcx1_zdC8Fhz3OKM_JWL5zg6"
"CM15","Putnam",2019-10-17,"SJRWMD","No","mixed algae; no dominant species in sample",,"Yes",,,0.45,,,"analyzed",,,,,"Anatoxin-a: not analyzed; Cylindrospermopsin: 0.45;  Saxitoxin/Paralytic Shellfish Toxins: 0.07",,2019-10-17 15:07:00,29.5912222222222,-81.622,0.3,"https://services1.arcgis.com/nRHtyn3uE1kyzoYc/arcgis/rest/services/service_5c5ebb2c750c442da2b09ddcc97bb150/FeatureServer/0/729/attachments/909?token=5-9B4_qFJxwE43FpRKmTcizn9xE4gyQzR7iJriH_WSdv7PgrexGGAhHhsGpscZa8SH_qjt0z84tspBh9UZdaQiiM655xl5nYilYijuNFLU5ctgA5UqoDG-yQnKzdu40YNWB8oief-0n4SY_CsI5ZrvtQHd97t_Zf1Jytpde8Gcx1_zdC8Fhz3OKM_JWL5zg6"
"BB22","Putnam",2019-10-17,"SJRWMD","No","mixed algae; no dominant species in sample",,"Yes",,,,,,"analyzed",,,,,"Anatoxin-a: not analyzed; Cylindrospermopsin: not detected;  Saxitoxin/Paralytic Shellfish Toxins: 0.06",,2019-10-17 14:49:00,29.5960277777778,-81.6784166666667,0.3,"https://services1.arcgis.com/nRHtyn3uE1kyzoYc/arcgis/rest/services/service_5c5ebb2c750c442da2b09ddcc97bb150/FeatureServer/0/728/attachments/907?token=5-9B4_qFJxwE43FpRKmTcizn9xE4gyQzR7iJriH_WSdv7PgrexGGAhHhsGpscZa8SH_qjt0z84tspBh9UZdaQiiM655xl5nYilYijuNFLU5ctgA5UqoDG-yQnKzdu40YNWB8oief-0n4SY_CsI5ZrvtQHd97t_Zf1Jytpde8Gcx1_zdC8Fhz3OKM_JWL5zg6"
"Welaka Boat Ramp","Putnam",2019-10-17,"SJRWMD","No","mixed algae; no dominant species in sample",,"Yes",,,,,,"analyzed",,,,,"Anatoxin-a: not analyzed; Cylindrospermopsin: not detected;  Saxitoxin/Paralytic Shellfish Toxins: 0.06",,2019-10-17 14:20:00,29.4786111111111,-81.6748722222222,0.3,"https://services1.arcgis.com/nRHtyn3uE1kyzoYc/arcgis/rest/services/service_5c5ebb2c750c442da2b09ddcc97bb150/FeatureServer/0/727/attachments/915?token=5-9B4_qFJxwE43FpRKmTcizn9xE4gyQzR7iJriH_WSdv7PgrexGGAhHhsGpscZa8SH_qjt0z84tspBh9UZdaQiiM655xl5nYilYijuNFLU5ctgA5UqoDG-yQnKzdu40YNWB8oief-0n4SY_CsI5ZrvtQHd97t_Zf1Jytpde8Gcx1_zdC8Fhz3OKM_JWL5zg6"
"LEO","Volusia",2019-10-17,"SJRWMD","No","mixed algae; no dominant species in sample",,"Yes",,,,,,"analyzed",,,,,"Anatoxin-a: not analyzed; Cylindrospermopsin: not detected;  Saxitoxin/Paralytic Shellfish Toxins: 0.11",,2019-10-17 13:03:00,29.308306,-81.606375,0.3,"https://services1.arcgis.com/nRHtyn3uE1kyzoYc/arcgis/rest/services/service_5c5ebb2c750c442da2b09ddcc97bb150/FeatureServer/0/726/attachments/911?token=5-9B4_qFJxwE43FpRKmTcizn9xE4gyQzR7iJriH_WSdv7PgrexGGAhHhsGpscZa8SH_qjt0z84tspBh9UZdaQiiM655xl5nYilYijuNFLU5ctgA5UqoDG-yQnKzdu40YNWB8oief-0n4SY_CsI5ZrvtQHd97t_Zf1Jytpde8Gcx1_zdC8Fhz3OKM_JWL5zg6"
"Buzzard Island","Putnam",2019-10-17,"SJRWMD","No","mixed algae; no dominant species in sample",,"Yes",,,0.23,,,"analyzed",,,,,"Anatoxin-a: not analyzed; Cylindrospermopsin: 0.23;  Saxitoxin/Paralytic Shellfish Toxins: 0.06",,2019-10-17 12:03:00,29.6037777777778,-81.6053861111111,0.3,"https://services1.arcgis.com/nRHtyn3uE1kyzoYc/arcgis/rest/services/service_5c5ebb2c750c442da2b09ddcc97bb150/FeatureServer/0/725/attachments/908?token=5-9B4_qFJxwE43FpRKmTcizn9xE4gyQzR7iJriH_WSdv7PgrexGGAhHhsGpscZa8SH_qjt0z84tspBh9UZdaQiiM655xl5nYilYijuNFLU5ctgA5UqoDG-yQnKzdu40YNWB8oief-0n4SY_CsI5ZrvtQHd97t_Zf1Jytpde8Gcx1_zdC8Fhz3OKM_JWL5zg6"
"Palatka City Dock","Putnam",2019-10-16,"SJRWMD","No","mixed algae; no dominant species in sample",,"Yes",,,0.11,,,"analyzed",,,,,"Anatoxin-a: not analyzed; Cylindrospermopsin: 0.11;  Saxitoxin/Paralytic Shellfish Toxins: 0.05 J (J qualifier indicates an estimated value)",,2019-10-17 11:49:00,29.6436444444444,-81.6307666666667,0.3,"https://services1.arcgis.com/nRHtyn3uE1kyzoYc/arcgis/rest/services/service_5c5ebb2c750c442da2b09ddcc97bb150/FeatureServer/0/724/attachments/913?token=5-9B4_qFJxwE43FpRKmTcizn9xE4gyQzR7iJriH_WSdv7PgrexGGAhHhsGpscZa8SH_qjt0z84tspBh9UZdaQiiM655xl5nYilYijuNFLU5ctgA5UqoDG-yQnKzdu40YNWB8oief-0n4SY_CsI5ZrvtQHd97t_Zf1Jytpde8Gcx1_zdC8Fhz3OKM_JWL5zg6"
"Lake Carlton","Lake",2019-10-15,"SJRWMD","Yes","Dominant taxon: Microcystis aeruginosa",,"Yes",0.58,,,,,"analyzed",,,,,"Anatoxin-a: not analyzed; Cylindrospermopsin: not detected;  Saxitoxin/Paralytic Shellfish Toxins: not detected",,2019-10-15 17:39:00,28.76008,-81.65778,0.3,
"Fish Camp Cut","IndianRiver",2019-10-15,"DEP_SE_ROC","Yes","Dominant taxon: Microcystis aeruginosa",,"No",,,,,,,,,,,"Anatoxin-a: not detected; Cylindrospermopsin: not detected",,2019-10-15 15:10:00,27.7266069066772,-80.7757802155524,0.3,
"Trout Lake","Lake",2019-10-14,"SJRWMD","Yes","mixed algae; no dominant species in sample",,"No",,,,,,"analyzed",,,,,"Anatoxin-a: not analyzed; Cylindrospermopsin: not detected;  Saxitoxin/Paralytic Shellfish Toxins: not detected",,2019-10-14 15:43:00,28.8664,-81.68293,0.3,
"Crescent Lake","Putnam",2019-10-14,"SJRWMD","Yes","mixed algae; no dominant species in sample",,"Yes",0.36,,0.79,,,"analyzed",,,,,"Anatoxin-a: not analyzed; Cylindrospermopsin: 0.79;  Saxitoxin/Paralytic Shellfish Toxins: 0.16",,2019-10-14 12:34:00,29.529556,-81.906499,0.3,"https://services1.arcgis.com/nRHtyn3uE1kyzoYc/arcgis/rest/services/service_5c5ebb2c750c442da2b09ddcc97bb150/FeatureServer/0/713/attachments/910?token=5-9B4_qFJxwE43FpRKmTcizn9xE4gyQzR7iJriH_WSdv7PgrexGGAhHhsGpscZa8SH_qjt0z84tspBh9UZdaQiiM655xl5nYilYijuNFLU5ctgA5UqoDG-yQnKzdu40YNWB8oief-0n4SY_CsI5ZrvtQHd97t_Zf1Jytpde8Gcx1_zdC8Fhz3OKM_JWL5zg6"
"Lake Grace","Seminole",2019-10-10,"DEP_CEN_ROC","Yes","Dominant taxon: Microcystis aeruginosa",,"Yes",,,0.3,"I (I qualifier indicates that the reported value is between the laboratory method detection limit and the laboratory practical quantitation limit.)",,,,,,,"Anatoxin-a: not detected; Cylindrospermopsin: 0.30 I (I qualifier indicates that the reported value is between the laboratory method detection limit and the laboratory practical quantitation limit.)","Small amount of surface scum in SE corner of lake. Algae observed in water column.",2019-10-10 16:45:00,28.71718,-81.371803,0.3,"https://services1.arcgis.com/nRHtyn3uE1kyzoYc/arcgis/rest/services/service_5c5ebb2c750c442da2b09ddcc97bb150/FeatureServer/0/701/attachments/885?token=5-9B4_qFJxwE43FpRKmTcizn9xE4gyQzR7iJriH_WSdv7PgrexGGAhHhsGpscZa8SH_qjt0z84tspBh9UZdaQiiM655xl5nYilYijuNFLU5ctgA5UqoDG-yQnKzdu40YNWB8oief-0n4SY_CsI5ZrvtQHd97t_Zf1Jytpde8Gcx1_zdC8Fhz3OKM_JWL5zg6"
"Lake Grace--scum","Seminole",2019-10-10,"DEP_CEN_ROC","Yes","Dominant taxon: Microcystis aeruginosa",,,,,,,,,,,,,"not collected",,2019-10-10 16:45:00,28.7172147177866,-81.3736040067457,0.1,
"Lake Denham","Lake",2019-10-10,"SJRWMD","Yes","Dominant taxon: Microcystis aeruginosa",,"Yes",2.12,,,,,"analyzed",,,,,"Anatoxin-a: not analyzed; Cylindrospermopsin: not detected;  Saxitoxin/Paralytic Shellfish Toxins: not detected",,2019-10-10 16:18:00,28.766195,-81.906499,0.3,
"Blue Cypress Lake","IndianRiver",2019-10-10,"SJRWMD","Yes","Dominant taxon: Microcystis aeruginosa",,"No",,,,,,"analyzed",,,,,"Anatoxin-a: not analyzed; Cylindrospermopsin: not detected;  Saxitoxin/Paralytic Shellfish Toxins: not detected",,2019-10-10 13:32:00,27.7047222222222,-80.7381388888889,0.3,"https://services1.arcgis.com/nRHtyn3uE1kyzoYc/arcgis/rest/services/service_5c5ebb2c750c442da2b09ddcc97bb150/FeatureServer/0/702/attachments/887?token=5-9B4_qFJxwE43FpRKmTcizn9xE4gyQzR7iJriH_WSdv7PgrexGGAhHhsGpscZa8SH_qjt0z84tspBh9UZdaQiiM655xl5nYilYijuNFLU5ctgA5UqoDG-yQnKzdu40YNWB8oief-0n4SY_CsI5ZrvtQHd97t_Zf1Jytpde8Gcx1_zdC8Fhz3OKM_JWL5zg6"
"Holly Bluff Marina Canal","Volusia",2019-10-07,"DEP_CEN_ROC","No","mixed algae; no dominant species in sample",,"No",,,,,,,,,,,"Anatoxin-a: not detected; Cylindrospermopsin: not detected","Some algae visible along shoreline but did not observe bloom conditions during visit. ",2019-10-07 16:38:00,28.979156,-81.356304,0.3,"https://services1.arcgis.com/nRHtyn3uE1kyzoYc/arcgis/rest/services/service_5c5ebb2c750c442da2b09ddcc97bb150/FeatureServer/0/694/attachments/874?token=5-9B4_qFJxwE43FpRKmTcizn9xE4gyQzR7iJriH_WSdv7PgrexGGAhHhsGpscZa8SH_qjt0z84tspBh9UZdaQiiM655xl5nYilYijuNFLU5ctgA5UqoDG-yQnKzdu40YNWB8oief-0n4SY_CsI5ZrvtQHd97t_Zf1Jytpde8Gcx1_zdC8Fhz3OKM_JWL5zg6"
"SJR @ Shands Bridge","StJohns",2019-10-03,"SJRWMD","Yes","Dominant taxon: Microcystis aeruginosa",,"Yes",,,0.09,,,"analyzed",,,,,"Anatoxin-a: not analyzed; Cylindrospermopsin: 0.09;  Saxitoxin/Paralytic Shellfish Toxins: not detected",,2019-10-03 12:57:00,29.9812777777778,-81.6216388888889,0.3,
"Lake Olivia @ Center","Orange",2019-10-02,"DEP_CEN_ROC","Yes","mixed algae; no dominant species in sample",,"Yes",,,0.49,"I (I qualifier indicates that the reported value is between the laboratory method detection limit and the laboratory practical quantitation limit.)",,,,,,,"Anatoxin-a: not detected; Cylindrospermopsin: 0.49 I (I qualifier indicates that the reported value is between the laboratory method detection limit and the laboratory practical quantitation limit.)","Suspended in water column.",2019-10-02 14:45:00,28.5231684800237,-81.5189745370299,0.3,"https://services1.arcgis.com/nRHtyn3uE1kyzoYc/arcgis/rest/services/service_5c5ebb2c750c442da2b09ddcc97bb150/FeatureServer/0/687/attachments/862?token=5-9B4_qFJxwE43FpRKmTcizn9xE4gyQzR7iJriH_WSdv7PgrexGGAhHhsGpscZa8SH_qjt0z84tspBh9UZdaQiiM655xl5nYilYijuNFLU5ctgA5UqoDG-yQnKzdu40YNWB8oief-0n4SY_CsI5ZrvtQHd97t_Zf1Jytpde8Gcx1_zdC8Fhz3OKM_JWL5zg6"
"Lake Olivia @ Northern Ramp","Orange",2019-10-02,"DEP_CEN_ROC","Yes","mixed algae; no dominant species in sample",,"Yes",,,0.44,"I (I qualifier indicates that the reported value is between the laboratory method detection limit and the laboratory practical quantitation limit.)",,,,,,,"Anatoxin-a: not detected; Cylindrospermopsin: 0.44 I (I qualifier indicates that the reported value is between the laboratory method detection limit and the laboratory practical quantitation limit.)","Some algae visible suspended through water column.",2019-10-02 14:30:00,28.5258284769952,-81.5175119787455,0.2,"https://services1.arcgis.com/nRHtyn3uE1kyzoYc/arcgis/rest/services/service_5c5ebb2c750c442da2b09ddcc97bb150/FeatureServer/0/688/attachments/864?token=5-9B4_qFJxwE43FpRKmTcizn9xE4gyQzR7iJriH_WSdv7PgrexGGAhHhsGpscZa8SH_qjt0z84tspBh9UZdaQiiM655xl5nYilYijuNFLU5ctgA5UqoDG-yQnKzdu40YNWB8oief-0n4SY_CsI5ZrvtQHd97t_Zf1Jytpde8Gcx1_zdC8Fhz3OKM_JWL5zg6"
"Round Lake","Putnam",2019-10-01,"DEP_NE_ROC","Yes","Co-dominant taxa were: Oscillatoria articulata and Microcystis aeruginosa",,"No",,,,,,,,,,,"Anatoxin-a: not detected; Cylindrospermopsin: not detected",,2019-10-01 17:15:00,29.6251236,-81.70066106,0.3,"https://services1.arcgis.com/nRHtyn3uE1kyzoYc/arcgis/rest/services/service_5c5ebb2c750c442da2b09ddcc97bb150/FeatureServer/0/686/attachments/859?token=5-9B4_qFJxwE43FpRKmTcizn9xE4gyQzR7iJriH_WSdv7PgrexGGAhHhsGpscZa8SH_qjt0z84tspBh9UZdaQiiM655xl5nYilYijuNFLU5ctgA5UqoDG-yQnKzdu40YNWB8oief-0n4SY_CsI5ZrvtQHd97t_Zf1Jytpde8Gcx1_zdC8Fhz3OKM_JWL5zg6"
"Black Creek at Blanding","Clay",2019-09-30,"DEP_NE_ROC","No","mixed algae; no dominant species in sample",,"No",,,,,,,,,,,"Anatoxin-a: not detected; Cylindrospermopsin: not detected",,2019-09-30 17:25:00,30.0754231089624,-81.8635127331348,0.3,"https://services1.arcgis.com/nRHtyn3uE1kyzoYc/arcgis/rest/services/service_5c5ebb2c750c442da2b09ddcc97bb150/FeatureServer/0/682/attachments/852?token=5-9B4_qFJxwE43FpRKmTcizn9xE4gyQzR7iJriH_WSdv7PgrexGGAhHhsGpscZa8SH_qjt0z84tspBh9UZdaQiiM655xl5nYilYijuNFLU5ctgA5UqoDG-yQnKzdu40YNWB8oief-0n4SY_CsI5ZrvtQHd97t_Zf1Jytpde8Gcx1_zdC8Fhz3OKM_JWL5zg6"
"Lake Olivia","Orange",2019-09-24,"DEP_CEN_ROC","No","mixed algae; no dominant species in sample",,"Yes",,,0.49,"I (I qualifier indicates that the reported value is between the laboratory method detection limit and the laboratory practical quantitation limit.)",,,,,,,"Anatoxin-a: not detected; Cylindrospermopsin: 0.49 I (I qualifier indicates that the reported value is between the laboratory method detection limit and the laboratory practical quantitation limit.)","No algae bloom observed; secchi was VOB",2019-09-24 17:15:00,28.52582,-81.51754,0.3,"https://services1.arcgis.com/nRHtyn3uE1kyzoYc/arcgis/rest/services/service_5c5ebb2c750c442da2b09ddcc97bb150/FeatureServer/0/676/attachments/842?token=5-9B4_qFJxwE43FpRKmTcizn9xE4gyQzR7iJriH_WSdv7PgrexGGAhHhsGpscZa8SH_qjt0z84tspBh9UZdaQiiM655xl5nYilYijuNFLU5ctgA5UqoDG-yQnKzdu40YNWB8oief-0n4SY_CsI5ZrvtQHd97t_Zf1Jytpde8Gcx1_zdC8Fhz3OKM_JWL5zg6"
"Sykes Creek","Brevard",2019-09-24,"DEP_CEN_ROC","No","Co-dominant taxa were: Spirulina subtilissima and Heterosigma sp.",,"No",,,,,,,,,,,"Anatoxin-a: not detected; Cylindrospermopsin: not detected","Water seemed to have a healthy algal community (green appearance) but no obvious bloom observed.",2019-09-24 15:30:00,28.3633,-80.67182,0.3,"https://services1.arcgis.com/nRHtyn3uE1kyzoYc/arcgis/rest/services/service_5c5ebb2c750c442da2b09ddcc97bb150/FeatureServer/0/675/attachments/839?token=5-9B4_qFJxwE43FpRKmTcizn9xE4gyQzR7iJriH_WSdv7PgrexGGAhHhsGpscZa8SH_qjt0z84tspBh9UZdaQiiM655xl5nYilYijuNFLU5ctgA5UqoDG-yQnKzdu40YNWB8oief-0n4SY_CsI5ZrvtQHd97t_Zf1Jytpde8Gcx1_zdC8Fhz3OKM_JWL5zg6"
"SJP","Putnam",2019-09-16,"SJRWMD","No","mixed algae; no dominant species in sample",,"Yes",,,0.08,,,"analyzed",,,,,"Anatoxin-a: not analyzed; Cylindrospermopsin: 0.08;  Saxitoxin/Paralytic Shellfish Toxins: 0.16",,2019-09-16 15:59:00,29.6443611111111,-81.6259444444444,0.3,
"SJRCC","Putnam",2019-09-16,"SJRWMD","No","mixed algae; no dominant species in sample",,"Yes",,,0.14,,,"analyzed",,,,,"Anatoxin-a: not analyzed; Cylindrospermopsin: 0.14;  Saxitoxin/Paralytic Shellfish Toxins: 0.17",,2019-09-16 15:39:00,29.7000833333333,-81.6366944444444,0.3,
"CM15","Putnam",2019-09-16,"SJRWMD","No","mixed algae; no dominant species in sample",,"Yes",,,0.07,,,"analyzed",,,,,"Anatoxin-a: not analyzed; Cylindrospermopsin: 0.07;  Saxitoxin/Paralytic Shellfish Toxins: 0.15",,2019-09-16 14:55:00,29.5912222222222,-81.622,0.3,
"BB22","Putnam",2019-09-16,"SJRWMD","No","mixed algae; no dominant species in sample",,"Yes",,,0.07,,,"analyzed",,,,,"Anatoxin-a: not analyzed; Cylindrospermopsin: 0.07;  Saxitoxin/Paralytic Shellfish Toxins: 0.15",,2019-09-16 14:38:00,29.5960277777778,-81.6784166666667,0.3,
"Welaka Boat Ramp","Putnam",2019-09-16,"SJRWMD","No","mixed algae; no dominant species in sample",,"Yes",,,0.06,,,"analyzed",,,,,"Anatoxin-a: not analyzed; Cylindrospermopsin: 0.06;  Saxitoxin/Paralytic Shellfish Toxins: 0.20",,2019-09-16 14:08:00,29.4786111111111,-81.6748722222222,0.3,
"LEO","Volusia",2019-09-16,"SJRWMD","No","mixed algae; no dominant species in sample",,"Yes",,,0.1,,,"analyzed",,,,,"Anatoxin-a: not analyzed; Cylindrospermopsin: 0.10;  Saxitoxin/Paralytic Shellfish Toxins: not detected",,2019-09-16 12:54:00,29.3095,-81.6069722222222,0.3,
"Palatka City Dock","Putnam",2019-09-15,"SJRWMD","No","mixed algae; no dominant species in sample",,"Yes",,,0.09,,,"analyzed",,,,,"Anatoxin-a: not analyzed; Cylindrospermopsin: 0.09;  Saxitoxin/Paralytic Shellfish Toxins: 0.15",,2019-09-16 11:30:00,29.6436444444444,-81.6307666666667,0.3,
"Lake Olivia at Northern Boat Ramp","Orange",2019-09-12,"DEP_CEN_ROC","No","mixed algae; no dominant species in sample",,"Yes",,,0.52,"I (I qualifier indicates that the reported value is between the laboratory method detection limit and the laboratory practical quantitation limit.)",,,,,,,"Anatoxin-a: not detected; Cylindrospermopsin: 0.52 I (I qualifier indicates that the reported value is between the laboratory method detection limit and the laboratory practical quantitation limit.)",,2019-09-12 16:43:00,28.5259262811597,-81.5174523323776,0.3,"https://services1.arcgis.com/nRHtyn3uE1kyzoYc/arcgis/rest/services/service_5c5ebb2c750c442da2b09ddcc97bb150/FeatureServer/0/655/attachments/821?token=5-9B4_qFJxwE43FpRKmTcizn9xE4gyQzR7iJriH_WSdv7PgrexGGAhHhsGpscZa8SH_qjt0z84tspBh9UZdaQiiM655xl5nYilYijuNFLU5ctgA5UqoDG-yQnKzdu40YNWB8oief-0n4SY_CsI5ZrvtQHd97t_Zf1Jytpde8Gcx1_zdC8Fhz3OKM_JWL5zg6"
"SRP","StJohns",2019-09-11,"SJRWMD","No","mixed algae; no dominant species in sample",,"Yes",,,0.11,,,"analyzed",,,,,"Anatoxin-a: not analyzed; Cylindrospermopsin: 0.11;  Saxitoxin/Paralytic Shellfish Toxins: 0.17",,2019-09-11 16:30:00,29.80169,-81.55453,0.3,"https://services1.arcgis.com/nRHtyn3uE1kyzoYc/arcgis/rest/services/service_5c5ebb2c750c442da2b09ddcc97bb150/FeatureServer/0/659/attachments/826?token=5-9B4_qFJxwE43FpRKmTcizn9xE4gyQzR7iJriH_WSdv7PgrexGGAhHhsGpscZa8SH_qjt0z84tspBh9UZdaQiiM655xl5nYilYijuNFLU5ctgA5UqoDG-yQnKzdu40YNWB8oief-0n4SY_CsI5ZrvtQHd97t_Zf1Jytpde8Gcx1_zdC8Fhz3OKM_JWL5zg6"
"SJWSIL","StJohns",2019-09-11,"SJRWMD","No","mixed algae; no dominant species in sample",,"Yes",,,,,,"analyzed",,,,,"Anatoxin-a: not analyzed; Cylindrospermopsin: not detected;  Saxitoxin/Paralytic Shellfish Toxins: 0.15",,2019-09-11 16:02:00,29.8941388888889,-81.5939166666667,0.3,"https://services1.arcgis.com/nRHtyn3uE1kyzoYc/arcgis/rest/services/service_5c5ebb2c750c442da2b09ddcc97bb150/FeatureServer/0/658/attachments/825?token=5-9B4_qFJxwE43FpRKmTcizn9xE4gyQzR7iJriH_WSdv7PgrexGGAhHhsGpscZa8SH_qjt0z84tspBh9UZdaQiiM655xl5nYilYijuNFLU5ctgA5UqoDG-yQnKzdu40YNWB8oief-0n4SY_CsI5ZrvtQHd97t_Zf1Jytpde8Gcx1_zdC8Fhz3OKM_JWL5zg6"
"SJR @ Shands Bridge","StJohns",2019-09-11,"SJRWMD","No","mixed algae; no dominant species in sample",,"Yes",,,,,,"analyzed",,,,,"Anatoxin-a: not analyzed; Cylindrospermopsin: not detected;  Saxitoxin/Paralytic Shellfish Toxins: 0.12",,2019-09-11 15:38:00,29.9812777777778,-81.6216388888889,0.3,"https://services1.arcgis.com/nRHtyn3uE1kyzoYc/arcgis/rest/services/service_5c5ebb2c750c442da2b09ddcc97bb150/FeatureServer/0/657/attachments/824?token=5-9B4_qFJxwE43FpRKmTcizn9xE4gyQzR7iJriH_WSdv7PgrexGGAhHhsGpscZa8SH_qjt0z84tspBh9UZdaQiiM655xl5nYilYijuNFLU5ctgA5UqoDG-yQnKzdu40YNWB8oief-0n4SY_CsI5ZrvtQHd97t_Zf1Jytpde8Gcx1_zdC8Fhz3OKM_JWL5zg6"
"DTL","Clay",2019-09-11,"SJRWMD","No","mixed algae; no dominant species in sample",,"No",,,,,,"analyzed",,,,,"Anatoxin-a: not analyzed; Cylindrospermopsin: not detected;  Saxitoxin/Paralytic Shellfish Toxins: not detected",,2019-09-11 14:42:00,30.138056,-81.72722,0.3,"https://services1.arcgis.com/nRHtyn3uE1kyzoYc/arcgis/rest/services/service_5c5ebb2c750c442da2b09ddcc97bb150/FeatureServer/0/656/attachments/823?token=5-9B4_qFJxwE43FpRKmTcizn9xE4gyQzR7iJriH_WSdv7PgrexGGAhHhsGpscZa8SH_qjt0z84tspBh9UZdaQiiM655xl5nYilYijuNFLU5ctgA5UqoDG-yQnKzdu40YNWB8oief-0n4SY_CsI5ZrvtQHd97t_Zf1Jytpde8Gcx1_zdC8Fhz3OKM_JWL5zg6"
"Buzzard Island","Putnam",2019-09-10,"SJRWMD","No","Dominant taxon: Microcystis wesenbergii",,"Yes",,,0.09,,,"analyzed",,,,,"Anatoxin-a: not analyzed; Cylindrospermopsin: 0.09;  Saxitoxin/Paralytic Shellfish Toxins: 0.15",,2019-09-10 16:05:00,29.6037777777778,-81.6053861111111,0.3,"https://services1.arcgis.com/nRHtyn3uE1kyzoYc/arcgis/rest/services/service_5c5ebb2c750c442da2b09ddcc97bb150/FeatureServer/0/654/attachments/820?token=5-9B4_qFJxwE43FpRKmTcizn9xE4gyQzR7iJriH_WSdv7PgrexGGAhHhsGpscZa8SH_qjt0z84tspBh9UZdaQiiM655xl5nYilYijuNFLU5ctgA5UqoDG-yQnKzdu40YNWB8oief-0n4SY_CsI5ZrvtQHd97t_Zf1Jytpde8Gcx1_zdC8Fhz3OKM_JWL5zg6"
"Crescent Lake near Dunns Creek","Putnam",2019-09-10,"SJRWMD","Yes","Dominant taxon: Microcystis aeruginosa",,"Yes",0.51,,0.59,,,"analyzed",,,,,"Anatoxin-a: not analyzed; Cylindrospermopsin: 0.59;  Saxitoxin/Paralytic Shellfish Toxins: 0.37",,2019-09-10 14:37:00,29.529556,-81.553722,0.3,"https://services1.arcgis.com/nRHtyn3uE1kyzoYc/arcgis/rest/services/service_5c5ebb2c750c442da2b09ddcc97bb150/FeatureServer/0/653/attachments/819?token=5-9B4_qFJxwE43FpRKmTcizn9xE4gyQzR7iJriH_WSdv7PgrexGGAhHhsGpscZa8SH_qjt0z84tspBh9UZdaQiiM655xl5nYilYijuNFLU5ctgA5UqoDG-yQnKzdu40YNWB8oief-0n4SY_CsI5ZrvtQHd97t_Zf1Jytpde8Gcx1_zdC8Fhz3OKM_JWL5zg6"
"Crescent Lake at Central Ave boat ramp","Putnam",2019-09-09,"DEP_NE_ROC","Yes","Dominant taxon: Microcystis aeruginosa",,"Yes",0.3,"I (I qualifier indicates that the reported value is between the laboratory method detection limit and the laboratory practical quantitation limit.)",1.3,,,,,,,,"Anatoxin-a: not detected; Cylindrospermopsin: 1.3","Green streaks and particulates in the water column. Bloom smaller than a swimming pool at the dock.",2019-09-09 16:15:00,29.43032,-81.50574,0.3,"https://services1.arcgis.com/nRHtyn3uE1kyzoYc/arcgis/rest/services/service_5c5ebb2c750c442da2b09ddcc97bb150/FeatureServer/0/643/attachments/805?token=5-9B4_qFJxwE43FpRKmTcizn9xE4gyQzR7iJriH_WSdv7PgrexGGAhHhsGpscZa8SH_qjt0z84tspBh9UZdaQiiM655xl5nYilYijuNFLU5ctgA5UqoDG-yQnKzdu40YNWB8oief-0n4SY_CsI5ZrvtQHd97t_Zf1Jytpde8Gcx1_zdC8Fhz3OKM_JWL5zg6"
"Fellsmere Water Mgmt Area 1","IndianRiver",2019-08-28,"SJRWMD","Yes","Dominant taxon: Microcystis aeruginosa",,"Yes",3.5,,,,0.11,,,,,,"Cylindrospermopsin: 0.11; Saxitoxin/Paralytic Shellfish Toxins: not detected",,2019-08-28 15:58:00,27.79567,-80.704012,0.3,
"Tiger Bay Lake, Volusia County","Volusia",2019-08-27,"DEP_CEN_ROC","No","mixed algae; no dominant species in sample",,"No",,,,,,,,,,,"Anatoxin-a: not detected; Cylindrospermopsin: not detected",,2019-08-27 16:32:00,29.11227,-81.18827,0.3,"https://services1.arcgis.com/nRHtyn3uE1kyzoYc/arcgis/rest/services/service_5c5ebb2c750c442da2b09ddcc97bb150/FeatureServer/0/623/attachments/767?token=5-9B4_qFJxwE43FpRKmTcizn9xE4gyQzR7iJriH_WSdv7PgrexGGAhHhsGpscZa8SH_qjt0z84tspBh9UZdaQiiM655xl5nYilYijuNFLU5ctgA5UqoDG-yQnKzdu40YNWB8oief-0n4SY_CsI5ZrvtQHd97t_Zf1Jytpde8Gcx1_zdC8Fhz3OKM_JWL5zg6"
"Sunshine Lake Center","Alachua",2019-08-27,"DEP_NE_ROC","Yes","Co-dominant taxa were: Dolichospermum circinale and Microcystis aeruginosa",,"Yes",1.8,,,,,,,,,,"Anatoxin-a: not detected; Cylindrospermopsin: not detected","Blue green algae observed on the waters surface near the shore and in the water column throughout the lake",2019-08-27 14:30:00,29.83871,-82.33151,0.3,"https://services1.arcgis.com/nRHtyn3uE1kyzoYc/arcgis/rest/services/service_5c5ebb2c750c442da2b09ddcc97bb150/FeatureServer/0/624/attachments/770?token=5-9B4_qFJxwE43FpRKmTcizn9xE4gyQzR7iJriH_WSdv7PgrexGGAhHhsGpscZa8SH_qjt0z84tspBh9UZdaQiiM655xl5nYilYijuNFLU5ctgA5UqoDG-yQnKzdu40YNWB8oief-0n4SY_CsI5ZrvtQHd97t_Zf1Jytpde8Gcx1_zdC8Fhz3OKM_JWL5zg6"
"Sartori East Three Forks WMA","Brevard",2019-08-27,"SJRWMD","Yes","Dominant taxon: Microcystis aeruginosa",,"Yes",0.45,,,,0.14,,,,,,"Anatoxin-a: 0.14; Cylindrospermopsin: not detected; Saxitoxin/Paralytic Shellfish Toxins: not detected",,2019-08-27 12:35:00,27.90642,-80.75765,0.3,"https://services1.arcgis.com/nRHtyn3uE1kyzoYc/arcgis/rest/services/service_5c5ebb2c750c442da2b09ddcc97bb150/FeatureServer/0/630/attachments/784?token=5-9B4_qFJxwE43FpRKmTcizn9xE4gyQzR7iJriH_WSdv7PgrexGGAhHhsGpscZa8SH_qjt0z84tspBh9UZdaQiiM655xl5nYilYijuNFLU5ctgA5UqoDG-yQnKzdu40YNWB8oief-0n4SY_CsI5ZrvtQHd97t_Zf1Jytpde8Gcx1_zdC8Fhz3OKM_JWL5zg6"
"Mosquito Lagoon 100ft offshore of spoil island ","Volusia",2019-08-22,"DEP_CEN_ROC","Yes","mixed algae; no dominant species in sample",,"No",,,,,,,,,,,"Anatoxin-a: not detected; Cylindrospermopsin: not detected",,2019-08-22 17:20:00,28.9752,-80.8896,0.3,"https://services1.arcgis.com/nRHtyn3uE1kyzoYc/arcgis/rest/services/service_5c5ebb2c750c442da2b09ddcc97bb150/FeatureServer/0/618/attachments/762?token=5-9B4_qFJxwE43FpRKmTcizn9xE4gyQzR7iJriH_WSdv7PgrexGGAhHhsGpscZa8SH_qjt0z84tspBh9UZdaQiiM655xl5nYilYijuNFLU5ctgA5UqoDG-yQnKzdu40YNWB8oief-0n4SY_CsI5ZrvtQHd97t_Zf1Jytpde8Gcx1_zdC8Fhz3OKM_JWL5zg6"
"Mosquito Lagoon spoil island near shoreline","Volusia",2019-08-22,"DEP_CEN_ROC","Yes","mixed algae; no dominant species in sample",,"No",,,,,,,,,,,"Anatoxin-a: not detected; Cylindrospermopsin: not detected",,2019-08-22 17:05:00,28.9752753321545,-80.8897113972491,0.3,"https://services1.arcgis.com/nRHtyn3uE1kyzoYc/arcgis/rest/services/service_5c5ebb2c750c442da2b09ddcc97bb150/FeatureServer/0/617/attachments/759?token=5-9B4_qFJxwE43FpRKmTcizn9xE4gyQzR7iJriH_WSdv7PgrexGGAhHhsGpscZa8SH_qjt0z84tspBh9UZdaQiiM655xl5nYilYijuNFLU5ctgA5UqoDG-yQnKzdu40YNWB8oief-0n4SY_CsI5ZrvtQHd97t_Zf1Jytpde8Gcx1_zdC8Fhz3OKM_JWL5zg6"
"Lake Ponte Vedra--Guana Lake","StJohns",2019-08-22,"DEP","Yes","mixed algae; no dominant species in sample",,"No",,,,,,,,,,,"Anatoxin-a: not detected; Cylindrospermopsin: not detected",,2019-08-22 14:50:00,30.09579,-81.34851,0.3,
"SJRCC","Putnam",2019-08-19,"SJRWMD","No","mixed algae; no dominant species in sample",,"Yes",,,0.06,,,"analyzed",,,,,"Anatoxin-a: not analyzed; Cylindrospermopsin: 0.06;  Saxitoxin/Paralytic Shellfish Toxins: 0.14",,2019-08-19 16:59:00,29.7000833333333,-81.6366944444444,0.3,"https://services1.arcgis.com/nRHtyn3uE1kyzoYc/arcgis/rest/services/service_5c5ebb2c750c442da2b09ddcc97bb150/FeatureServer/0/609/attachments/750?token=5-9B4_qFJxwE43FpRKmTcizn9xE4gyQzR7iJriH_WSdv7PgrexGGAhHhsGpscZa8SH_qjt0z84tspBh9UZdaQiiM655xl5nYilYijuNFLU5ctgA5UqoDG-yQnKzdu40YNWB8oief-0n4SY_CsI5ZrvtQHd97t_Zf1Jytpde8Gcx1_zdC8Fhz3OKM_JWL5zg6"
"SJP","Putnam",2019-08-19,"SJRWMD","No","mixed algae; no dominant species in sample",,"Yes",,,0.08,,,"analyzed",,,,,"Anatoxin-a: not analyzed; Cylindrospermopsin: 0.08;  Saxitoxin/Paralytic Shellfish Toxins: 0.14",,2019-08-19 15:54:00,29.6443611111111,-81.6259444444444,0.3,"https://services1.arcgis.com/nRHtyn3uE1kyzoYc/arcgis/rest/services/service_5c5ebb2c750c442da2b09ddcc97bb150/FeatureServer/0/610/attachments/751?token=5-9B4_qFJxwE43FpRKmTcizn9xE4gyQzR7iJriH_WSdv7PgrexGGAhHhsGpscZa8SH_qjt0z84tspBh9UZdaQiiM655xl5nYilYijuNFLU5ctgA5UqoDG-yQnKzdu40YNWB8oief-0n4SY_CsI5ZrvtQHd97t_Zf1Jytpde8Gcx1_zdC8Fhz3OKM_JWL5zg6"
"BB22","Putnam",2019-08-19,"SJRWMD","No","mixed algae; no dominant species in sample",,"Yes",,,,,,"analyzed",,,,,"Anatoxin-a: not analyzed; Cylindrospermopsin: not detected;  Saxitoxin/Paralytic Shellfish Toxins: 0.10",,2019-08-19 15:25:00,29.5960277777778,-81.6784166666667,0.3,"https://services1.arcgis.com/nRHtyn3uE1kyzoYc/arcgis/rest/services/service_5c5ebb2c750c442da2b09ddcc97bb150/FeatureServer/0/604/attachments/745?token=5-9B4_qFJxwE43FpRKmTcizn9xE4gyQzR7iJriH_WSdv7PgrexGGAhHhsGpscZa8SH_qjt0z84tspBh9UZdaQiiM655xl5nYilYijuNFLU5ctgA5UqoDG-yQnKzdu40YNWB8oief-0n4SY_CsI5ZrvtQHd97t_Zf1Jytpde8Gcx1_zdC8Fhz3OKM_JWL5zg6"
"LEO","Volusia",2019-08-19,"SJRWMD","No","mixed algae; no dominant species in sample",,"Yes",,,0.07,,,"analyzed",,,,,"Anatoxin-a: not analyzed; Cylindrospermopsin: 0.07;  Saxitoxin/Paralytic Shellfish Toxins: 0.05",,2019-08-19 13:34:00,29.3095,-81.6069722222222,0.3,"https://services1.arcgis.com/nRHtyn3uE1kyzoYc/arcgis/rest/services/service_5c5ebb2c750c442da2b09ddcc97bb150/FeatureServer/0/605/attachments/746?token=5-9B4_qFJxwE43FpRKmTcizn9xE4gyQzR7iJriH_WSdv7PgrexGGAhHhsGpscZa8SH_qjt0z84tspBh9UZdaQiiM655xl5nYilYijuNFLU5ctgA5UqoDG-yQnKzdu40YNWB8oief-0n4SY_CsI5ZrvtQHd97t_Zf1Jytpde8Gcx1_zdC8Fhz3OKM_JWL5zg6"
"Lake Washington-Center","Brevard",2019-08-19,"SJRWMD","No","mixed algae; no dominant species in sample
",,"No",,,,,,,,,,,"Anatoxin-a: not detected; Cylindrospermopsin: not detected",,2019-08-19 13:04:56.042,28.142444,-80.744611,0.289,
"WELAKA BOAT RAMP","Putnam",2019-08-19,"SJRWMD","No","mixed algae; no dominant species in sample",,"Yes",,,,,,"analyzed",,,,,"Anatoxin-a: not analyzed; Cylindrospermopsin: not detected;  Saxitoxin/Paralytic Shellfish Toxins: 0.10",,2019-08-19 12:58:00,29.4786111111111,-81.6748722222222,0.3,"https://services1.arcgis.com/nRHtyn3uE1kyzoYc/arcgis/rest/services/service_5c5ebb2c750c442da2b09ddcc97bb150/FeatureServer/0/606/attachments/747?token=5-9B4_qFJxwE43FpRKmTcizn9xE4gyQzR7iJriH_WSdv7PgrexGGAhHhsGpscZa8SH_qjt0z84tspBh9UZdaQiiM655xl5nYilYijuNFLU5ctgA5UqoDG-yQnKzdu40YNWB8oief-0n4SY_CsI5ZrvtQHd97t_Zf1Jytpde8Gcx1_zdC8Fhz3OKM_JWL5zg6"
"CM15","Putnam",2019-08-19,"SJRWMD","No","mixed algae; no dominant species in sample",,"Yes",,,0.07,,,"analyzed",,,,,"Anatoxin-a: not analyzed; Cylindrospermopsin: 0.07;  Saxitoxin/Paralytic Shellfish Toxins: 0.14",,2019-08-19 12:30:00,29.5912222222222,-81.622,0.3,"https://services1.arcgis.com/nRHtyn3uE1kyzoYc/arcgis/rest/services/service_5c5ebb2c750c442da2b09ddcc97bb150/FeatureServer/0/607/attachments/748?token=5-9B4_qFJxwE43FpRKmTcizn9xE4gyQzR7iJriH_WSdv7PgrexGGAhHhsGpscZa8SH_qjt0z84tspBh9UZdaQiiM655xl5nYilYijuNFLU5ctgA5UqoDG-yQnKzdu40YNWB8oief-0n4SY_CsI5ZrvtQHd97t_Zf1Jytpde8Gcx1_zdC8Fhz3OKM_JWL5zg6"
"CM12 BUZZARD ISLAND","Putnam",2019-08-19,"SJRWMD","No","mixed algae; no dominant species in sample",,"Yes",,,0.07,,,"analyzed",,,,,"Anatoxin-a: not analyzed; Cylindrospermopsin: 0.07;  Saxitoxin/Paralytic Shellfish Toxins: 0.14",,2019-08-19 12:19:00,29.6037777777778,-81.6053861111111,0.3,"https://services1.arcgis.com/nRHtyn3uE1kyzoYc/arcgis/rest/services/service_5c5ebb2c750c442da2b09ddcc97bb150/FeatureServer/0/608/attachments/749?token=5-9B4_qFJxwE43FpRKmTcizn9xE4gyQzR7iJriH_WSdv7PgrexGGAhHhsGpscZa8SH_qjt0z84tspBh9UZdaQiiM655xl5nYilYijuNFLU5ctgA5UqoDG-yQnKzdu40YNWB8oief-0n4SY_CsI5ZrvtQHd97t_Zf1Jytpde8Gcx1_zdC8Fhz3OKM_JWL5zg6"
"Kingsley Lake Dock 82","Clay",2019-08-14,"DEP_NE_ROC","No","mixed algae; no dominant species in sample",,"No",,,,,,,,,,,"Anatoxin-a: not detected; Cylindrospermopsin: not detected",,2019-08-14 17:15:00,29.96822479,-82.01346152,0.3,"https://services1.arcgis.com/nRHtyn3uE1kyzoYc/arcgis/rest/services/service_5c5ebb2c750c442da2b09ddcc97bb150/FeatureServer/0/580/attachments/722?token=5-9B4_qFJxwE43FpRKmTcizn9xE4gyQzR7iJriH_WSdv7PgrexGGAhHhsGpscZa8SH_qjt0z84tspBh9UZdaQiiM655xl5nYilYijuNFLU5ctgA5UqoDG-yQnKzdu40YNWB8oief-0n4SY_CsI5ZrvtQHd97t_Zf1Jytpde8Gcx1_zdC8Fhz3OKM_JWL5zg6"
"Lake Washington @ just north of intake","Brevard",2019-08-14,"DEP_CEN_ROC","No","mixed algae; no dominant species in sample",,"No",,,,,,,,,,,"Anatoxin-a: not detected; Cylindrospermopsin: not detected","No bloom or any algae observed. Follow-up to past complaint",2019-08-14 16:58:00,28.14697,-80.73887,0.3,
"SRP","StJohns",2019-08-14,"SJRWMD","No","mixed algae; no dominant species in sample",,"Yes",,,,,,"analyzed",,,,,"Anatoxin-a: not analyzed; Cylindrospermopsin: not detected;  Saxitoxin/Paralytic Shellfish Toxins: 0.20",,2019-08-14 16:13:00,29.80169,-81.55453,0.3,"https://services1.arcgis.com/nRHtyn3uE1kyzoYc/arcgis/rest/services/service_5c5ebb2c750c442da2b09ddcc97bb150/FeatureServer/0/584/attachments/728?token=5-9B4_qFJxwE43FpRKmTcizn9xE4gyQzR7iJriH_WSdv7PgrexGGAhHhsGpscZa8SH_qjt0z84tspBh9UZdaQiiM655xl5nYilYijuNFLU5ctgA5UqoDG-yQnKzdu40YNWB8oief-0n4SY_CsI5ZrvtQHd97t_Zf1Jytpde8Gcx1_zdC8Fhz3OKM_JWL5zg6"
"SJWSIL","StJohns",2019-08-14,"SJRWMD","No","mixed algae; no dominant species in sample",,"Yes",0.35,,0.05,,,"analyzed",,,,,"Anatoxin-a: not analyzed; Cylindrospermopsin: 0.05;  Saxitoxin/Paralytic Shellfish Toxins: 0.38",,2019-08-14 15:48:00,29.8941388888889,-81.5939166666667,0.3,"https://services1.arcgis.com/nRHtyn3uE1kyzoYc/arcgis/rest/services/service_5c5ebb2c750c442da2b09ddcc97bb150/FeatureServer/0/583/attachments/727?token=5-9B4_qFJxwE43FpRKmTcizn9xE4gyQzR7iJriH_WSdv7PgrexGGAhHhsGpscZa8SH_qjt0z84tspBh9UZdaQiiM655xl5nYilYijuNFLU5ctgA5UqoDG-yQnKzdu40YNWB8oief-0n4SY_CsI5ZrvtQHd97t_Zf1Jytpde8Gcx1_zdC8Fhz3OKM_JWL5zg6"
"SJR @ Shands Bridge","StJohns",2019-08-14,"SJRWMD","No","mixed algae; no dominant species in sample",,"Yes",0.38,,0.06,,,"analyzed",,,,,"Anatoxin-a: not analyzed; Cylindrospermopsin: 0.06;  Saxitoxin/Paralytic Shellfish Toxins: 0.19",,2019-08-14 15:19:00,29.9812777777778,-81.6216388888889,0.3,"https://services1.arcgis.com/nRHtyn3uE1kyzoYc/arcgis/rest/services/service_5c5ebb2c750c442da2b09ddcc97bb150/FeatureServer/0/582/attachments/726?token=5-9B4_qFJxwE43FpRKmTcizn9xE4gyQzR7iJriH_WSdv7PgrexGGAhHhsGpscZa8SH_qjt0z84tspBh9UZdaQiiM655xl5nYilYijuNFLU5ctgA5UqoDG-yQnKzdu40YNWB8oief-0n4SY_CsI5ZrvtQHd97t_Zf1Jytpde8Gcx1_zdC8Fhz3OKM_JWL5zg6"
"DTL","Clay",2019-08-14,"SJRWMD","No","mixed algae; no dominant species in sample",,"Yes",,,0.07,,,"analyzed",,,,,"Anatoxin-a: not analyzed; Cylindrospermopsin: 0.07;  Saxitoxin/Paralytic Shellfish Toxins: not detected",,2019-08-14 14:20:00,30.138056,-81.72722,0.3,"https://services1.arcgis.com/nRHtyn3uE1kyzoYc/arcgis/rest/services/service_5c5ebb2c750c442da2b09ddcc97bb150/FeatureServer/0/581/attachments/725?token=5-9B4_qFJxwE43FpRKmTcizn9xE4gyQzR7iJriH_WSdv7PgrexGGAhHhsGpscZa8SH_qjt0z84tspBh9UZdaQiiM655xl5nYilYijuNFLU5ctgA5UqoDG-yQnKzdu40YNWB8oief-0n4SY_CsI5ZrvtQHd97t_Zf1Jytpde8Gcx1_zdC8Fhz3OKM_JWL5zg6"
"Crescent Lake near Dunns Creek","Putnam",2019-08-12,"SJRWMD","Yes","mixed algae; no dominant species in sample",,"Yes",,,0.18,,,"analyzed",,,,,"Anatoxin-a: not analyzed; Cylindrospermopsin: 0.18;  Saxitoxin/Paralytic Shellfish Toxins: 0.47 J (J qualifier indicates an estimated value)",,2019-08-12 13:39:00,29.529556,-81.553722,0.3,"https://services1.arcgis.com/nRHtyn3uE1kyzoYc/arcgis/rest/services/service_5c5ebb2c750c442da2b09ddcc97bb150/FeatureServer/0/577/attachments/718?token=5-9B4_qFJxwE43FpRKmTcizn9xE4gyQzR7iJriH_WSdv7PgrexGGAhHhsGpscZa8SH_qjt0z84tspBh9UZdaQiiM655xl5nYilYijuNFLU5ctgA5UqoDG-yQnKzdu40YNWB8oief-0n4SY_CsI5ZrvtQHd97t_Zf1Jytpde8Gcx1_zdC8Fhz3OKM_JWL5zg6"
"Crescent Lake Boat Ramp","Putnam",2019-08-12,"SJRWMD","Yes","Dominant taxon: Microcystis aeruginosa",,"Yes",0.56,,0.21,,,"analyzed",,,,,"Anatoxin-a: not analyzed; Cylindrospermopsin: 0.21;  Saxitoxin/Paralytic Shellfish Toxins: 0.36",,2019-08-12 12:28:00,29.4283,-81.50653,0.3,"https://services1.arcgis.com/nRHtyn3uE1kyzoYc/arcgis/rest/services/service_5c5ebb2c750c442da2b09ddcc97bb150/FeatureServer/0/576/attachments/717?token=5-9B4_qFJxwE43FpRKmTcizn9xE4gyQzR7iJriH_WSdv7PgrexGGAhHhsGpscZa8SH_qjt0z84tspBh9UZdaQiiM655xl5nYilYijuNFLU5ctgA5UqoDG-yQnKzdu40YNWB8oief-0n4SY_CsI5ZrvtQHd97t_Zf1Jytpde8Gcx1_zdC8Fhz3OKM_JWL5zg6"
"Lake Washington ","Brevard",2019-08-05,"DEP_CEN_ROC","No","not collected",,"No",,,,,,,,,,,"Anatoxin-a: not detected; Cylindrospermopsin: not detected","Follow up visit. Checked perimeter of entire lake. No bloom was noted. ",2019-08-05 19:59:00,28.14672,-80.73928,0.3,
"SJR @ Hwy 40 (2001002)","Lake",2019-08-01,"SJRWMD","Yes","Dominant taxon: Microcystis aeruginosa",,"Yes",,,0.1,,,"analyzed",,,,,"Anatoxin-a: not analyzed; Cylindrospermopsin: 0.10;  Saxitoxin/Paralytic Shellfish Toxins: not detected",,2019-08-01 13:37:00,29.161833,-81.523472,0.3,"https://services1.arcgis.com/nRHtyn3uE1kyzoYc/arcgis/rest/services/service_5c5ebb2c750c442da2b09ddcc97bb150/FeatureServer/0/551/attachments/687?token=5-9B4_qFJxwE43FpRKmTcizn9xE4gyQzR7iJriH_WSdv7PgrexGGAhHhsGpscZa8SH_qjt0z84tspBh9UZdaQiiM655xl5nYilYijuNFLU5ctgA5UqoDG-yQnKzdu40YNWB8oief-0n4SY_CsI5ZrvtQHd97t_Zf1Jytpde8Gcx1_zdC8Fhz3OKM_JWL5zg6"
"St Johns River at 959 Bayside Bluff","StJohns",2019-07-30,"DEP_NE_ROC","No","mixed algae; no dominant species in sample",,"No",,,,,,,,,,,"Anatoxin-a: not detected; Cylindrospermopsin:  not detected","responding to algal bloom , did not see evidence of algae",2019-07-30 19:00:00,30.0881475,-81.645077,0.1,"https://services1.arcgis.com/nRHtyn3uE1kyzoYc/arcgis/rest/services/service_5c5ebb2c750c442da2b09ddcc97bb150/FeatureServer/0/537/attachments/671?token=5-9B4_qFJxwE43FpRKmTcizn9xE4gyQzR7iJriH_WSdv7PgrexGGAhHhsGpscZa8SH_qjt0z84tspBh9UZdaQiiM655xl5nYilYijuNFLU5ctgA5UqoDG-yQnKzdu40YNWB8oief-0n4SY_CsI5ZrvtQHd97t_Zf1Jytpde8Gcx1_zdC8Fhz3OKM_JWL5zg6"
"T.M. Goodwin Boat Ramp","IndianRiver",2019-07-30,"SJRWMD","Yes","mixed algae; no dominant species in sample",,"Yes",2.25,,,,,"analyzed",,,,,"Anatoxin-a: not analyzed; Cylindrospermopsin: not detected;  Saxitoxin/Paralytic Shellfish Toxins: 0.05",,2019-07-30 15:14:00,27.82337,-80.70946,0.3,"https://services1.arcgis.com/nRHtyn3uE1kyzoYc/arcgis/rest/services/service_5c5ebb2c750c442da2b09ddcc97bb150/FeatureServer/0/547/attachments/677?token=5-9B4_qFJxwE43FpRKmTcizn9xE4gyQzR7iJriH_WSdv7PgrexGGAhHhsGpscZa8SH_qjt0z84tspBh9UZdaQiiM655xl5nYilYijuNFLU5ctgA5UqoDG-yQnKzdu40YNWB8oief-0n4SY_CsI5ZrvtQHd97t_Zf1Jytpde8Gcx1_zdC8Fhz3OKM_JWL5zg6"
"BUC","Flagler",2019-07-30,"SJRWMD","Yes","Dominant taxon: Microcystis sp.",,"Yes",,,0.07,,,"analyzed",,,,,"Anatoxin-a: not analyzed; Cylindrospermopsin: 0.07;  Saxitoxin/Paralytic Shellfish Toxins: 0.05",,2019-07-30 13:31:00,29.42472,-81.43667,0.3,"https://services1.arcgis.com/nRHtyn3uE1kyzoYc/arcgis/rest/services/service_5c5ebb2c750c442da2b09ddcc97bb150/FeatureServer/0/544/attachments/674?token=5-9B4_qFJxwE43FpRKmTcizn9xE4gyQzR7iJriH_WSdv7PgrexGGAhHhsGpscZa8SH_qjt0z84tspBh9UZdaQiiM655xl5nYilYijuNFLU5ctgA5UqoDG-yQnKzdu40YNWB8oief-0n4SY_CsI5ZrvtQHd97t_Zf1Jytpde8Gcx1_zdC8Fhz3OKM_JWL5zg6"
"FTT","IndianRiver",2019-07-30,"SJRWMD","Yes","Dominant taxon: Microcystis sp.",,"Yes",2.35,,,,,"analyzed",,,,,"Anatoxin-a: not analyzed; Cylindrospermopsin: not detected;  Saxitoxin/Paralytic Shellfish Toxins: not detected",,2019-07-30 13:16:00,27.77842,-80.72567,0.3,"https://services1.arcgis.com/nRHtyn3uE1kyzoYc/arcgis/rest/services/service_5c5ebb2c750c442da2b09ddcc97bb150/FeatureServer/0/546/attachments/676?token=5-9B4_qFJxwE43FpRKmTcizn9xE4gyQzR7iJriH_WSdv7PgrexGGAhHhsGpscZa8SH_qjt0z84tspBh9UZdaQiiM655xl5nYilYijuNFLU5ctgA5UqoDG-yQnKzdu40YNWB8oief-0n4SY_CsI5ZrvtQHd97t_Zf1Jytpde8Gcx1_zdC8Fhz3OKM_JWL5zg6"
"STKM","IndianRiver",2019-07-30,"SJRWMD","Yes","mixed algae; no dominant species in sample",,"Yes",3.9,,,,,"analyzed",,,,,"Anatoxin-a: not analyzed; Cylindrospermopsin: not detected;  Saxitoxin/Paralytic Shellfish Toxins: 0.08",,2019-07-30 12:52:00,27.81065,-80.72486,0.3,"https://services1.arcgis.com/nRHtyn3uE1kyzoYc/arcgis/rest/services/service_5c5ebb2c750c442da2b09ddcc97bb150/FeatureServer/0/545/attachments/675?token=5-9B4_qFJxwE43FpRKmTcizn9xE4gyQzR7iJriH_WSdv7PgrexGGAhHhsGpscZa8SH_qjt0z84tspBh9UZdaQiiM655xl5nYilYijuNFLU5ctgA5UqoDG-yQnKzdu40YNWB8oief-0n4SY_CsI5ZrvtQHd97t_Zf1Jytpde8Gcx1_zdC8Fhz3OKM_JWL5zg6"
"LT076, SJR near San Mateo","Putnam",2019-07-30,"SJRWMD","Yes","mixed algae; no dominant species in sample",,"Yes",0.52,,,,,"analyzed",,,,,"Anatoxin-a: not analyzed; Cylindrospermopsin: not detected;  Saxitoxin/Paralytic Shellfish Toxins: 0.16",,2019-07-30 12:30:00,29.59123,-81.6155,0.3,"https://services1.arcgis.com/nRHtyn3uE1kyzoYc/arcgis/rest/services/service_5c5ebb2c750c442da2b09ddcc97bb150/FeatureServer/0/543/attachments/673?token=5-9B4_qFJxwE43FpRKmTcizn9xE4gyQzR7iJriH_WSdv7PgrexGGAhHhsGpscZa8SH_qjt0z84tspBh9UZdaQiiM655xl5nYilYijuNFLU5ctgA5UqoDG-yQnKzdu40YNWB8oief-0n4SY_CsI5ZrvtQHd97t_Zf1Jytpde8Gcx1_zdC8Fhz3OKM_JWL5zg6"
"Sykes Creek Canal near Canal Ct","Brevard",2019-07-29,"DEP_CEN_ROC","Yes","Dominant taxon: Heterosigma sp.",,"No",,,,,,,,,,,"Anatoxin-a: not detected; Cylindrospermopsin:  not detected","Cloudy brown bloom isolated to the access canal along Canal Ct. We observed several dead catfish and a white, billowy plume rose to the surface as we motored through. ",2019-07-29 17:00:00,28.38959,-80.6983,0.3,"https://services1.arcgis.com/nRHtyn3uE1kyzoYc/arcgis/rest/services/service_5c5ebb2c750c442da2b09ddcc97bb150/FeatureServer/0/523/attachments/640?token=5-9B4_qFJxwE43FpRKmTcizn9xE4gyQzR7iJriH_WSdv7PgrexGGAhHhsGpscZa8SH_qjt0z84tspBh9UZdaQiiM655xl5nYilYijuNFLU5ctgA5UqoDG-yQnKzdu40YNWB8oief-0n4SY_CsI5ZrvtQHd97t_Zf1Jytpde8Gcx1_zdC8Fhz3OKM_JWL5zg6"
"Fellsmere Water Mgmt Area 1","IndianRiver",2019-07-29,"SJRWMD","Yes","Dominant taxon: Microcystis aeruginosa",,"Yes",2.32,,0.62,,,"analyzed",,,,,"Anatoxin-a: not analyzed; Cylindrospermopsin: 0.62;  Saxitoxin/Paralytic Shellfish Toxins: not detected",,2019-07-29 16:39:00,27.79567,-80.70454,0.3,"https://services1.arcgis.com/nRHtyn3uE1kyzoYc/arcgis/rest/services/service_5c5ebb2c750c442da2b09ddcc97bb150/FeatureServer/0/548/attachments/682?token=5-9B4_qFJxwE43FpRKmTcizn9xE4gyQzR7iJriH_WSdv7PgrexGGAhHhsGpscZa8SH_qjt0z84tspBh9UZdaQiiM655xl5nYilYijuNFLU5ctgA5UqoDG-yQnKzdu40YNWB8oief-0n4SY_CsI5ZrvtQHd97t_Zf1Jytpde8Gcx1_zdC8Fhz3OKM_JWL5zg6"
"Lake Washington Center","Brevard",2019-07-29,"SJRWMD","Yes","Dominant taxon: Dolichospermum circinale",,"No",,,,,,"analyzed",,,,,"Anatoxin-a: not analyzed; Cylindrospermopsin: not detected;  Saxitoxin/Paralytic Shellfish Toxins: not detected",,2019-07-29 14:36:00,28.1424388888889,-80.7446111111111,0.3,
"Lake Washington West","Brevard",2019-07-29,"SJRWMD","Yes","Dominant taxon: Dolichospermum circinale",,"No",,,,,,,,,,,"Anatoxin-a: not detected; Cylindrospermopsin: not detected;  Saxitoxin/Paralytic Shellfish Toxins: not detected",,2019-07-29 14:29:00,28.1373611111111,-80.75225,0.3,
"Lake Washington North","Brevard",2019-07-29,"SJRWMD","Yes","Dominant taxon: Dolichospermum circinale",,"No",,,,,,"analyzed",,,,,"Anatoxin-a: not analyzed; Cylindrospermopsin: not detected;  Saxitoxin/Paralytic Shellfish Toxins: not detected",,2019-07-29 14:16:00,28.1648888888889,-80.746,0.3,
"Lake Washington Boat Ramp","Brevard",2019-07-29,"SJRWMD","Yes","Dominant taxon: Dolichospermum circinale",,"No",,,,,,"analyzed",,,,,"Anatoxin-a: not analyzed; Cylindrospermopsin: not detected;  Saxitoxin/Paralytic Shellfish Toxins: not detected",,2019-07-29 14:04:00,28.1482222222222,-80.737,0.3,
"St.Johns River East of Mainstreet So.side","Duval",2019-07-29,"DEP_NE_ROC","No","not collected",,"No",,,,,,,,,,,"Anatoxin-a: not detected; Cylindrospermopsin:  not detected","foam sample accumulation",2019-07-29 13:00:00,30.3199777,-81.65556257,0.1,"https://services1.arcgis.com/nRHtyn3uE1kyzoYc/arcgis/rest/services/service_5c5ebb2c750c442da2b09ddcc97bb150/FeatureServer/0/522/attachments/637?token=5-9B4_qFJxwE43FpRKmTcizn9xE4gyQzR7iJriH_WSdv7PgrexGGAhHhsGpscZa8SH_qjt0z84tspBh9UZdaQiiM655xl5nYilYijuNFLU5ctgA5UqoDG-yQnKzdu40YNWB8oief-0n4SY_CsI5ZrvtQHd97t_Zf1Jytpde8Gcx1_zdC8Fhz3OKM_JWL5zg6"
"SJR LT063","Putnam",2019-07-26,"SJRWMD","Yes","mixed algae; no dominant species in sample",,"Yes",0.43,,,,,"analyzed",,,,,"Anatoxin-a: not analyzed; Cylindrospermopsin: not detected;  Saxitoxin/Paralytic Shellfish Toxins: 0.23",,2019-07-26 14:07:00,29.63302,-81.63704,0.3,
"St. Johns River @ CM41","Putnam",2019-07-23,"SJRWMD","Yes","Dominant taxon: Microcystis sp.",,,,,,,,,,,,,"Anatoxin-a: not detected; Cylindrospermopsin: not detected;  Saxitoxin/Paralytic Shellfish Toxins: 0.18",,2019-07-23 13:50:00,29.5098333333333,-81.6798888888889,0.3,"https://services1.arcgis.com/nRHtyn3uE1kyzoYc/arcgis/rest/services/service_5c5ebb2c750c442da2b09ddcc97bb150/FeatureServer/0/511/attachments/624?token=5-9B4_qFJxwE43FpRKmTcizn9xE4gyQzR7iJriH_WSdv7PgrexGGAhHhsGpscZa8SH_qjt0z84tspBh9UZdaQiiM655xl5nYilYijuNFLU5ctgA5UqoDG-yQnKzdu40YNWB8oief-0n4SY_CsI5ZrvtQHd97t_Zf1Jytpde8Gcx1_zdC8Fhz3OKM_JWL5zg6"
"Doctor's Lake West Side ","Clay",2019-07-22,"DEP_NE_ROC","No","mixed algae; no dominant species in sample",,,,,,,,,,,,,"Anatoxin-a: not detected; Cylindrospermopsin:  not detected","High dissolved oxygen content, observed at 109.4%. Water was noticeably green. However, no surface characteristics of an algae bloom were observed.  ",2019-07-22 15:00:00,30.12509,-81.75784,0.3,"https://services1.arcgis.com/nRHtyn3uE1kyzoYc/arcgis/rest/services/service_5c5ebb2c750c442da2b09ddcc97bb150/FeatureServer/0/500/attachments/612?token=5-9B4_qFJxwE43FpRKmTcizn9xE4gyQzR7iJriH_WSdv7PgrexGGAhHhsGpscZa8SH_qjt0z84tspBh9UZdaQiiM655xl5nYilYijuNFLU5ctgA5UqoDG-yQnKzdu40YNWB8oief-0n4SY_CsI5ZrvtQHd97t_Zf1Jytpde8Gcx1_zdC8Fhz3OKM_JWL5zg6"
"Doctor's Lake Boy Scout Camp","Clay",2019-07-22,"DEP_NE_ROC","No","mixed algae; no dominant species in sample",,,,,,,,,,,,,"Anatoxin-a: not detected; Cylindrospermopsin:  not detected","Dissolved Oxygen was observed at 82.2%",2019-07-22 14:35:00,30.15082,-81.72069,0.3,"https://services1.arcgis.com/nRHtyn3uE1kyzoYc/arcgis/rest/services/service_5c5ebb2c750c442da2b09ddcc97bb150/FeatureServer/0/499/attachments/611?token=5-9B4_qFJxwE43FpRKmTcizn9xE4gyQzR7iJriH_WSdv7PgrexGGAhHhsGpscZa8SH_qjt0z84tspBh9UZdaQiiM655xl5nYilYijuNFLU5ctgA5UqoDG-yQnKzdu40YNWB8oief-0n4SY_CsI5ZrvtQHd97t_Zf1Jytpde8Gcx1_zdC8Fhz3OKM_JWL5zg6"
"Mouth of Doctor's Lake South Bank","Clay",2019-07-22,"DEP_NE_ROC","No","mixed algae; no dominant species in sample",,,,,,,,,,,,,"Anatoxin-a: not detected; Cylindrospermopsin:  not detected","Dissolved Oxygen was observed at 96.9%. ",2019-07-22 14:15:00,30.14129,-81.71779,0.3,"https://services1.arcgis.com/nRHtyn3uE1kyzoYc/arcgis/rest/services/service_5c5ebb2c750c442da2b09ddcc97bb150/FeatureServer/0/498/attachments/609?token=5-9B4_qFJxwE43FpRKmTcizn9xE4gyQzR7iJriH_WSdv7PgrexGGAhHhsGpscZa8SH_qjt0z84tspBh9UZdaQiiM655xl5nYilYijuNFLU5ctgA5UqoDG-yQnKzdu40YNWB8oief-0n4SY_CsI5ZrvtQHd97t_Zf1Jytpde8Gcx1_zdC8Fhz3OKM_JWL5zg6"
"Lake Washington Boat Ramp","Brevard",2019-07-22,"SJRWMD","Yes","Dominant taxon: Dolichospermum circinale",,,,,,,,,,,,,"Anatoxin-a: not detected; Cylindrospermopsin: not detected;  Saxitoxin/Paralytic Shellfish Toxins: 0.11",,2019-07-22 13:51:00,28.1482222222222,-80.737,0.3,"https://services1.arcgis.com/nRHtyn3uE1kyzoYc/arcgis/rest/services/service_5c5ebb2c750c442da2b09ddcc97bb150/FeatureServer/0/507/attachments/636?token=5-9B4_qFJxwE43FpRKmTcizn9xE4gyQzR7iJriH_WSdv7PgrexGGAhHhsGpscZa8SH_qjt0z84tspBh9UZdaQiiM655xl5nYilYijuNFLU5ctgA5UqoDG-yQnKzdu40YNWB8oief-0n4SY_CsI5ZrvtQHd97t_Zf1Jytpde8Gcx1_zdC8Fhz3OKM_JWL5zg6"
"Lake Washington North","Brevard",2019-07-22,"SJRWMD","Yes","mixed algae; no dominant species in sample",,,,,,,,"analyzed",,,,,"Anatoxin-a: not analyzed; Cylindrospermopsin: not detected;  Saxitoxin/Paralytic Shellfish Toxins: 0.09",,2019-07-22 13:40:00,28.1621944444444,-80.746,0.3,
"Lake Washington West","Brevard",2019-07-22,"SJRWMD","Yes","mixed algae; no dominant species in sample",,,,,,,,"analyzed",,,,,"Anatoxin-a: not analyzed; Cylindrospermopsin: not detected;  Saxitoxin/Paralytic Shellfish Toxins: 0.06",,2019-07-22 13:23:00,28.1373611111111,-80.7508611111111,0.3,
"Lake Washington Center","Brevard",2019-07-22,"SJRWMD","Yes","Co-dominant taxa were: Dolichospermum circinale and Microcystis sp. (cf. viridis)",,,,,,,,"analyzed",,,,,"Anatoxin-a: not analyzed; Cylindrospermopsin: not detected;  Saxitoxin/Paralytic Shellfish Toxins: 0.08",,2019-07-22 13:11:00,28.1424388888889,-80.7446111111111,0.3,"https://services1.arcgis.com/nRHtyn3uE1kyzoYc/arcgis/rest/services/service_5c5ebb2c750c442da2b09ddcc97bb150/FeatureServer/0/504/attachments/686?token=5-9B4_qFJxwE43FpRKmTcizn9xE4gyQzR7iJriH_WSdv7PgrexGGAhHhsGpscZa8SH_qjt0z84tspBh9UZdaQiiM655xl5nYilYijuNFLU5ctgA5UqoDG-yQnKzdu40YNWB8oief-0n4SY_CsI5ZrvtQHd97t_Zf1Jytpde8Gcx1_zdC8Fhz3OKM_JWL5zg6"
"Lake Washington, NE shore","Brevard",2019-07-19,"DEP_CEN_ROC","Yes","Dominant taxon: Dolichospermum circinale",,,,,,,,,,,,,"Anatoxin-a: not detected; Cylindrospermopsin:  not detected","Entire lake surveyed, subsiding bloom observed only along NE littoral zone of lake.",2019-07-19 16:10:00,28.17155,-80.74764,0.3,"https://services1.arcgis.com/nRHtyn3uE1kyzoYc/arcgis/rest/services/service_5c5ebb2c750c442da2b09ddcc97bb150/FeatureServer/0/497/attachments/606?token=5-9B4_qFJxwE43FpRKmTcizn9xE4gyQzR7iJriH_WSdv7PgrexGGAhHhsGpscZa8SH_qjt0z84tspBh9UZdaQiiM655xl5nYilYijuNFLU5ctgA5UqoDG-yQnKzdu40YNWB8oief-0n4SY_CsI5ZrvtQHd97t_Zf1Jytpde8Gcx1_zdC8Fhz3OKM_JWL5zg6"
"CM12 Buzzard Island","Putnam",2019-07-18,"SJRWMD","No","mixed algae; no dominant species in sample",,,0.39,,,,,"analyzed",,,,,"Anatoxin-a: not analyzed; Cylindrospermopsin: not detected;  Saxitoxin/Paralytic Shellfish Toxins: 0.12",,2019-07-18 17:30:00,29.6037777777778,-81.6053861111111,0.3,"https://services1.arcgis.com/nRHtyn3uE1kyzoYc/arcgis/rest/services/service_5c5ebb2c750c442da2b09ddcc97bb150/FeatureServer/0/496/attachments/605?token=5-9B4_qFJxwE43FpRKmTcizn9xE4gyQzR7iJriH_WSdv7PgrexGGAhHhsGpscZa8SH_qjt0z84tspBh9UZdaQiiM655xl5nYilYijuNFLU5ctgA5UqoDG-yQnKzdu40YNWB8oief-0n4SY_CsI5ZrvtQHd97t_Zf1Jytpde8Gcx1_zdC8Fhz3OKM_JWL5zg6"
"CM15","Putnam",2019-07-18,"SJRWMD","No","mixed algae; no dominant species in sample",,,0.42,,,,,"analyzed",,,,,"Anatoxin-a: not analyzed; Cylindrospermopsin: not detected;  Saxitoxin/Paralytic Shellfish Toxins: 0.12",,2019-07-18 17:25:00,29.5912222222222,-81.622,0.3,"https://services1.arcgis.com/nRHtyn3uE1kyzoYc/arcgis/rest/services/service_5c5ebb2c750c442da2b09ddcc97bb150/FeatureServer/0/495/attachments/604?token=5-9B4_qFJxwE43FpRKmTcizn9xE4gyQzR7iJriH_WSdv7PgrexGGAhHhsGpscZa8SH_qjt0z84tspBh9UZdaQiiM655xl5nYilYijuNFLU5ctgA5UqoDG-yQnKzdu40YNWB8oief-0n4SY_CsI5ZrvtQHd97t_Zf1Jytpde8Gcx1_zdC8Fhz3OKM_JWL5zg6"
"Welaka Boat Ramp","Putnam",2019-07-18,"SJRWMD","No","mixed algae; no dominant species in sample",,,,,,,,"analyzed",,,,,"Anatoxin-a: not analyzed; Cylindrospermopsin: not detected;  Saxitoxin/Paralytic Shellfish Toxins: 0.11",,2019-07-18 16:57:00,29.4786111111111,-81.6748722222222,0.3,"https://services1.arcgis.com/nRHtyn3uE1kyzoYc/arcgis/rest/services/service_5c5ebb2c750c442da2b09ddcc97bb150/FeatureServer/0/493/attachments/602?token=5-9B4_qFJxwE43FpRKmTcizn9xE4gyQzR7iJriH_WSdv7PgrexGGAhHhsGpscZa8SH_qjt0z84tspBh9UZdaQiiM655xl5nYilYijuNFLU5ctgA5UqoDG-yQnKzdu40YNWB8oief-0n4SY_CsI5ZrvtQHd97t_Zf1Jytpde8Gcx1_zdC8Fhz3OKM_JWL5zg6"
"LEO","Volusia",2019-07-18,"SJRWMD","No","mixed algae; no dominant species in sample",,,,,,,,"analyzed",,,,,"Anatoxin-a: not analyzed; Cylindrospermopsin: not detected;  Saxitoxin/Paralytic Shellfish Toxins: 0.06",,2019-07-18 15:53:00,29.3095,-81.5903055555556,0.3,"https://services1.arcgis.com/nRHtyn3uE1kyzoYc/arcgis/rest/services/service_5c5ebb2c750c442da2b09ddcc97bb150/FeatureServer/0/494/attachments/603?token=5-9B4_qFJxwE43FpRKmTcizn9xE4gyQzR7iJriH_WSdv7PgrexGGAhHhsGpscZa8SH_qjt0z84tspBh9UZdaQiiM655xl5nYilYijuNFLU5ctgA5UqoDG-yQnKzdu40YNWB8oief-0n4SY_CsI5ZrvtQHd97t_Zf1Jytpde8Gcx1_zdC8Fhz3OKM_JWL5zg6"
"BB22","Putnam",2019-07-18,"SJRWMD","No","mixed algae; no dominant species in sample",,,0.43,,,,,"analyzed",,,,,"Anatoxin-a: not analyzed; Cylindrospermopsin: not detected;  Saxitoxin/Paralytic Shellfish Toxins: 0.11",,2019-07-18 14:22:00,29.5960277777778,-81.6784166666667,0.3,"https://services1.arcgis.com/nRHtyn3uE1kyzoYc/arcgis/rest/services/service_5c5ebb2c750c442da2b09ddcc97bb150/FeatureServer/0/492/attachments/601?token=5-9B4_qFJxwE43FpRKmTcizn9xE4gyQzR7iJriH_WSdv7PgrexGGAhHhsGpscZa8SH_qjt0z84tspBh9UZdaQiiM655xl5nYilYijuNFLU5ctgA5UqoDG-yQnKzdu40YNWB8oief-0n4SY_CsI5ZrvtQHd97t_Zf1Jytpde8Gcx1_zdC8Fhz3OKM_JWL5zg6"
"SJRCC","Putnam",2019-07-18,"SJRWMD","Yes","mixed algae; no dominant species in sample",,,0.68,,,,,"analyzed",,,,,"Anatoxin-a: not analyzed; Cylindrospermopsin: not detected;  Saxitoxin/Paralytic Shellfish Toxins: 0.12",,2019-07-18 13:05:00,29.7000833333333,-81.6366944444444,0.3,"https://services1.arcgis.com/nRHtyn3uE1kyzoYc/arcgis/rest/services/service_5c5ebb2c750c442da2b09ddcc97bb150/FeatureServer/0/491/attachments/600?token=5-9B4_qFJxwE43FpRKmTcizn9xE4gyQzR7iJriH_WSdv7PgrexGGAhHhsGpscZa8SH_qjt0z84tspBh9UZdaQiiM655xl5nYilYijuNFLU5ctgA5UqoDG-yQnKzdu40YNWB8oief-0n4SY_CsI5ZrvtQHd97t_Zf1Jytpde8Gcx1_zdC8Fhz3OKM_JWL5zg6"
"SJP","Putnam",2019-07-18,"SJRWMD","No","mixed algae; no dominant species in sample",,,0.67,,0.1,,,"analyzed",,,,,"Anatoxin-a: not analyzed; Cylindrospermopsin: 0.10;  Saxitoxin/Paralytic Shellfish Toxins: 0.12",,2019-07-18 12:38:00,29.6443611111111,-81.6259444444444,0.3,"https://services1.arcgis.com/nRHtyn3uE1kyzoYc/arcgis/rest/services/service_5c5ebb2c750c442da2b09ddcc97bb150/FeatureServer/0/490/attachments/599?token=5-9B4_qFJxwE43FpRKmTcizn9xE4gyQzR7iJriH_WSdv7PgrexGGAhHhsGpscZa8SH_qjt0z84tspBh9UZdaQiiM655xl5nYilYijuNFLU5ctgA5UqoDG-yQnKzdu40YNWB8oief-0n4SY_CsI5ZrvtQHd97t_Zf1Jytpde8Gcx1_zdC8Fhz3OKM_JWL5zg6"
"Palatka City Dock","Putnam",2019-07-18,"SJRWMD","No","mixed algae; no dominant species in sample",,,0.68,,,,,"analyzed",,,,,"Anatoxin-a: not analyzed; Cylindrospermopsin: not detected;  Saxitoxin/Paralytic Shellfish Toxins: 0.13",,2019-07-18 12:30:00,29.6436444444444,-81.6307666666667,0.3,"https://services1.arcgis.com/nRHtyn3uE1kyzoYc/arcgis/rest/services/service_5c5ebb2c750c442da2b09ddcc97bb150/FeatureServer/0/489/attachments/598?token=5-9B4_qFJxwE43FpRKmTcizn9xE4gyQzR7iJriH_WSdv7PgrexGGAhHhsGpscZa8SH_qjt0z84tspBh9UZdaQiiM655xl5nYilYijuNFLU5ctgA5UqoDG-yQnKzdu40YNWB8oief-0n4SY_CsI5ZrvtQHd97t_Zf1Jytpde8Gcx1_zdC8Fhz3OKM_JWL5zg6"
"Yalaha Canal at Lakeshore Drive","Lake",2019-07-17,"DEP_CEN_ROC","Yes","mixed algae; no dominant species in sample",,,,,,,,,,,,,"Anatoxin-a: not detected; Cylindrospermopsin:  not detected","Green bloom observed throughout canal along with abundant periphyton. ",2019-07-17 18:00:00,28.74747,-81.82572,0.3,"https://services1.arcgis.com/nRHtyn3uE1kyzoYc/arcgis/rest/services/service_5c5ebb2c750c442da2b09ddcc97bb150/FeatureServer/0/479/attachments/576?token=5-9B4_qFJxwE43FpRKmTcizn9xE4gyQzR7iJriH_WSdv7PgrexGGAhHhsGpscZa8SH_qjt0z84tspBh9UZdaQiiM655xl5nYilYijuNFLU5ctgA5UqoDG-yQnKzdu40YNWB8oief-0n4SY_CsI5ZrvtQHd97t_Zf1Jytpde8Gcx1_zdC8Fhz3OKM_JWL5zg6"
"SRP","StJohns",2019-07-17,"SJRWMD","No","mixed algae; no dominant species in sample",,,0.33,,,,,"analyzed",,,,,"Anatoxin-a: not analyzed; Cylindrospermopsin: not detected;  Saxitoxin/Paralytic Shellfish Toxins: 0.08",,2019-07-17 16:29:00,29.80169,-81.55453,0.3,"https://services1.arcgis.com/nRHtyn3uE1kyzoYc/arcgis/rest/services/service_5c5ebb2c750c442da2b09ddcc97bb150/FeatureServer/0/486/attachments/586?token=5-9B4_qFJxwE43FpRKmTcizn9xE4gyQzR7iJriH_WSdv7PgrexGGAhHhsGpscZa8SH_qjt0z84tspBh9UZdaQiiM655xl5nYilYijuNFLU5ctgA5UqoDG-yQnKzdu40YNWB8oief-0n4SY_CsI5ZrvtQHd97t_Zf1Jytpde8Gcx1_zdC8Fhz3OKM_JWL5zg6"
"Lake Weir near Eatons Beach","Lake",2019-07-17,"DEP_CEN_ROC","Yes","Dominant taxon: Cylindrospermopsis raciborskii",,,,,,,,,,,,,"Anatoxin-a: not detected; Cylindrospermopsin:  not detected","Reddish-brown turbid bloom; more concentrated by wind along souther shoreline. ",2019-07-17 16:17:00,28.99374,-81.93131,0.3,"https://services1.arcgis.com/nRHtyn3uE1kyzoYc/arcgis/rest/services/service_5c5ebb2c750c442da2b09ddcc97bb150/FeatureServer/0/481/attachments/580?token=5-9B4_qFJxwE43FpRKmTcizn9xE4gyQzR7iJriH_WSdv7PgrexGGAhHhsGpscZa8SH_qjt0z84tspBh9UZdaQiiM655xl5nYilYijuNFLU5ctgA5UqoDG-yQnKzdu40YNWB8oief-0n4SY_CsI5ZrvtQHd97t_Zf1Jytpde8Gcx1_zdC8Fhz3OKM_JWL5zg6"
"SJWSIL","StJohns",2019-07-17,"SJRWMD","No","mixed algae; no dominant species in sample",,,0.33,,0.11,,,"analyzed",,,,,"Anatoxin-a: not analyzed; Cylindrospermopsin: 0.11;  Saxitoxin/Paralytic Shellfish Toxins: 0.13",,2019-07-17 15:59:00,29.8941388888889,-81.5939166666667,0.3,"https://services1.arcgis.com/nRHtyn3uE1kyzoYc/arcgis/rest/services/service_5c5ebb2c750c442da2b09ddcc97bb150/FeatureServer/0/485/attachments/585?token=5-9B4_qFJxwE43FpRKmTcizn9xE4gyQzR7iJriH_WSdv7PgrexGGAhHhsGpscZa8SH_qjt0z84tspBh9UZdaQiiM655xl5nYilYijuNFLU5ctgA5UqoDG-yQnKzdu40YNWB8oief-0n4SY_CsI5ZrvtQHd97t_Zf1Jytpde8Gcx1_zdC8Fhz3OKM_JWL5zg6"
"SJR at Shands Bridge","StJohns",2019-07-17,"SJRWMD","No","mixed algae; no dominant species in sample",,,0.59,,0.08,,,"analyzed",,,,,"Anatoxin-a: not analyzed; Cylindrospermopsin: 0.08;  Saxitoxin/Paralytic Shellfish Toxins: 0.16",,2019-07-17 15:38:00,29.9812777777778,-81.6216388888889,0.3,"https://services1.arcgis.com/nRHtyn3uE1kyzoYc/arcgis/rest/services/service_5c5ebb2c750c442da2b09ddcc97bb150/FeatureServer/0/484/attachments/584?token=5-9B4_qFJxwE43FpRKmTcizn9xE4gyQzR7iJriH_WSdv7PgrexGGAhHhsGpscZa8SH_qjt0z84tspBh9UZdaQiiM655xl5nYilYijuNFLU5ctgA5UqoDG-yQnKzdu40YNWB8oief-0n4SY_CsI5ZrvtQHd97t_Zf1Jytpde8Gcx1_zdC8Fhz3OKM_JWL5zg6"
"350m S of Jetty Park Pier within surf zone, Cocoa Beach","Brevard",2019-07-17,"DEP_CEN_ROC","Yes","Co-dominant taxa were: filamentous cyanobacteria (Lyngbya-like) and Ceramium sp.",,,,,,,,,,,,,"Anatoxin-a: not detected; Cylindrospermopsin:  not detected","Reported bloom seems to be fragmented mostly fragmented macroalgae within the surf zone",2019-07-17 14:30:00,28.40492,-80.59029,0.3,"https://services1.arcgis.com/nRHtyn3uE1kyzoYc/arcgis/rest/services/service_5c5ebb2c750c442da2b09ddcc97bb150/FeatureServer/0/478/attachments/573?token=5-9B4_qFJxwE43FpRKmTcizn9xE4gyQzR7iJriH_WSdv7PgrexGGAhHhsGpscZa8SH_qjt0z84tspBh9UZdaQiiM655xl5nYilYijuNFLU5ctgA5UqoDG-yQnKzdu40YNWB8oief-0n4SY_CsI5ZrvtQHd97t_Zf1Jytpde8Gcx1_zdC8Fhz3OKM_JWL5zg6"
"DTL","Clay",2019-07-17,"SJRWMD","No","mixed algae; no dominant species in sample",,,,,0.12,,,"analyzed",,,,,"Anatoxin-a: not analyzed; Cylindrospermopsin: 0.12;  Saxitoxin/Paralytic Shellfish Toxins: not detected",,2019-07-17 14:02:00,30.138056,-81.72722,0.3,"https://services1.arcgis.com/nRHtyn3uE1kyzoYc/arcgis/rest/services/service_5c5ebb2c750c442da2b09ddcc97bb150/FeatureServer/0/483/attachments/583?token=5-9B4_qFJxwE43FpRKmTcizn9xE4gyQzR7iJriH_WSdv7PgrexGGAhHhsGpscZa8SH_qjt0z84tspBh9UZdaQiiM655xl5nYilYijuNFLU5ctgA5UqoDG-yQnKzdu40YNWB8oief-0n4SY_CsI5ZrvtQHd97t_Zf1Jytpde8Gcx1_zdC8Fhz3OKM_JWL5zg6"
"NE Lake Stella","Putnam",2019-07-16,"SJRWMD","No","mixed algae; no dominant species in sample",,,,,0.12,,,"analyzed",,,,,"Anatoxin-a: not analyzed; Cylindrospermopsin: 0.12;  Saxitoxin/Paralytic Shellfish Toxins: not detected",,2019-07-16 14:30:00,29.4354166666667,-81.5153333333333,0.3,"https://services1.arcgis.com/nRHtyn3uE1kyzoYc/arcgis/rest/services/service_5c5ebb2c750c442da2b09ddcc97bb150/FeatureServer/0/480/attachments/579?token=5-9B4_qFJxwE43FpRKmTcizn9xE4gyQzR7iJriH_WSdv7PgrexGGAhHhsGpscZa8SH_qjt0z84tspBh9UZdaQiiM655xl5nYilYijuNFLU5ctgA5UqoDG-yQnKzdu40YNWB8oief-0n4SY_CsI5ZrvtQHd97t_Zf1Jytpde8Gcx1_zdC8Fhz3OKM_JWL5zg6"
"LSJR @ end of Stockton","Duval",2019-07-08,"DEP_NE_ROC","No","mixed algae; no dominant species in sample",,,,,,,,,,,,,"Anatoxin-a: not detected; Cylindrospermopsin:  not detected","No algae observed. Pictures not taken by mistake.",2019-07-08 18:20:00,30.3080642250659,-81.686376837759,0.3,
"East of  Boat Ramp","Clay",2019-07-08,"DEP_NE_ROC","No","Dominant taxon: Planktolyngbya limnetica",,,,,,,,,,,,,"Anatoxin-a: not detected; Cylindrospermopsin:  not detected","DO 128%, No algae observed. (Lakeshore Dr. Boat Ramp)",2019-07-08 16:05:00,30.122863,-81.720388,0.1,"https://services1.arcgis.com/nRHtyn3uE1kyzoYc/arcgis/rest/services/service_5c5ebb2c750c442da2b09ddcc97bb150/FeatureServer/0/455/attachments/529?token=5-9B4_qFJxwE43FpRKmTcizn9xE4gyQzR7iJriH_WSdv7PgrexGGAhHhsGpscZa8SH_qjt0z84tspBh9UZdaQiiM655xl5nYilYijuNFLU5ctgA5UqoDG-yQnKzdu40YNWB8oief-0n4SY_CsI5ZrvtQHd97t_Zf1Jytpde8Gcx1_zdC8Fhz3OKM_JWL5zg6"
"Mouth of Doctors Lake","Clay",2019-07-08,"DEP_NE_ROC","No","mixed algae; no dominant species in sample",,,,,,,,,,,,,"Anatoxin-a: not detected; Cylindrospermopsin:  not detected","DO 117%, No algae observed. ",2019-07-08 15:45:00,30.1487,-81.70229,0.1,"https://services1.arcgis.com/nRHtyn3uE1kyzoYc/arcgis/rest/services/service_5c5ebb2c750c442da2b09ddcc97bb150/FeatureServer/0/454/attachments/527?token=5-9B4_qFJxwE43FpRKmTcizn9xE4gyQzR7iJriH_WSdv7PgrexGGAhHhsGpscZa8SH_qjt0z84tspBh9UZdaQiiM655xl5nYilYijuNFLU5ctgA5UqoDG-yQnKzdu40YNWB8oief-0n4SY_CsI5ZrvtQHd97t_Zf1Jytpde8Gcx1_zdC8Fhz3OKM_JWL5zg6"
"Doctors Lake- Boy Scout Camp","Clay",2019-07-08,"DEP_NE_ROC","No","mixed algae; no dominant species in sample",,,,,,,,,,,,,"Anatoxin-a: not detected; Cylindrospermopsin:  not detected","DO 127%, No visible algae bloom",2019-07-08 15:00:00,30.15061,-81.72372,0.1,"https://services1.arcgis.com/nRHtyn3uE1kyzoYc/arcgis/rest/services/service_5c5ebb2c750c442da2b09ddcc97bb150/FeatureServer/0/453/attachments/525?token=5-9B4_qFJxwE43FpRKmTcizn9xE4gyQzR7iJriH_WSdv7PgrexGGAhHhsGpscZa8SH_qjt0z84tspBh9UZdaQiiM655xl5nYilYijuNFLU5ctgA5UqoDG-yQnKzdu40YNWB8oief-0n4SY_CsI5ZrvtQHd97t_Zf1Jytpde8Gcx1_zdC8Fhz3OKM_JWL5zg6"
"Marco lake","Duval",2019-07-01,"DEP_NE_ROC","No","mixed algae; no dominant species in sample",,,,,,,,,,,,,"Anatoxin-a: not detected; Cylindrospermopsin:  not detected","no visible algae bloom. following up on citizen report.",2019-07-01 18:20:00,30.30344864,-81.6573084,0.3,"https://services1.arcgis.com/nRHtyn3uE1kyzoYc/arcgis/rest/services/service_5c5ebb2c750c442da2b09ddcc97bb150/FeatureServer/0/442/attachments/505?token=5-9B4_qFJxwE43FpRKmTcizn9xE4gyQzR7iJriH_WSdv7PgrexGGAhHhsGpscZa8SH_qjt0z84tspBh9UZdaQiiM655xl5nYilYijuNFLU5ctgA5UqoDG-yQnKzdu40YNWB8oief-0n4SY_CsI5ZrvtQHd97t_Zf1Jytpde8Gcx1_zdC8Fhz3OKM_JWL5zg6"
"Fellsmere Water Mgmt Area 1","IndianRiver",2019-06-24,"SJRWMD","Yes","Dominant taxon: Microcystis aeruginosa",,,2.38,,0.63,,,"analyzed",,,,,"Anatoxin-a: not analyzed; Cylindrospermopsin: 0.63;  Saxitoxin/Paralytic Shellfish Toxins: not detected",,2019-06-24 19:22:00,27.79567,-80.70453,0.3,
"Doctors Lake East of Lakeshore Dr","Clay",2019-06-24,"DEP_NE_ROC","No","Dominant taxon: Planktolyngbya limnetica",,,,,,,,,,,,,"Anatoxin-a: not detected; Cylindrospermopsin: not detected","High dissolved oxygen",2019-06-24 18:00:00,30.12305,-81.71874,0.3,"https://services1.arcgis.com/nRHtyn3uE1kyzoYc/arcgis/rest/services/service_5c5ebb2c750c442da2b09ddcc97bb150/FeatureServer/0/427/attachments/477?token=5-9B4_qFJxwE43FpRKmTcizn9xE4gyQzR7iJriH_WSdv7PgrexGGAhHhsGpscZa8SH_qjt0z84tspBh9UZdaQiiM655xl5nYilYijuNFLU5ctgA5UqoDG-yQnKzdu40YNWB8oief-0n4SY_CsI5ZrvtQHd97t_Zf1Jytpde8Gcx1_zdC8Fhz3OKM_JWL5zg6"
"Doctor's Inlet at Boy Scouts of America","Clay",2019-06-24,"DEP_NE_ROC","No","mixed algae; no dominant species in sample",,,,,,,,,,,,,"Anatoxin-a: not detected; Cylindrospermopsin: not detected","High Dissolved Oxygen",2019-06-24 17:30:00,30.149649,-81.744984,0.3,"https://services1.arcgis.com/nRHtyn3uE1kyzoYc/arcgis/rest/services/service_5c5ebb2c750c442da2b09ddcc97bb150/FeatureServer/0/426/attachments/475?token=5-9B4_qFJxwE43FpRKmTcizn9xE4gyQzR7iJriH_WSdv7PgrexGGAhHhsGpscZa8SH_qjt0z84tspBh9UZdaQiiM655xl5nYilYijuNFLU5ctgA5UqoDG-yQnKzdu40YNWB8oief-0n4SY_CsI5ZrvtQHd97t_Zf1Jytpde8Gcx1_zdC8Fhz3OKM_JWL5zg6"
"Doctor's Inlet - Mouth","Clay",2019-06-24,"DEP_NE_ROC","No","mixed algae; no dominant species in sample",,,,,,,,,,,,,"Anatoxin-a: not detected; Cylindrospermopsin: not detected","High Dissolved Oxygen",2019-06-24 17:00:00,30.14806,-81.70516,0.3,"https://services1.arcgis.com/nRHtyn3uE1kyzoYc/arcgis/rest/services/service_5c5ebb2c750c442da2b09ddcc97bb150/FeatureServer/0/425/attachments/473?token=5-9B4_qFJxwE43FpRKmTcizn9xE4gyQzR7iJriH_WSdv7PgrexGGAhHhsGpscZa8SH_qjt0z84tspBh9UZdaQiiM655xl5nYilYijuNFLU5ctgA5UqoDG-yQnKzdu40YNWB8oief-0n4SY_CsI5ZrvtQHd97t_Zf1Jytpde8Gcx1_zdC8Fhz3OKM_JWL5zg6"
"NW side of Crescent Lake","Putnam",2019-06-24,"SJRWMD","Yes","Dominant taxon: Microcystis aeruginosa",,,5.3,,0.18,,,"analyzed",,,,,"Anatoxin-a: not analyzed; Cylindrospermopsin: 0.18;  Saxitoxin/Paralytic Shellfish Toxins: 0.09",,2019-06-24 12:15:00,29.4922777777778,-81.5411388888889,0.3,"https://services1.arcgis.com/nRHtyn3uE1kyzoYc/arcgis/rest/services/service_5c5ebb2c750c442da2b09ddcc97bb150/FeatureServer/0/437/attachments/495?token=5-9B4_qFJxwE43FpRKmTcizn9xE4gyQzR7iJriH_WSdv7PgrexGGAhHhsGpscZa8SH_qjt0z84tspBh9UZdaQiiM655xl5nYilYijuNFLU5ctgA5UqoDG-yQnKzdu40YNWB8oief-0n4SY_CsI5ZrvtQHd97t_Zf1Jytpde8Gcx1_zdC8Fhz3OKM_JWL5zg6"
"Goodbys Creek at SR 13","Duval",2019-06-20,"DEP_NE_ROC","No","mixed algae; no dominant species in sample",,,,,,,,,,,,,"Anatoxin-a: not detected; Cylindrospermopsin: not detected",,2019-06-20 19:20:00,30.21559,-81.61625,0.3,"https://services1.arcgis.com/nRHtyn3uE1kyzoYc/arcgis/rest/services/service_5c5ebb2c750c442da2b09ddcc97bb150/FeatureServer/0/413/attachments/443?token=5-9B4_qFJxwE43FpRKmTcizn9xE4gyQzR7iJriH_WSdv7PgrexGGAhHhsGpscZa8SH_qjt0z84tspBh9UZdaQiiM655xl5nYilYijuNFLU5ctgA5UqoDG-yQnKzdu40YNWB8oief-0n4SY_CsI5ZrvtQHd97t_Zf1Jytpde8Gcx1_zdC8Fhz3OKM_JWL5zg6"
"BUC","Flagler",2019-06-19,"SJRWMD","Yes","Dominant taxon: Microcystis aeruginosa",,,2.07,,7.3,,,,,,,,"Anatoxin-a: not detected; Cylindrospermopsin: 7.3;  Saxitoxin/Paralytic Shellfish Toxins: 1.20",,2019-06-19 13:43:00,29.4246388888889,-81.4368611111111,0.3,"https://services1.arcgis.com/nRHtyn3uE1kyzoYc/arcgis/rest/services/service_5c5ebb2c750c442da2b09ddcc97bb150/FeatureServer/0/407/attachments/432?token=5-9B4_qFJxwE43FpRKmTcizn9xE4gyQzR7iJriH_WSdv7PgrexGGAhHhsGpscZa8SH_qjt0z84tspBh9UZdaQiiM655xl5nYilYijuNFLU5ctgA5UqoDG-yQnKzdu40YNWB8oief-0n4SY_CsI5ZrvtQHd97t_Zf1Jytpde8Gcx1_zdC8Fhz3OKM_JWL5zg6"
"Crescent Lake Boat Ramp","Putnam",2019-06-19,"SJRWMD","Yes","Dominant taxon: Microcystis aeruginosa",,,0.89,,0.46,,,"analyzed",,,,,"Anatoxin-a: not analyzed; Cylindrospermopsin: 0.46;  Saxitoxin/Paralytic Shellfish Toxins: 0.12",,2019-06-19 13:12:00,29.4283611111111,-81.5062777777778,0.3,"https://services1.arcgis.com/nRHtyn3uE1kyzoYc/arcgis/rest/services/service_5c5ebb2c750c442da2b09ddcc97bb150/FeatureServer/0/406/attachments/431?token=5-9B4_qFJxwE43FpRKmTcizn9xE4gyQzR7iJriH_WSdv7PgrexGGAhHhsGpscZa8SH_qjt0z84tspBh9UZdaQiiM655xl5nYilYijuNFLU5ctgA5UqoDG-yQnKzdu40YNWB8oief-0n4SY_CsI5ZrvtQHd97t_Zf1Jytpde8Gcx1_zdC8Fhz3OKM_JWL5zg6"
"Dunns Creek","Putnam",2019-06-17,"SJRWMD","No","mixed algae; no dominant species in sample",,,1.29,,0.14,,,"analyzed",,,,,"Anatoxin-a: not analyzed; Cylindrospermopsin: 0.14;  Saxitoxin/Paralytic Shellfish Toxins: 0.05",,2019-06-17 15:45:00,29.5784444444444,-81.6268888888889,0.3,"https://services1.arcgis.com/nRHtyn3uE1kyzoYc/arcgis/rest/services/service_5c5ebb2c750c442da2b09ddcc97bb150/FeatureServer/0/405/attachments/430?token=5-9B4_qFJxwE43FpRKmTcizn9xE4gyQzR7iJriH_WSdv7PgrexGGAhHhsGpscZa8SH_qjt0z84tspBh9UZdaQiiM655xl5nYilYijuNFLU5ctgA5UqoDG-yQnKzdu40YNWB8oief-0n4SY_CsI5ZrvtQHd97t_Zf1Jytpde8Gcx1_zdC8Fhz3OKM_JWL5zg6"
"Bull Creek upstream of Dead Lake","Flagler",2019-06-12,"DEP_NE_ROC","Yes","Dominant taxon: Microcystis aeruginosa",,,58.89,,0.37,"I (I qualifier indicates that the reported value is between the laboratory method detection limit and the laboratory practical quantitation limit.)",,,,,,,"Anatoxin-a: not detected; Cylindrospermopsin: 0.37 I (I qualifier indicates that the reported value is between the laboratory method detection limit and the laboratory practical quantitation limit.)",,2019-06-12 14:40:00,29.42537321,-81.43789373,0.1,"https://services1.arcgis.com/nRHtyn3uE1kyzoYc/arcgis/rest/services/service_5c5ebb2c750c442da2b09ddcc97bb150/FeatureServer/0/393/attachments/408?token=5-9B4_qFJxwE43FpRKmTcizn9xE4gyQzR7iJriH_WSdv7PgrexGGAhHhsGpscZa8SH_qjt0z84tspBh9UZdaQiiM655xl5nYilYijuNFLU5ctgA5UqoDG-yQnKzdu40YNWB8oief-0n4SY_CsI5ZrvtQHd97t_Zf1Jytpde8Gcx1_zdC8Fhz3OKM_JWL5zg6"
"Lake Ashby near Ashby Canal","Volusia",2019-06-11,"DEP_CEN_ROC","Yes","mixed algae; no dominant species in sample",,,,,,,,,,,,,"Anatoxin-a: not detected; Cylindrospermopsin: not detected",,2019-06-11 14:25:00,28.9306,-81.10487,0.3,"https://services1.arcgis.com/nRHtyn3uE1kyzoYc/arcgis/rest/services/service_5c5ebb2c750c442da2b09ddcc97bb150/FeatureServer/0/392/attachments/405?token=5-9B4_qFJxwE43FpRKmTcizn9xE4gyQzR7iJriH_WSdv7PgrexGGAhHhsGpscZa8SH_qjt0z84tspBh9UZdaQiiM655xl5nYilYijuNFLU5ctgA5UqoDG-yQnKzdu40YNWB8oief-0n4SY_CsI5ZrvtQHd97t_Zf1Jytpde8Gcx1_zdC8Fhz3OKM_JWL5zg6"
"OLC (Orange Lake-Center)","Alachua",2019-06-11,"SJRWMD","Yes","mixed algae; no dominant species in sample",,,1.97,,,,0.09,,,,,,"Anatoxin-a: 0.09; Cylindrospermopsin: not detected;  Saxitoxin/Paralytic Shellfish Toxins: not detected",,2019-06-11 14:00:00,29.465,-82.1775,0.3,"https://services1.arcgis.com/nRHtyn3uE1kyzoYc/arcgis/rest/services/service_5c5ebb2c750c442da2b09ddcc97bb150/FeatureServer/0/397/attachments/415?token=5-9B4_qFJxwE43FpRKmTcizn9xE4gyQzR7iJriH_WSdv7PgrexGGAhHhsGpscZa8SH_qjt0z84tspBh9UZdaQiiM655xl5nYilYijuNFLU5ctgA5UqoDG-yQnKzdu40YNWB8oief-0n4SY_CsI5ZrvtQHd97t_Zf1Jytpde8Gcx1_zdC8Fhz3OKM_JWL5zg6"
"Cypress Lake","Orange",2019-06-06,"County","Yes","mixed algae; no dominant species in sample",,,,,,,,,,,,,"Anatoxin-a: not detected; Cylindrospermopsin: not detected","Samples collected by Orange County staff.",2019-06-06 13:10:00,28.48133,-81.56732,0.3,
"LEO","Volusia",2019-06-05,"SJRWMD","Yes","Dominant taxon: Microcystis aeruginosa",,,2.2,,0.88,,,"analyzed",,,,,"Anatoxin-a: not analyzed; Cylindrospermopsin: 0.88;  Saxitoxin/Paralytic Shellfish Toxins: 0.48",,2019-06-05 15:50:00,29.3095,-81.6069722222222,0.3,
"Palatka City Dock","Putnam",2019-06-05,"SJRWMD","Yes","Dominant taxon: Cylindrospermopsis raciborskii",,,0.81,,1.05,,,,,,,,"Anatoxin-a: not detected; Cylindrospermopsin: 1.05;  Saxitoxin/Paralytic Shellfish Toxins: 0.75",,2019-06-05 14:30:00,29.6436444444444,-81.6307666666667,0.3,"https://services1.arcgis.com/nRHtyn3uE1kyzoYc/arcgis/rest/services/service_5c5ebb2c750c442da2b09ddcc97bb150/FeatureServer/0/388/attachments/401?token=5-9B4_qFJxwE43FpRKmTcizn9xE4gyQzR7iJriH_WSdv7PgrexGGAhHhsGpscZa8SH_qjt0z84tspBh9UZdaQiiM655xl5nYilYijuNFLU5ctgA5UqoDG-yQnKzdu40YNWB8oief-0n4SY_CsI5ZrvtQHd97t_Zf1Jytpde8Gcx1_zdC8Fhz3OKM_JWL5zg6"
"Canal near CM 81","Volusia",2019-06-04,"SJRWMD","Yes","mixed algae; no dominant species in sample",,,0.39,,0.09,,,"analyzed",,,,,"Anatoxin-a: not analyzed; Cylindrospermopsin: 0.09;  Saxitoxin/Paralytic Shellfish Toxins: not detected",,2019-06-04 13:10:00,28.9214722222222,-81.3477222222222,0.3,"https://services1.arcgis.com/nRHtyn3uE1kyzoYc/arcgis/rest/services/service_5c5ebb2c750c442da2b09ddcc97bb150/FeatureServer/0/380/attachments/387?token=5-9B4_qFJxwE43FpRKmTcizn9xE4gyQzR7iJriH_WSdv7PgrexGGAhHhsGpscZa8SH_qjt0z84tspBh9UZdaQiiM655xl5nYilYijuNFLU5ctgA5UqoDG-yQnKzdu40YNWB8oief-0n4SY_CsI5ZrvtQHd97t_Zf1Jytpde8Gcx1_zdC8Fhz3OKM_JWL5zg6"
"HAW","Volusia",2019-06-03,"SJRWMD","Yes","Dominant taxon: Microcystis aeruginosa",,,0.32,,0.19,,,,,,,,"Anatoxin-a: not detected; Cylindrospermopsin: 0.19;  Saxitoxin/Paralytic Shellfish Toxins: 0.29",,2019-06-03 18:20:00,29.396958,-81.428453,0.3,"https://services1.arcgis.com/nRHtyn3uE1kyzoYc/arcgis/rest/services/service_5c5ebb2c750c442da2b09ddcc97bb150/FeatureServer/0/379/attachments/386?token=5-9B4_qFJxwE43FpRKmTcizn9xE4gyQzR7iJriH_WSdv7PgrexGGAhHhsGpscZa8SH_qjt0z84tspBh9UZdaQiiM655xl5nYilYijuNFLU5ctgA5UqoDG-yQnKzdu40YNWB8oief-0n4SY_CsI5ZrvtQHd97t_Zf1Jytpde8Gcx1_zdC8Fhz3OKM_JWL5zg6"
"HAW CREEK 1","Volusia",2019-06-03,"SJRWMD","Yes","Dominant taxon: Aphanizomenon flos-aquae",,,0.49,,0.23,,,"analyzed",,,,,"Anatoxin-a: not analyzed; Cylindrospermopsin: 0.23;  Saxitoxin/Paralytic Shellfish Toxins: 0.40",,2019-06-03 18:13:00,29.39934,-81.42401,0.3,"https://services1.arcgis.com/nRHtyn3uE1kyzoYc/arcgis/rest/services/service_5c5ebb2c750c442da2b09ddcc97bb150/FeatureServer/0/378/attachments/385?token=5-9B4_qFJxwE43FpRKmTcizn9xE4gyQzR7iJriH_WSdv7PgrexGGAhHhsGpscZa8SH_qjt0z84tspBh9UZdaQiiM655xl5nYilYijuNFLU5ctgA5UqoDG-yQnKzdu40YNWB8oief-0n4SY_CsI5ZrvtQHd97t_Zf1Jytpde8Gcx1_zdC8Fhz3OKM_JWL5zg6"
"Indian River Lagoon S. of Eau Gallie Causeway","Brevard",2019-05-30,"DEP_CEN_ROC","Yes","Dominant taxon: Protoperidinium sp.","Yes","No",,,,,,,,,,,"Anatoxin-a: not detected; Cylindrospermopsin: not detected;  Saxitoxin: not detected",,2019-05-30 19:15:00,28.12159,-80.5916,0.3,"https://services1.arcgis.com/nRHtyn3uE1kyzoYc/arcgis/rest/services/service_5c5ebb2c750c442da2b09ddcc97bb150/FeatureServer/0/360/attachments/350?token=5-9B4_qFJxwE43FpRKmTcizn9xE4gyQzR7iJriH_WSdv7PgrexGGAhHhsGpscZa8SH_qjt0z84tspBh9UZdaQiiM655xl5nYilYijuNFLU5ctgA5UqoDG-yQnKzdu40YNWB8oief-0n4SY_CsI5ZrvtQHd97t_Zf1Jytpde8Gcx1_zdC8Fhz3OKM_JWL5zg6"
"Mandarin Park Boat Ramp (Julington Creek)","Duval",2019-05-30,"STATE_AGENCY","Yes","Dominant taxon: Anabaena sp.",,,,,,,,,,,,,"not collected",,2019-05-30 17:57:00,30.1336,-81.6341,0.5,
"Fairway Ridge Drive; NW of (Doctors Lake)","Clay",2019-05-30,"STATE_AGENCY","Yes","Co-dominant taxa were: Anabaena spp. and Limnothrix sp.",,,,,,,,,,,,,"not collected",,2019-05-30 13:55:00,30.1213,-81.7403,0.5,
"SJR at Doctor's Lake Entrance","Clay",2019-05-30,"SJRWMD","Yes","mixed algae; no dominant species in sample",,,,,0.08,,,"analyzed",,,,,"Anatoxin-a: not analyzed; Cylindrospermopsin: 0.08;  Saxitoxin/Paralytic Shellfish Toxins: 0.08",,2019-05-30 13:53:00,30.1493055555556,-81.6992222222222,0.3,"https://services1.arcgis.com/nRHtyn3uE1kyzoYc/arcgis/rest/services/service_5c5ebb2c750c442da2b09ddcc97bb150/FeatureServer/0/364/attachments/366?token=5-9B4_qFJxwE43FpRKmTcizn9xE4gyQzR7iJriH_WSdv7PgrexGGAhHhsGpscZa8SH_qjt0z84tspBh9UZdaQiiM655xl5nYilYijuNFLU5ctgA5UqoDG-yQnKzdu40YNWB8oief-0n4SY_CsI5ZrvtQHd97t_Zf1Jytpde8Gcx1_zdC8Fhz3OKM_JWL5zg6"
"Doctor's Lake near DTL","Clay",2019-05-30,"SJRWMD","Yes","Dominant taxon: Planktolyngbya limnetica",,,,,,,,,,,,,"Anatoxin-a: not detected; Cylindrospermopsin: not detected;  Saxitoxin/Paralytic Shellfish Toxins: 0.09",,2019-05-30 13:47:00,30.14075,-81.7266388888889,0.3,"https://services1.arcgis.com/nRHtyn3uE1kyzoYc/arcgis/rest/services/service_5c5ebb2c750c442da2b09ddcc97bb150/FeatureServer/0/363/attachments/367?token=5-9B4_qFJxwE43FpRKmTcizn9xE4gyQzR7iJriH_WSdv7PgrexGGAhHhsGpscZa8SH_qjt0z84tspBh9UZdaQiiM655xl5nYilYijuNFLU5ctgA5UqoDG-yQnKzdu40YNWB8oief-0n4SY_CsI5ZrvtQHd97t_Zf1Jytpde8Gcx1_zdC8Fhz3OKM_JWL5zg6"
"Swimming Pen Creek","Clay",2019-05-30,"STATE_AGENCY","Yes","Co-dominant taxa were: Anabaena spp. and Limnothrix sp.",,,,,,,,,,,,,"not collected",,2019-05-30 13:33:00,30.0988,-81.7465,0.5,
"SJR S. of Buckman Bridge","Clay",2019-05-30,"SJRWMD","Yes","mixed algae; no dominant species in sample",,,,,,,,"analyzed",,,,,"Anatoxin-a: not analyzed; Cylindrospermopsin: not detected;  Saxitoxin/Paralytic Shellfish Toxins: 0.07",,2019-05-30 13:20:00,30.1651944444444,-81.6916666666667,0.3,"https://services1.arcgis.com/nRHtyn3uE1kyzoYc/arcgis/rest/services/service_5c5ebb2c750c442da2b09ddcc97bb150/FeatureServer/0/362/attachments/365?token=5-9B4_qFJxwE43FpRKmTcizn9xE4gyQzR7iJriH_WSdv7PgrexGGAhHhsGpscZa8SH_qjt0z84tspBh9UZdaQiiM655xl5nYilYijuNFLU5ctgA5UqoDG-yQnKzdu40YNWB8oief-0n4SY_CsI5ZrvtQHd97t_Zf1Jytpde8Gcx1_zdC8Fhz3OKM_JWL5zg6"
"Doctors Lake at Boy Scout Camp","Clay",2019-05-30,"DEP_NE_ROC","Yes","mixed algae; no dominant species in sample",,,,,,,,,,,,,"Anatoxin-a: not detected; Cylindrospermopsin: not detected;  Saxitoxin: not detected","slight green streaks of algae, oxygen was 99%",2019-05-30 13:15:00,30.15093995,-81.72445946,0.3,"https://services1.arcgis.com/nRHtyn3uE1kyzoYc/arcgis/rest/services/service_5c5ebb2c750c442da2b09ddcc97bb150/FeatureServer/0/353/attachments/346?token=5-9B4_qFJxwE43FpRKmTcizn9xE4gyQzR7iJriH_WSdv7PgrexGGAhHhsGpscZa8SH_qjt0z84tspBh9UZdaQiiM655xl5nYilYijuNFLU5ctgA5UqoDG-yQnKzdu40YNWB8oief-0n4SY_CsI5ZrvtQHd97t_Zf1Jytpde8Gcx1_zdC8Fhz3OKM_JWL5zg6"
"SJR  N. of Buckman Bridge, S. of NAS JAX","Duval",2019-05-30,"SJRWMD","Yes","mixed algae; no dominant species in sample",,,,,,,,"analyzed",,,,,"Anatoxin-a: not analyzed; Cylindrospermopsin: not detected;  Saxitoxin/Paralytic Shellfish Toxins: 0.06",,2019-05-30 12:52:00,30.2014722222222,-81.6768055555556,0.3,"https://services1.arcgis.com/nRHtyn3uE1kyzoYc/arcgis/rest/services/service_5c5ebb2c750c442da2b09ddcc97bb150/FeatureServer/0/361/attachments/364?token=5-9B4_qFJxwE43FpRKmTcizn9xE4gyQzR7iJriH_WSdv7PgrexGGAhHhsGpscZa8SH_qjt0z84tspBh9UZdaQiiM655xl5nYilYijuNFLU5ctgA5UqoDG-yQnKzdu40YNWB8oief-0n4SY_CsI5ZrvtQHd97t_Zf1Jytpde8Gcx1_zdC8Fhz3OKM_JWL5zg6"
"Doctors Lake at Swimming Pen Creek","Clay",2019-05-30,"DEP_NE_ROC","Yes","Dominant taxon: Planktolyngbya limnetica",,,,,,,,,,,,,"Anatoxin-a: not detected; Cylindrospermopsin: not detected;  Saxitoxin: not detected","slight streaks in water",2019-05-30 12:50:00,30.10699632,-81.74956878,0.3,"https://services1.arcgis.com/nRHtyn3uE1kyzoYc/arcgis/rest/services/service_5c5ebb2c750c442da2b09ddcc97bb150/FeatureServer/0/354/attachments/348?token=5-9B4_qFJxwE43FpRKmTcizn9xE4gyQzR7iJriH_WSdv7PgrexGGAhHhsGpscZa8SH_qjt0z84tspBh9UZdaQiiM655xl5nYilYijuNFLU5ctgA5UqoDG-yQnKzdu40YNWB8oief-0n4SY_CsI5ZrvtQHd97t_Zf1Jytpde8Gcx1_zdC8Fhz3OKM_JWL5zg6"
"Bull Creek near Dead Lake","Flagler",2019-05-29,"SJRWMD","No","Dominant taxon: Microcystis aeruginosa",,,0.79,,,,,,,,,,"Anatoxin-a: not detected; Cylindrospermopsin: not detected;  Saxitoxin/Paralytic Shellfish Toxins: 0.18",,2019-05-29 12:57:00,29.42472,-81.43667,0.3,"https://services1.arcgis.com/nRHtyn3uE1kyzoYc/arcgis/rest/services/service_5c5ebb2c750c442da2b09ddcc97bb150/FeatureServer/0/358/attachments/362?token=5-9B4_qFJxwE43FpRKmTcizn9xE4gyQzR7iJriH_WSdv7PgrexGGAhHhsGpscZa8SH_qjt0z84tspBh9UZdaQiiM655xl5nYilYijuNFLU5ctgA5UqoDG-yQnKzdu40YNWB8oief-0n4SY_CsI5ZrvtQHd97t_Zf1Jytpde8Gcx1_zdC8Fhz3OKM_JWL5zg6"
"SJWSIL","StJohns",2019-05-28,"SJRWMD","No","Dominant taxon: Planktolyngbya limnetica",,,1.68,,0.5,,,"analyzed",,,,,"Anatoxin-a: not analyzed; Cylindrospermopsin: 0.50;  Saxitoxin/Paralytic Shellfish Toxins: 2.2",,2019-05-28 16:53:33.816,29.89548,-81.59458,0.3,
"Fellsmere Water Mgmt Area 1","IndianRiver",2019-05-28,"SJRWMD","No","Dominant taxon: Coelospharium dubium",,,1.21,,1.83,,,"analyzed",,,,,"Anatoxin-a: not analyzed; Cylindrospermopsin: 1.83;  Saxitoxin/Paralytic Shellfish Toxins: not detected",,2019-05-28 16:40:57.403,27.7956666,-80.70452777,0.3,
"SJR at Shands Bridge","StJohns",2019-05-28,"SJRWMD","No","Dominant taxon: Planktolyngbya limnetica",,,0.6,,0.32,,,"analyzed",,,,,"Anatoxin-a: not analyzed; Cylindrospermopsin: 0.32;  Saxitoxin/Paralytic Shellfish Toxins: 0.90",,2019-05-28 16:28:14.756,29.98116,-81.62367,0.3,"https://services1.arcgis.com/nRHtyn3uE1kyzoYc/arcgis/rest/services/service_5c5ebb2c750c442da2b09ddcc97bb150/FeatureServer/0/356/attachments/361?token=5-9B4_qFJxwE43FpRKmTcizn9xE4gyQzR7iJriH_WSdv7PgrexGGAhHhsGpscZa8SH_qjt0z84tspBh9UZdaQiiM655xl5nYilYijuNFLU5ctgA5UqoDG-yQnKzdu40YNWB8oief-0n4SY_CsI5ZrvtQHd97t_Zf1Jytpde8Gcx1_zdC8Fhz3OKM_JWL5zg6"
"LSJR off Greencove (GC) Point","Clay",2019-05-28,"DEP_NE_ROC","Yes","Dominant taxon: Planktolyngbya limnetica",,,,,,,,,,,,,"Anatoxin-a: not detected; Cylindrospermopsin: not detected;  Saxitoxin: not detected",,2019-05-28 13:40:00,29.98927,-81.65719,0.3,"https://services1.arcgis.com/nRHtyn3uE1kyzoYc/arcgis/rest/services/service_5c5ebb2c750c442da2b09ddcc97bb150/FeatureServer/0/345/attachments/331?token=5-9B4_qFJxwE43FpRKmTcizn9xE4gyQzR7iJriH_WSdv7PgrexGGAhHhsGpscZa8SH_qjt0z84tspBh9UZdaQiiM655xl5nYilYijuNFLU5ctgA5UqoDG-yQnKzdu40YNWB8oief-0n4SY_CsI5ZrvtQHd97t_Zf1Jytpde8Gcx1_zdC8Fhz3OKM_JWL5zg6"
"KNIGHT'S LANDING","Clay",2019-05-28,"SJRWMD","No","mixed algae; no dominant species in sample",,,,,0.07,,,"analyzed",,,,,"Anatoxin-a: not analyzed; Cylindrospermopsin: 0.07;  Saxitoxin/Paralytic Shellfish Toxins: 0.19",,2019-05-28 12:51:48.789,30.04128,-81.70714,0.3,"https://services1.arcgis.com/nRHtyn3uE1kyzoYc/arcgis/rest/services/service_5c5ebb2c750c442da2b09ddcc97bb150/FeatureServer/0/355/attachments/360?token=5-9B4_qFJxwE43FpRKmTcizn9xE4gyQzR7iJriH_WSdv7PgrexGGAhHhsGpscZa8SH_qjt0z84tspBh9UZdaQiiM655xl5nYilYijuNFLU5ctgA5UqoDG-yQnKzdu40YNWB8oief-0n4SY_CsI5ZrvtQHd97t_Zf1Jytpde8Gcx1_zdC8Fhz3OKM_JWL5zg6"
"CM13","Putnam",2019-05-23,"SJRWMD","Yes","mixed algae; no dominant species in sample",,,1.84,,0.54,,,"analyzed",,,,,"Anatoxin-a: not analyzed; Cylindrospermopsin: 0.54;  Saxitoxin/Paralytic Shellfish Toxins: 0.45",,2019-05-23 16:30:00,29.5912270702518,-81.6163341804375,0.3,
"SJP","Putnam",2019-05-23,"SJRWMD","Yes","mixed algae; no dominant species in sample",,,3.5,,0.44,,,"analyzed",,,,,"Anatoxin-a: not analyzed; Cylindrospermopsin: 0.44;  Saxitoxin/Paralytic Shellfish Toxins: 0.70",,2019-05-23 16:15:00,29.6443611111111,-81.6259444444444,0.3,
"SJRCC","Putnam",2019-05-23,"SJRWMD","Yes","Dominant taxon: Microcystis aeruginosa",,,3.54,,0.28,,,"analyzed",,,,,"Anatoxin-a: not analyzed; Cylindrospermopsin: 0.28;  Saxitoxin/Paralytic Shellfish Toxins: 0.95",,2019-05-23 16:00:00,29.7000833333333,-81.6366944444444,0.3,
"SRP","StJohns",2019-05-23,"SJRWMD","Yes","Dominant taxon: Microcystis aeruginosa",,,3.06,,0.38,,,"analyzed",,,,,"Anatoxin-a: not analyzed; Cylindrospermopsin: 0.38;  Saxitoxin/Paralytic Shellfish Toxins: 3.3",,2019-05-23 15:31:00,29.80169,-81.55453,0.3,
"Palatka City Dock","Putnam",2019-05-23,"SJRWMD","Yes","Dominant taxon: Microcystis aeruginosa",,,2.57,,0.36,,,"analyzed",,,,,"Anatoxin-a: not analyzed; Cylindrospermopsin: 0.36;  Saxitoxin/Paralytic Shellfish Toxins: 0.60",,2019-05-23 14:45:00,29.6436444444444,-81.6307666666667,0.3,
"SJRCC","Putnam",2019-05-21,"SJRWMD","Yes","Dominant taxon: Microcystis aeruginosa",,,,,0.28,,,"analyzed",,,,,"Anatoxin-a: not analyzed; Cylindrospermopsin: 0.28;  Saxitoxin/Paralytic Shellfish Toxins: 0.98",,2019-05-21 17:01:00,29.7000833333333,-81.6366944444444,0.3,
"SJP","Putnam",2019-05-21,"SJRWMD","Yes","mixed algae; no dominant species in sample",,,3.27,,0.31,,,"analyzed",,,,,"Anatoxin-a: not analyzed; Cylindrospermopsin: 0.31;  Saxitoxin/Paralytic Shellfish Toxins: 0.70",,2019-05-21 15:58:00,29.6443611111111,-81.6259444444444,0.3,"https://services1.arcgis.com/nRHtyn3uE1kyzoYc/arcgis/rest/services/service_5c5ebb2c750c442da2b09ddcc97bb150/FeatureServer/0/327/attachments/321?token=5-9B4_qFJxwE43FpRKmTcizn9xE4gyQzR7iJriH_WSdv7PgrexGGAhHhsGpscZa8SH_qjt0z84tspBh9UZdaQiiM655xl5nYilYijuNFLU5ctgA5UqoDG-yQnKzdu40YNWB8oief-0n4SY_CsI5ZrvtQHd97t_Zf1Jytpde8Gcx1_zdC8Fhz3OKM_JWL5zg6"
"CM13","Putnam",2019-05-21,"SJRWMD","Yes","Dominant taxon: Microcystis aeruginosa",,,4,"J (J qualifier indicates an estimated value)",0.43,,,"analyzed",,,,,"Anatoxin-a: not analyzed; Cylindrospermopsin: 0.43;  Saxitoxin/Paralytic Shellfish Toxins: 0.50",,2019-05-21 15:45:00,29.59646,-81.60803,0.3,"https://services1.arcgis.com/nRHtyn3uE1kyzoYc/arcgis/rest/services/service_5c5ebb2c750c442da2b09ddcc97bb150/FeatureServer/0/326/attachments/320?token=5-9B4_qFJxwE43FpRKmTcizn9xE4gyQzR7iJriH_WSdv7PgrexGGAhHhsGpscZa8SH_qjt0z84tspBh9UZdaQiiM655xl5nYilYijuNFLU5ctgA5UqoDG-yQnKzdu40YNWB8oief-0n4SY_CsI5ZrvtQHd97t_Zf1Jytpde8Gcx1_zdC8Fhz3OKM_JWL5zg6"
"BB22","Putnam",2019-05-21,"SJRWMD","Yes","Co-dominant taxa were: Microcystis aeruginosa and Planktolyngbya limnetica",,,1.66,,0.57,,,"analyzed",,,,,"Anatoxin-a: not analyzed; Cylindrospermopsin: 0.57;  Saxitoxin/Paralytic Shellfish Toxins: 0.43",,2019-05-21 15:19:00,29.5960277777778,-81.6784166666667,0.3,
"WELAKA BOAT RAMP","Putnam",2019-05-21,"SJRWMD","Yes","Co-dominant taxa were: Microcystis aeruginosa and Planktolyngbya limnetica",,,1.87,,0.6,,,"analyzed",,,,,"Anatoxin-a: not analyzed; Cylindrospermopsin: 0.60;  Saxitoxin/Paralytic Shellfish Toxins: 0.60",,2019-05-21 14:34:00,29.4786111111111,-81.6748722222222,0.3,
"Palatka City Dock","Putnam",2019-05-21,"SJRWMD","Yes","Dominant taxon: Microcystis aeruginosa",,,3.72,"J (J qualifier indicates an estimated value)",0.21,,,"analyzed",,,,,"Anatoxin-a: not analyzed; Cylindrospermopsin: 0.21;  Saxitoxin/Paralytic Shellfish Toxins: 0.90",,2019-05-21 14:23:00,29.6436444444444,-81.6307666666667,0.3,"https://services1.arcgis.com/nRHtyn3uE1kyzoYc/arcgis/rest/services/service_5c5ebb2c750c442da2b09ddcc97bb150/FeatureServer/0/321/attachments/319?token=5-9B4_qFJxwE43FpRKmTcizn9xE4gyQzR7iJriH_WSdv7PgrexGGAhHhsGpscZa8SH_qjt0z84tspBh9UZdaQiiM655xl5nYilYijuNFLU5ctgA5UqoDG-yQnKzdu40YNWB8oief-0n4SY_CsI5ZrvtQHd97t_Zf1Jytpde8Gcx1_zdC8Fhz3OKM_JWL5zg6"
"CM72 near Georgetown (20030373)","Putnam",2019-05-21,"SJRWMD","Yes","Co-dominant taxa were: Microcystis aeruginosa and Planktolyngbya limnetica",,,1.31,,0.61,,,,,,,,"Anatoxin-a: not detected; Cylindrospermopsin: 0.61;  Saxitoxin/Paralytic Shellfish Toxins: 0.98",,2019-05-21 13:24:00,29.3786666666667,-81.6288333333333,0.3,
"LEO","Volusia",2019-05-21,"SJRWMD","Yes","Dominant taxon: Microcystis aeruginosa",,,3.84,"J (J qualifier indicates an estimated value)",0.67,,,,,,,,"Anatoxin-a: not detected; Cylindrospermopsin: 0.67;  Saxitoxin/Paralytic Shellfish Toxins: 1.65",,2019-05-21 12:53:00,29.3095,-81.6069722222222,0.3,"https://services1.arcgis.com/nRHtyn3uE1kyzoYc/arcgis/rest/services/service_5c5ebb2c750c442da2b09ddcc97bb150/FeatureServer/0/322/attachments/318?token=5-9B4_qFJxwE43FpRKmTcizn9xE4gyQzR7iJriH_WSdv7PgrexGGAhHhsGpscZa8SH_qjt0z84tspBh9UZdaQiiM655xl5nYilYijuNFLU5ctgA5UqoDG-yQnKzdu40YNWB8oief-0n4SY_CsI5ZrvtQHd97t_Zf1Jytpde8Gcx1_zdC8Fhz3OKM_JWL5zg6"
"CRESCENT LAKE (Z3-LL-13012)","Flagler",2019-05-20,"SJRWMD","Yes","Dominant taxon: Microcystis aeruginosa",,,,,0.18,,,"analyzed",,,,,"Anatoxin-a: not analyzed; Cylindrospermopsin: 0.18;  Saxitoxin/Paralytic Shellfish Toxins: 0.09",,2019-05-20 12:46:00,29.4256706111111,-81.4775773611111,0.3,
"Lake Ocklawaha (Z3-LL-13004)","Marion",2019-05-16,"DEP","Yes","mixed algae; no dominant species in sample",,,,,,,,,,,,,"Anatoxin-a: not detected; Cylindrospermopsin: not detected;  Saxitoxin/Paralytic Shellfish Toxins: not detected",,2019-05-16 15:45:00,29.5146871388889,-81.8528376944444,0.3,"https://services1.arcgis.com/nRHtyn3uE1kyzoYc/arcgis/rest/services/service_5c5ebb2c750c442da2b09ddcc97bb150/FeatureServer/0/307/attachments/307?token=5-9B4_qFJxwE43FpRKmTcizn9xE4gyQzR7iJriH_WSdv7PgrexGGAhHhsGpscZa8SH_qjt0z84tspBh9UZdaQiiM655xl5nYilYijuNFLU5ctgA5UqoDG-yQnKzdu40YNWB8oief-0n4SY_CsI5ZrvtQHd97t_Zf1Jytpde8Gcx1_zdC8Fhz3OKM_JWL5zg6"
"SJWSIL","StJohns",2019-05-15,"SJRWMD","Yes","mixed algae; no dominant species in sample",,,0.27,,0.38,,,"analyzed",,,,,"Anatoxin-a: not analyzed; Cylindrospermopsin: 0.38;  Saxitoxin/Paralytic Shellfish Toxins: 1.8",,2019-05-15 15:16:00,29.8941388888889,-81.5939166666667,0.3,"https://services1.arcgis.com/nRHtyn3uE1kyzoYc/arcgis/rest/services/service_5c5ebb2c750c442da2b09ddcc97bb150/FeatureServer/0/306/attachments/306?token=5-9B4_qFJxwE43FpRKmTcizn9xE4gyQzR7iJriH_WSdv7PgrexGGAhHhsGpscZa8SH_qjt0z84tspBh9UZdaQiiM655xl5nYilYijuNFLU5ctgA5UqoDG-yQnKzdu40YNWB8oief-0n4SY_CsI5ZrvtQHd97t_Zf1Jytpde8Gcx1_zdC8Fhz3OKM_JWL5zg6"
"SJP","Putnam",2019-05-14,"SJRWMD","Yes","Dominant taxon: Aphanizomenon flos-aquae",,,0.84,,0.29,,,"analyzed",,,,,"Anatoxin-a: not analyzed; Cylindrospermopsin: 0.29;  Saxitoxin/Paralytic Shellfish Toxins: 0.55",,2019-05-14 19:30:00,29.6443611111111,-81.6259444444444,0.3,"https://services1.arcgis.com/nRHtyn3uE1kyzoYc/arcgis/rest/services/service_5c5ebb2c750c442da2b09ddcc97bb150/FeatureServer/0/305/attachments/305?token=5-9B4_qFJxwE43FpRKmTcizn9xE4gyQzR7iJriH_WSdv7PgrexGGAhHhsGpscZa8SH_qjt0z84tspBh9UZdaQiiM655xl5nYilYijuNFLU5ctgA5UqoDG-yQnKzdu40YNWB8oief-0n4SY_CsI5ZrvtQHd97t_Zf1Jytpde8Gcx1_zdC8Fhz3OKM_JWL5zg6"
"SRP","StJohns",2019-05-14,"SJRWMD","Yes","Dominant taxon: Microcystis aeruginosa",,,0.59,,0.34,,,"analyzed",,,,,"Anatoxin-a: not analyzed; Cylindrospermopsin: 0.34;  Saxitoxin/Paralytic Shellfish Toxins: 1.1",,2019-05-14 18:47:00,29.80169,-81.55453,0.3,"https://services1.arcgis.com/nRHtyn3uE1kyzoYc/arcgis/rest/services/service_5c5ebb2c750c442da2b09ddcc97bb150/FeatureServer/0/304/attachments/304?token=5-9B4_qFJxwE43FpRKmTcizn9xE4gyQzR7iJriH_WSdv7PgrexGGAhHhsGpscZa8SH_qjt0z84tspBh9UZdaQiiM655xl5nYilYijuNFLU5ctgA5UqoDG-yQnKzdu40YNWB8oief-0n4SY_CsI5ZrvtQHd97t_Zf1Jytpde8Gcx1_zdC8Fhz3OKM_JWL5zg6"
"SJR at CM 6 PUTNAM CO","Putnam",2019-05-14,"DEP_NE_ROC","Yes","Dominant taxon: Aphanizomenon flos-aquae",,,,,0.27,"I (I qualifier indicates that the reported value is between the laboratory method detection limit and the laboratory practical quantitation limit.)",,,,,,,"Anatoxin-a: not detected; Cylindrospermopsin: 0.27 I (I qualifier indicates that the reported value is between the laboratory method detection limit and the laboratory practical quantitation limit.);  Saxitoxin: not detected","green algae particles in water column",2019-05-14 15:55:00,29.64231001,-81.60168241,0.1,"https://services1.arcgis.com/nRHtyn3uE1kyzoYc/arcgis/rest/services/service_5c5ebb2c750c442da2b09ddcc97bb150/FeatureServer/0/300/attachments/296?token=5-9B4_qFJxwE43FpRKmTcizn9xE4gyQzR7iJriH_WSdv7PgrexGGAhHhsGpscZa8SH_qjt0z84tspBh9UZdaQiiM655xl5nYilYijuNFLU5ctgA5UqoDG-yQnKzdu40YNWB8oief-0n4SY_CsI5ZrvtQHd97t_Zf1Jytpde8Gcx1_zdC8Fhz3OKM_JWL5zg6"
"SJR at WELAKA BT RMP","Putnam",2019-05-14,"DEP_NE_ROC","Yes","Dominant taxon: Aphanizomenon flos-aquae",,,,,1.1,,,,,,,,"Anatoxin-a: not detected; Cylindrospermopsin: 1.1;  Saxitoxin: not detected","green algae in water column",2019-05-14 14:05:00,29.47870222,-81.67509794,0.1,"https://services1.arcgis.com/nRHtyn3uE1kyzoYc/arcgis/rest/services/service_5c5ebb2c750c442da2b09ddcc97bb150/FeatureServer/0/301/attachments/298?token=5-9B4_qFJxwE43FpRKmTcizn9xE4gyQzR7iJriH_WSdv7PgrexGGAhHhsGpscZa8SH_qjt0z84tspBh9UZdaQiiM655xl5nYilYijuNFLU5ctgA5UqoDG-yQnKzdu40YNWB8oief-0n4SY_CsI5ZrvtQHd97t_Zf1Jytpde8Gcx1_zdC8Fhz3OKM_JWL5zg6"
"BUZZARD ISLAND","Putnam",2019-05-13,"SJRWMD","Yes","Dominant taxon: Aphanizomenon flos-aquae",,,0.89,,0.36,,,"analyzed",,,,,"Anatoxin-a: not analyzed; Cylindrospermopsin: 0.36;  Saxitoxin/Paralytic Shellfish Toxins: 0.42",,2019-05-13 17:13:00,29.6037777777778,-81.6053861111111,0.3,"https://services1.arcgis.com/nRHtyn3uE1kyzoYc/arcgis/rest/services/service_5c5ebb2c750c442da2b09ddcc97bb150/FeatureServer/0/303/attachments/303?token=5-9B4_qFJxwE43FpRKmTcizn9xE4gyQzR7iJriH_WSdv7PgrexGGAhHhsGpscZa8SH_qjt0z84tspBh9UZdaQiiM655xl5nYilYijuNFLU5ctgA5UqoDG-yQnKzdu40YNWB8oief-0n4SY_CsI5ZrvtQHd97t_Zf1Jytpde8Gcx1_zdC8Fhz3OKM_JWL5zg6"
"SALT RUN MOUTH","Marion",2019-05-08,"SJRWMD","Yes","mixed algae; no dominant species in sample",,,,,0.15,,,"analyzed",,,,,"Anatoxin-a: not analyzed; Cylindrospermopsin: 0.15;  Saxitoxin/Paralytic Shellfish Toxins: 0.07",,2019-05-08 18:10:08.181,29.324486,-81.68065,0.3,"https://services1.arcgis.com/nRHtyn3uE1kyzoYc/arcgis/rest/services/service_5c5ebb2c750c442da2b09ddcc97bb150/FeatureServer/0/288/attachments/295?token=5-9B4_qFJxwE43FpRKmTcizn9xE4gyQzR7iJriH_WSdv7PgrexGGAhHhsGpscZa8SH_qjt0z84tspBh9UZdaQiiM655xl5nYilYijuNFLU5ctgA5UqoDG-yQnKzdu40YNWB8oief-0n4SY_CsI5ZrvtQHd97t_Zf1Jytpde8Gcx1_zdC8Fhz3OKM_JWL5zg6"
"SALT RUN INSIDE","Marion",2019-05-08,"SJRWMD","Yes","mixed algae; no dominant species in sample",,,,,,,,"analyzed",,,,,"Anatoxin-a: not analyzed; Cylindrospermopsin: not detected;  Saxitoxin: not detected",,2019-05-08 17:43:16.943,29.323881,-81.682731,0.3,
"PALATKA BRIDGE","Putnam",2019-05-08,"SJRWMD","Yes","Dominant taxon: Aphanizomenon flos-aquae",,,0.2,,0.29,,,"analyzed",,,,,"Anatoxin-a: not analyzed; Cylindrospermopsin: 0.29;  Saxitoxin/Paralytic Shellfish Toxins: 0.41",,2019-05-08 13:40:53.067,29.646286,-81.622672,0.3,"https://services1.arcgis.com/nRHtyn3uE1kyzoYc/arcgis/rest/services/service_5c5ebb2c750c442da2b09ddcc97bb150/FeatureServer/0/286/attachments/293?token=5-9B4_qFJxwE43FpRKmTcizn9xE4gyQzR7iJriH_WSdv7PgrexGGAhHhsGpscZa8SH_qjt0z84tspBh9UZdaQiiM655xl5nYilYijuNFLU5ctgA5UqoDG-yQnKzdu40YNWB8oief-0n4SY_CsI5ZrvtQHd97t_Zf1Jytpde8Gcx1_zdC8Fhz3OKM_JWL5zg6"
"POWERPLANT @ SJR","Putnam",2019-05-08,"SJRWMD","Yes","Dominant taxon: Aphanizomenon flos-aquae",,,0.27,,0.31,,,,,,,,"Anatoxin-a: not detected; Cylindrospermopsin: 0.31;  Saxitoxin/Paralytic Shellfish Toxins: 0.48",,2019-05-08 13:14:53.48,29.708972,-81.623961,0.3,"https://services1.arcgis.com/nRHtyn3uE1kyzoYc/arcgis/rest/services/service_5c5ebb2c750c442da2b09ddcc97bb150/FeatureServer/0/285/attachments/294?token=5-9B4_qFJxwE43FpRKmTcizn9xE4gyQzR7iJriH_WSdv7PgrexGGAhHhsGpscZa8SH_qjt0z84tspBh9UZdaQiiM655xl5nYilYijuNFLU5ctgA5UqoDG-yQnKzdu40YNWB8oief-0n4SY_CsI5ZrvtQHd97t_Zf1Jytpde8Gcx1_zdC8Fhz3OKM_JWL5zg6"
"RIVERDALE","StJohns",2019-05-02,"SJRWMD","Yes","Dominant taxon: Aphanizomenon flos-aquae",,,,,0.42,,,"analyzed",,,,,"Anatoxin-a: not analyzed; Cylindrospermopsin: 0.42;  Saxitoxin/Paralytic Shellfish Toxins: 1.2",,2019-05-02 14:57:00,29.8048111111111,-81.5530638888889,0.3,
"CM13","Putnam",2019-05-01,"SJRWMD","Yes","Dominant taxon: Aphanizomenon flos-aquae",,,0.19,,0.29,,,"analyzed",,,,,"Anatoxin-a: not analyzed; Cylindrospermopsin: 0.29;  Saxitoxin/Paralytic Shellfish Toxins: 0.40",,2019-05-01 15:53:00,29.59646,-81.60803,0.3,
"BUZZARD 2","Putnam",2019-05-01,"SJRWMD","Yes","Dominant taxon: Aphanizomenon flos-aquae",,,0.16,,0.28,,,"analyzed",,,,,"Anatoxin-a: not analyzed; Cylindrospermopsin: 0.28;  Saxitoxin/Paralytic Shellfish Toxins: 0.4",,2019-05-01 15:47:00,29.60509,-81.5999,0.3,"https://services1.arcgis.com/nRHtyn3uE1kyzoYc/arcgis/rest/services/service_5c5ebb2c750c442da2b09ddcc97bb150/FeatureServer/0/260/attachments/233?token=5-9B4_qFJxwE43FpRKmTcizn9xE4gyQzR7iJriH_WSdv7PgrexGGAhHhsGpscZa8SH_qjt0z84tspBh9UZdaQiiM655xl5nYilYijuNFLU5ctgA5UqoDG-yQnKzdu40YNWB8oief-0n4SY_CsI5ZrvtQHd97t_Zf1Jytpde8Gcx1_zdC8Fhz3OKM_JWL5zg6"
"POWERPLANT @ SJR","Putnam",2019-05-01,"SJRWMD","Yes","Dominant taxon: Aphanizomenon flos-aquae",,,,,0.29,,,"analyzed",,,,,"Anatoxin-a: not analyzed; Cylindrospermopsin: 0.29;  Saxitoxin/Paralytic Shellfish Toxins: 0.36",,2019-05-01 15:20:00,29.7089722222222,-81.6239611111111,0.3,"https://services1.arcgis.com/nRHtyn3uE1kyzoYc/arcgis/rest/services/service_5c5ebb2c750c442da2b09ddcc97bb150/FeatureServer/0/261/attachments/234?token=5-9B4_qFJxwE43FpRKmTcizn9xE4gyQzR7iJriH_WSdv7PgrexGGAhHhsGpscZa8SH_qjt0z84tspBh9UZdaQiiM655xl5nYilYijuNFLU5ctgA5UqoDG-yQnKzdu40YNWB8oief-0n4SY_CsI5ZrvtQHd97t_Zf1Jytpde8Gcx1_zdC8Fhz3OKM_JWL5zg6"
"Ortega River at Marina","Duval",2019-04-29,"DEP_NE_ROC","No","mixed algae; no dominant species in sample",,,,,,,,,,,,,"Anatoxin-a: not detected; Cylindrospermopsin: not detected;  Saxitoxin: not detected","not visible, not much brown particulate in water, oxygen 107%",2019-04-29 18:55:00,30.27599857,-81.71672168,0.3,"https://services1.arcgis.com/nRHtyn3uE1kyzoYc/arcgis/rest/services/service_5c5ebb2c750c442da2b09ddcc97bb150/FeatureServer/0/241/attachments/207?token=5-9B4_qFJxwE43FpRKmTcizn9xE4gyQzR7iJriH_WSdv7PgrexGGAhHhsGpscZa8SH_qjt0z84tspBh9UZdaQiiM655xl5nYilYijuNFLU5ctgA5UqoDG-yQnKzdu40YNWB8oief-0n4SY_CsI5ZrvtQHd97t_Zf1Jytpde8Gcx1_zdC8Fhz3OKM_JWL5zg6"
"Lake Weir","Marion",2019-04-29,"DEP_CEN_ROC","No","Co-dominant taxa were: Microcystis aeruginosa and Cylindrospermopsis raciborskii",,,,,,,,,,,,,"Anatoxin-a: not detected; Cylindrospermopsin: not detected;  Saxitoxin: not detected","Previous orange/brown bloom has mostly receded. Highest concentration found near boat ramp on West side of Lake.  Easterly winds.  Rain events between 4/17 to 4/23 total about 5""",2019-04-29 16:15:00,29.01652,-81.96345,0.3,"https://services1.arcgis.com/nRHtyn3uE1kyzoYc/arcgis/rest/services/service_5c5ebb2c750c442da2b09ddcc97bb150/FeatureServer/0/240/attachments/204?token=5-9B4_qFJxwE43FpRKmTcizn9xE4gyQzR7iJriH_WSdv7PgrexGGAhHhsGpscZa8SH_qjt0z84tspBh9UZdaQiiM655xl5nYilYijuNFLU5ctgA5UqoDG-yQnKzdu40YNWB8oief-0n4SY_CsI5ZrvtQHd97t_Zf1Jytpde8Gcx1_zdC8Fhz3OKM_JWL5zg6"
"BB22","Putnam",2019-04-29,"SJRWMD","Yes","Dominant taxon: Aphanizomenon flos-aquae",,,,,0.35,,,"analyzed",,,,,"Anatoxin-a: not analyzed; Cylindrospermopsin: 0.35;  Saxitoxin/Paralytic Shellfish Toxins: 0.50",,2019-04-29 16:00:00,29.5960277777778,-81.6784166666667,0.3,"https://services1.arcgis.com/nRHtyn3uE1kyzoYc/arcgis/rest/services/service_5c5ebb2c750c442da2b09ddcc97bb150/FeatureServer/0/251/attachments/220?token=5-9B4_qFJxwE43FpRKmTcizn9xE4gyQzR7iJriH_WSdv7PgrexGGAhHhsGpscZa8SH_qjt0z84tspBh9UZdaQiiM655xl5nYilYijuNFLU5ctgA5UqoDG-yQnKzdu40YNWB8oief-0n4SY_CsI5ZrvtQHd97t_Zf1Jytpde8Gcx1_zdC8Fhz3OKM_JWL5zg6"
"DNC","Putnam",2019-04-29,"SJRWMD","Yes","Dominant taxon: Aphanizomenon flos-aquae",,,,,0.32,,,"analyzed",,,,,"Anatoxin-a: not analyzed; Cylindrospermopsin: 0.32;  Saxitoxin/Paralytic Shellfish Toxins: 0.50",,2019-04-29 15:36:00,29.5630555555556,-81.6258333,0.3,
"BUZZARD ISLAND","Putnam",2019-04-29,"SJRWMD","Yes","Dominant taxon: Aphanizomenon flos-aquae",,,,,0.29,,,"analyzed",,,,,"Anatoxin-a: not analyzed; Cylindrospermopsin: 0.29;  Saxitoxin/Paralytic Shellfish Toxins: 0.55",,2019-04-29 15:25:00,29.6037777777778,-81.6053861111111,0.3,"https://services1.arcgis.com/nRHtyn3uE1kyzoYc/arcgis/rest/services/service_5c5ebb2c750c442da2b09ddcc97bb150/FeatureServer/0/249/attachments/219?token=5-9B4_qFJxwE43FpRKmTcizn9xE4gyQzR7iJriH_WSdv7PgrexGGAhHhsGpscZa8SH_qjt0z84tspBh9UZdaQiiM655xl5nYilYijuNFLU5ctgA5UqoDG-yQnKzdu40YNWB8oief-0n4SY_CsI5ZrvtQHd97t_Zf1Jytpde8Gcx1_zdC8Fhz3OKM_JWL5zg6"
"SJRHBP","StJohns",2019-04-29,"SJRWMD","Yes","mixed algae; no dominant species in sample",,,,,,,,,,,,,"Anatoxin-a: not detected; Cylindrospermopsin: not detected;  Saxitoxin/Paralytic Shellfish Toxins: not detected",,2019-04-29 14:54:00,30.0659166666667,-81.6870277777778,0.3,"https://services1.arcgis.com/nRHtyn3uE1kyzoYc/arcgis/rest/services/service_5c5ebb2c750c442da2b09ddcc97bb150/FeatureServer/0/256/attachments/224?token=5-9B4_qFJxwE43FpRKmTcizn9xE4gyQzR7iJriH_WSdv7PgrexGGAhHhsGpscZa8SH_qjt0z84tspBh9UZdaQiiM655xl5nYilYijuNFLU5ctgA5UqoDG-yQnKzdu40YNWB8oief-0n4SY_CsI5ZrvtQHd97t_Zf1Jytpde8Gcx1_zdC8Fhz3OKM_JWL5zg6"
"FISH CREEK","Putnam",2019-04-29,"SJRWMD","Yes","Dominant taxon: Aphanizomenon flos-aquae",,,,,0.37,,,"analyzed",,,,,"Anatoxin-a: not analyzed; Cylindrospermopsin: 0.37;  Saxitoxin/Paralytic Shellfish Toxins: 0.45",,2019-04-29 14:45:00,29.7087222222222,-81.5994083333333,0.3,"https://services1.arcgis.com/nRHtyn3uE1kyzoYc/arcgis/rest/services/service_5c5ebb2c750c442da2b09ddcc97bb150/FeatureServer/0/248/attachments/218?token=5-9B4_qFJxwE43FpRKmTcizn9xE4gyQzR7iJriH_WSdv7PgrexGGAhHhsGpscZa8SH_qjt0z84tspBh9UZdaQiiM655xl5nYilYijuNFLU5ctgA5UqoDG-yQnKzdu40YNWB8oief-0n4SY_CsI5ZrvtQHd97t_Zf1Jytpde8Gcx1_zdC8Fhz3OKM_JWL5zg6"
"SJR at Shand's Bridge","StJohns",2019-04-29,"SJRWMD","Yes","Dominant taxon: Planctonema lauterbornii",,,,,0.08,,,"analyzed",,,,,"Anatoxin-a: not analyzed; Cylindrospermopsin: 0.08;  Saxitoxin/Paralytic Shellfish Toxins: 0.12",,2019-04-29 14:22:00,29.9812777777778,-81.6216388888889,0.3,"https://services1.arcgis.com/nRHtyn3uE1kyzoYc/arcgis/rest/services/service_5c5ebb2c750c442da2b09ddcc97bb150/FeatureServer/0/255/attachments/223?token=5-9B4_qFJxwE43FpRKmTcizn9xE4gyQzR7iJriH_WSdv7PgrexGGAhHhsGpscZa8SH_qjt0z84tspBh9UZdaQiiM655xl5nYilYijuNFLU5ctgA5UqoDG-yQnKzdu40YNWB8oief-0n4SY_CsI5ZrvtQHd97t_Zf1Jytpde8Gcx1_zdC8Fhz3OKM_JWL5zg6"
"FEDERAL POINT","Putnam",2019-04-29,"SJRWMD","Yes","Dominant taxon: Aphanizomenon flos-aquae",,,0.17,"J (J qualifier indicates an estimated value)",0.37,,,,,,,,"Anatoxin-a: not detected; Cylindrospermopsin: 0.37;  Saxitoxin/Paralytic Shellfish Toxins: 0.60",,2019-04-29 14:07:00,29.77875,-81.5457111111111,0.3,"https://services1.arcgis.com/nRHtyn3uE1kyzoYc/arcgis/rest/services/service_5c5ebb2c750c442da2b09ddcc97bb150/FeatureServer/0/247/attachments/216?token=5-9B4_qFJxwE43FpRKmTcizn9xE4gyQzR7iJriH_WSdv7PgrexGGAhHhsGpscZa8SH_qjt0z84tspBh9UZdaQiiM655xl5nYilYijuNFLU5ctgA5UqoDG-yQnKzdu40YNWB8oief-0n4SY_CsI5ZrvtQHd97t_Zf1Jytpde8Gcx1_zdC8Fhz3OKM_JWL5zg6"
"SJWSIL","StJohns",2019-04-29,"SJRWMD","Yes","mixed algae; no dominant species in sample",,,,,0.15,,,"analyzed",,,,,"Anatoxin-a: not analyzed; Cylindrospermopsin: 0.15;  Saxitoxin/Paralytic Shellfish Toxins: 0.85",,2019-04-29 14:02:00,29.8941388888889,-81.5939166666667,0.3,"https://services1.arcgis.com/nRHtyn3uE1kyzoYc/arcgis/rest/services/service_5c5ebb2c750c442da2b09ddcc97bb150/FeatureServer/0/254/attachments/222?token=5-9B4_qFJxwE43FpRKmTcizn9xE4gyQzR7iJriH_WSdv7PgrexGGAhHhsGpscZa8SH_qjt0z84tspBh9UZdaQiiM655xl5nYilYijuNFLU5ctgA5UqoDG-yQnKzdu40YNWB8oief-0n4SY_CsI5ZrvtQHd97t_Zf1Jytpde8Gcx1_zdC8Fhz3OKM_JWL5zg6"
"SJP","Putnam",2019-04-29,"SJRWMD","Yes","Dominant taxon: Aphanizomenon flos-aquae",,,,,0.36,,,,,,,,"Anatoxin-a: not detected; Cylindrospermopsin: 0.36;  Saxitoxin/Paralytic Shellfish Toxins: 0.53",,2019-04-29 13:40:00,29.6443611111111,-81.6259444444444,0.3,
"SRP","StJohns",2019-04-29,"SJRWMD","Yes","Dominant taxon: Aphanizomenon flos-aquae",,,,,0.43,,,"analyzed",,,,,"Anatoxin-a: not analyzed; Cylindrospermopsin: 0.43;  Saxitoxin/Paralytic Shellfish Toxins: 0.78",,2019-04-29 13:19:00,29.80169,-81.55453,0.3,"https://services1.arcgis.com/nRHtyn3uE1kyzoYc/arcgis/rest/services/service_5c5ebb2c750c442da2b09ddcc97bb150/FeatureServer/0/253/attachments/221?token=5-9B4_qFJxwE43FpRKmTcizn9xE4gyQzR7iJriH_WSdv7PgrexGGAhHhsGpscZa8SH_qjt0z84tspBh9UZdaQiiM655xl5nYilYijuNFLU5ctgA5UqoDG-yQnKzdu40YNWB8oief-0n4SY_CsI5ZrvtQHd97t_Zf1Jytpde8Gcx1_zdC8Fhz3OKM_JWL5zg6"
"KNIGHT'S LANDING","Clay",2019-04-28,"SJRWMD","Yes","mixed algae; no dominant species in sample",,,,,,,,,,,,,"Anatoxin-a: not detected; Cylindrospermopsin: not detected;  Saxitoxin/Paralytic Shellfish Toxins: 0.06",,2019-04-29 11:26:00,30.0406944444444,-81.7071111111111,0.3,
"Lake Dora","Lake",2019-04-25,"DEP_CEN_ROC","Yes","Dominant taxon: Oedogonium sp.",,,,,,,,,,,,,"Anatoxin-a: not detected; Cylindrospermopsin: not detected;  Saxitoxin: not detected","Filamentous, periphytic algae on submerged vegetation leaf blades.  No typical HAB bloom observed.",2019-04-25 14:40:00,28.8003,-81.7278,0.3,"https://services1.arcgis.com/nRHtyn3uE1kyzoYc/arcgis/rest/services/service_5c5ebb2c750c442da2b09ddcc97bb150/FeatureServer/0/234/attachments/192?token=5-9B4_qFJxwE43FpRKmTcizn9xE4gyQzR7iJriH_WSdv7PgrexGGAhHhsGpscZa8SH_qjt0z84tspBh9UZdaQiiM655xl5nYilYijuNFLU5ctgA5UqoDG-yQnKzdu40YNWB8oief-0n4SY_CsI5ZrvtQHd97t_Zf1Jytpde8Gcx1_zdC8Fhz3OKM_JWL5zg6"
"SRP","StJohns",2019-04-24,"SJRWMD","Yes","Dominant taxon: Aphanizomenon flos-aquae",,,,,0.29,,,"analyzed",,,,,"Anatoxin-a: not analyzed; Cylindrospermopsin: 0.29;  Saxitoxin/Paralytic Shellfish Toxins: 0.7",,2019-04-24 19:06:00,29.80169,-81.55453,0.3,
"SJRCC","Putnam",2019-04-24,"SJRWMD","Yes","Dominant taxon: Aphanizomenon flos-aquae",,,,,0.36,,,"analyzed",,,,,"Anatoxin-a: not analyzed; Cylindrospermopsin: 0.36;  Saxitoxin/Paralytic Shellfish Toxins: 0.4",,2019-04-24 18:49:00,29.7000833333333,-81.6366944444444,0.3,
"SJP","Putnam",2019-04-24,"SJRWMD","Yes","Dominant taxon: Aphanizomenon flos-aquae",,,0.15,,0.29,,,"analyzed",,,,,"Anatoxin-a: not analyzed; Cylindrospermopsin: 0.29;  Saxitoxin/Paralytic Shellfish Toxins: 0.5",,2019-04-24 18:40:00,29.6443611111111,-81.6259444444444,0.3,"https://services1.arcgis.com/nRHtyn3uE1kyzoYc/arcgis/rest/services/service_5c5ebb2c750c442da2b09ddcc97bb150/FeatureServer/0/228/attachments/185?token=5-9B4_qFJxwE43FpRKmTcizn9xE4gyQzR7iJriH_WSdv7PgrexGGAhHhsGpscZa8SH_qjt0z84tspBh9UZdaQiiM655xl5nYilYijuNFLU5ctgA5UqoDG-yQnKzdu40YNWB8oief-0n4SY_CsI5ZrvtQHd97t_Zf1Jytpde8Gcx1_zdC8Fhz3OKM_JWL5zg6"
"POWERLINES","Putnam",2019-04-24,"SJRWMD","Yes","Dominant taxon: Aphanizomenon flos-aquae",,,0.19,,0.27,,,"analyzed",,,,,"Anatoxin-a: not analyzed; Cylindrospermopsin: 0.27;  Saxitoxin/Paralytic Shellfish Toxins: 0.6",,2019-04-24 18:21:00,29.6285833333333,-81.5936944444444,0.3,
"CM15","Putnam",2019-04-24,"SJRWMD","Yes","Dominant taxon: Aphanizomenon flos-aquae",,,0.21,,0.43,,,"analyzed",,,,,"Anatoxin-a: not analyzed; Cylindrospermopsin: 0.43;  Saxitoxin/Paralytic Shellfish Toxins: 0.6",,2019-04-24 18:14:00,29.5912222222222,-81.622,0.3,"https://services1.arcgis.com/nRHtyn3uE1kyzoYc/arcgis/rest/services/service_5c5ebb2c750c442da2b09ddcc97bb150/FeatureServer/0/225/attachments/183?token=5-9B4_qFJxwE43FpRKmTcizn9xE4gyQzR7iJriH_WSdv7PgrexGGAhHhsGpscZa8SH_qjt0z84tspBh9UZdaQiiM655xl5nYilYijuNFLU5ctgA5UqoDG-yQnKzdu40YNWB8oief-0n4SY_CsI5ZrvtQHd97t_Zf1Jytpde8Gcx1_zdC8Fhz3OKM_JWL5zg6"
"WELAKA","Putnam",2019-04-24,"SJRWMD","Yes","Dominant taxon: Aphanizomenon flos-aquae",,,,,0.26,,,"analyzed",,,,,"Anatoxin-a: not analyzed; Cylindrospermopsin: 0.26;  Saxitoxin/Paralytic Shellfish Toxins: 0.6",,2019-04-24 17:47:00,29.4892222222222,-81.6816944444444,0.3,"https://services1.arcgis.com/nRHtyn3uE1kyzoYc/arcgis/rest/services/service_5c5ebb2c750c442da2b09ddcc97bb150/FeatureServer/0/223/attachments/181?token=5-9B4_qFJxwE43FpRKmTcizn9xE4gyQzR7iJriH_WSdv7PgrexGGAhHhsGpscZa8SH_qjt0z84tspBh9UZdaQiiM655xl5nYilYijuNFLU5ctgA5UqoDG-yQnKzdu40YNWB8oief-0n4SY_CsI5ZrvtQHd97t_Zf1Jytpde8Gcx1_zdC8Fhz3OKM_JWL5zg6"
"WELAKA BOAT RAMP","Putnam",2019-04-24,"SJRWMD","Yes","Dominant taxon: Aphanizomenon flos-aquae",,,,,0.28,,,"analyzed",,,,,"Anatoxin-a: not analyzed; Cylindrospermopsin: 0.28;  Saxitoxin/Paralytic Shellfish Toxins: 0.6",,2019-04-24 17:41:00,29.4786111111111,-81.6748722222222,0.3,"https://services1.arcgis.com/nRHtyn3uE1kyzoYc/arcgis/rest/services/service_5c5ebb2c750c442da2b09ddcc97bb150/FeatureServer/0/233/attachments/191?token=5-9B4_qFJxwE43FpRKmTcizn9xE4gyQzR7iJriH_WSdv7PgrexGGAhHhsGpscZa8SH_qjt0z84tspBh9UZdaQiiM655xl5nYilYijuNFLU5ctgA5UqoDG-yQnKzdu40YNWB8oief-0n4SY_CsI5ZrvtQHd97t_Zf1Jytpde8Gcx1_zdC8Fhz3OKM_JWL5zg6"
"CM65","Putnam",2019-04-24,"SJRWMD","Yes","Dominant taxon: Aphanizomenon flos-aquae",,,0.21,,0.42,,,"analyzed",,,,,"Anatoxin-a: not analyzed; Cylindrospermopsin: 0.42;  Saxitoxin/Paralytic Shellfish Toxins: 1.1",,2019-04-24 17:20:00,29.4203055555556,-81.6532777777778,0.3,"https://services1.arcgis.com/nRHtyn3uE1kyzoYc/arcgis/rest/services/service_5c5ebb2c750c442da2b09ddcc97bb150/FeatureServer/0/222/attachments/180?token=5-9B4_qFJxwE43FpRKmTcizn9xE4gyQzR7iJriH_WSdv7PgrexGGAhHhsGpscZa8SH_qjt0z84tspBh9UZdaQiiM655xl5nYilYijuNFLU5ctgA5UqoDG-yQnKzdu40YNWB8oief-0n4SY_CsI5ZrvtQHd97t_Zf1Jytpde8Gcx1_zdC8Fhz3OKM_JWL5zg6"
"CM72 near Georgetown (20030373)","Putnam",2019-04-24,"SJRWMD","Yes","Dominant taxon: Aphanizomenon flos-aquae",,,0.17,,0.5,,,"analyzed",,,,,"Anatoxin-a: not analyzed; Cylindrospermopsin: 0.50;  Saxitoxin/Paralytic Shellfish Toxins: 0.9",,2019-04-24 17:11:00,29.3786666666667,-81.6288333333333,0.3,
"NORTHWEST COVE LAKE GEORGE","Volusia",2019-04-24,"SJRWMD","Yes","Dominant taxon: Aphanizomenon flos-aquae",,,0.27,,0.26,,,,,,,,"Anatoxin-a: not detected; Cylindrospermopsin: 0.26;  Saxitoxin/Paralytic Shellfish Toxins: 1.0",,2019-04-24 16:40:00,29.3076944444444,-81.6578611111111,0.3,"https://services1.arcgis.com/nRHtyn3uE1kyzoYc/arcgis/rest/services/service_5c5ebb2c750c442da2b09ddcc97bb150/FeatureServer/0/232/attachments/187?token=5-9B4_qFJxwE43FpRKmTcizn9xE4gyQzR7iJriH_WSdv7PgrexGGAhHhsGpscZa8SH_qjt0z84tspBh9UZdaQiiM655xl5nYilYijuNFLU5ctgA5UqoDG-yQnKzdu40YNWB8oief-0n4SY_CsI5ZrvtQHd97t_Zf1Jytpde8Gcx1_zdC8Fhz3OKM_JWL5zg6"
"LAKE GEORGE WEST SHORE","Volusia",2019-04-24,"SJRWMD","Yes","Dominant taxon: Aphanizomenon flos-aquae",,,0.19,,0.17,,,,,,,,"Anatoxin-a: not detected; Cylindrospermopsin: 0.17;  Saxitoxin/Paralytic Shellfish Toxins: 0.7",,2019-04-24 16:12:00,29.2798333333333,-81.6201111111111,0.3,"https://services1.arcgis.com/nRHtyn3uE1kyzoYc/arcgis/rest/services/service_5c5ebb2c750c442da2b09ddcc97bb150/FeatureServer/0/231/attachments/186?token=5-9B4_qFJxwE43FpRKmTcizn9xE4gyQzR7iJriH_WSdv7PgrexGGAhHhsGpscZa8SH_qjt0z84tspBh9UZdaQiiM655xl5nYilYijuNFLU5ctgA5UqoDG-yQnKzdu40YNWB8oief-0n4SY_CsI5ZrvtQHd97t_Zf1Jytpde8Gcx1_zdC8Fhz3OKM_JWL5zg6"
"LEO","Volusia",2019-04-24,"SJRWMD","Yes","Dominant taxon: Aphanizomenon flos-aquae",,,,,0.22,,,,,,,,"Anatoxin-a: not detected; Cylindrospermopsin: 0.22;  Saxitoxin/Paralytic Shellfish Toxins: 0.9",,2019-04-24 15:40:00,29.3095,-81.6069722222222,0.3,"https://services1.arcgis.com/nRHtyn3uE1kyzoYc/arcgis/rest/services/service_5c5ebb2c750c442da2b09ddcc97bb150/FeatureServer/0/220/attachments/179?token=5-9B4_qFJxwE43FpRKmTcizn9xE4gyQzR7iJriH_WSdv7PgrexGGAhHhsGpscZa8SH_qjt0z84tspBh9UZdaQiiM655xl5nYilYijuNFLU5ctgA5UqoDG-yQnKzdu40YNWB8oief-0n4SY_CsI5ZrvtQHd97t_Zf1Jytpde8Gcx1_zdC8Fhz3OKM_JWL5zg6"
"BB22","Putnam",2019-04-24,"SJRWMD","Yes","Dominant taxon: Aphanizomenon flos-aquae",,,0.19,,0.35,,,"analyzed",,,,,"Anatoxin-a: not analyzed; Cylindrospermopsin: 0.35;  Saxitoxin/Paralytic Shellfish Toxins: 0.8",,2019-04-24 14:40:00,29.5960277777778,-81.6784166666667,0.3,"https://services1.arcgis.com/nRHtyn3uE1kyzoYc/arcgis/rest/services/service_5c5ebb2c750c442da2b09ddcc97bb150/FeatureServer/0/224/attachments/182?token=5-9B4_qFJxwE43FpRKmTcizn9xE4gyQzR7iJriH_WSdv7PgrexGGAhHhsGpscZa8SH_qjt0z84tspBh9UZdaQiiM655xl5nYilYijuNFLU5ctgA5UqoDG-yQnKzdu40YNWB8oief-0n4SY_CsI5ZrvtQHd97t_Zf1Jytpde8Gcx1_zdC8Fhz3OKM_JWL5zg6"
"Palatka City Dock","Putnam",2019-04-24,"SJRWMD","Yes","Dominant taxon: Aphanizomenon flos-aquae",,,0.17,,0.22,,,"analyzed",,,,,"Anatoxin-a: not analyzed; Cylindrospermopsin: 0.22;  Saxitoxin/Paralytic Shellfish Toxins: 0.5",,2019-04-24 14:10:00,29.6436444444444,-81.6307666666667,0.3,"https://services1.arcgis.com/nRHtyn3uE1kyzoYc/arcgis/rest/services/service_5c5ebb2c750c442da2b09ddcc97bb150/FeatureServer/0/227/attachments/184?token=5-9B4_qFJxwE43FpRKmTcizn9xE4gyQzR7iJriH_WSdv7PgrexGGAhHhsGpscZa8SH_qjt0z84tspBh9UZdaQiiM655xl5nYilYijuNFLU5ctgA5UqoDG-yQnKzdu40YNWB8oief-0n4SY_CsI5ZrvtQHd97t_Zf1Jytpde8Gcx1_zdC8Fhz3OKM_JWL5zg6"
"Julington Creek at Mandarin Park","Duval",2019-04-23,"DEP_NE_ROC","No","mixed algae; no dominant species in sample",,,,,,,,,,,,,"Anatoxin-a: not detected; Cylindrospermopsin: not detected;  Saxitoxin: not detected","not visible algae, but 9.5mg and 116%oxygen",2019-04-23 18:15:00,30.1322586134711,-81.6352755994975,0.1,"https://services1.arcgis.com/nRHtyn3uE1kyzoYc/arcgis/rest/services/service_5c5ebb2c750c442da2b09ddcc97bb150/FeatureServer/0/213/attachments/168?token=5-9B4_qFJxwE43FpRKmTcizn9xE4gyQzR7iJriH_WSdv7PgrexGGAhHhsGpscZa8SH_qjt0z84tspBh9UZdaQiiM655xl5nYilYijuNFLU5ctgA5UqoDG-yQnKzdu40YNWB8oief-0n4SY_CsI5ZrvtQHd97t_Zf1Jytpde8Gcx1_zdC8Fhz3OKM_JWL5zg6"
"Arlington River at Carlton Oaks","Duval",2019-04-23,"DEP_NE_ROC","Yes","mixed algae; no dominant species in sample",,,,,,,,,,,,,"Anatoxin-a: not detected; Cylindrospermopsin: not detected;  Saxitoxin: not detected","light dusting of blue green algae, station",2019-04-23 14:15:00,30.316685062559,-81.6032638879166,0.3,"https://services1.arcgis.com/nRHtyn3uE1kyzoYc/arcgis/rest/services/service_5c5ebb2c750c442da2b09ddcc97bb150/FeatureServer/0/216/attachments/172?token=5-9B4_qFJxwE43FpRKmTcizn9xE4gyQzR7iJriH_WSdv7PgrexGGAhHhsGpscZa8SH_qjt0z84tspBh9UZdaQiiM655xl5nYilYijuNFLU5ctgA5UqoDG-yQnKzdu40YNWB8oief-0n4SY_CsI5ZrvtQHd97t_Zf1Jytpde8Gcx1_zdC8Fhz3OKM_JWL5zg6"
"Fellsmere Water Mgmt Area 1","IndianRiver",2019-04-22,"SJRWMD","Yes","Dominant taxon: Microcystis sp.",,,2.54,,2,,,,,,,,"Anatoxin-a: not detected; Cylindrospermopsin: 2.00;  Saxitoxin/Paralytic Shellfish Toxins: not detected",,2019-04-22 17:03:00,27.7956666666667,-80.7045277777778,0.3,"https://services1.arcgis.com/nRHtyn3uE1kyzoYc/arcgis/rest/services/service_5c5ebb2c750c442da2b09ddcc97bb150/FeatureServer/0/215/attachments/171?token=5-9B4_qFJxwE43FpRKmTcizn9xE4gyQzR7iJriH_WSdv7PgrexGGAhHhsGpscZa8SH_qjt0z84tspBh9UZdaQiiM655xl5nYilYijuNFLU5ctgA5UqoDG-yQnKzdu40YNWB8oief-0n4SY_CsI5ZrvtQHd97t_Zf1Jytpde8Gcx1_zdC8Fhz3OKM_JWL5zg6"
"SRP","StJohns",2019-04-22,"SJRWMD","Yes","Dominant taxon: Aphanizomenon flos-aquae",,,0.16,"J (J qualifier indicates an estimated value)",0.23,,,,,,,,"Anatoxin-a: not detected; Cylindrospermopsin: 0.23;  Saxitoxin/Paralytic Shellfish Toxins: 0.7",,2019-04-22 16:30:00,29.80169,-81.55453,0.3,
"SJRCC","Putnam",2019-04-22,"SJRWMD","Yes","Dominant taxon: Aphanizomenon flos-aquae",,,0.17,"J (J qualifier indicates an estimated value)",0.23,,,,,,,,"Anatoxin-a: not detected; Cylindrospermopsin: 0.23;  Saxitoxin/Paralytic Shellfish Toxins: 0.6",,2019-04-22 16:10:00,29.7000833333333,-81.6366944444444,0.3,"https://services1.arcgis.com/nRHtyn3uE1kyzoYc/arcgis/rest/services/service_5c5ebb2c750c442da2b09ddcc97bb150/FeatureServer/0/211/attachments/167?token=5-9B4_qFJxwE43FpRKmTcizn9xE4gyQzR7iJriH_WSdv7PgrexGGAhHhsGpscZa8SH_qjt0z84tspBh9UZdaQiiM655xl5nYilYijuNFLU5ctgA5UqoDG-yQnKzdu40YNWB8oief-0n4SY_CsI5ZrvtQHd97t_Zf1Jytpde8Gcx1_zdC8Fhz3OKM_JWL5zg6"
"SJP","Putnam",2019-04-22,"SJRWMD","Yes","Dominant taxon: Aphanizomenon flos-aquae",,,,,0.26,,,,,,,,"Anatoxin-a: not detected; Cylindrospermopsin: 0.26;  Saxitoxin/Paralytic Shellfish Toxins: 0.6",,2019-04-22 16:00:00,29.6443611111111,-81.6259444444444,0.3,"https://services1.arcgis.com/nRHtyn3uE1kyzoYc/arcgis/rest/services/service_5c5ebb2c750c442da2b09ddcc97bb150/FeatureServer/0/210/attachments/166?token=5-9B4_qFJxwE43FpRKmTcizn9xE4gyQzR7iJriH_WSdv7PgrexGGAhHhsGpscZa8SH_qjt0z84tspBh9UZdaQiiM655xl5nYilYijuNFLU5ctgA5UqoDG-yQnKzdu40YNWB8oief-0n4SY_CsI5ZrvtQHd97t_Zf1Jytpde8Gcx1_zdC8Fhz3OKM_JWL5zg6"
"POWERLINES","Putnam",2019-04-22,"SJRWMD","Yes","Dominant taxon: Aphanizomenon flos-aquae",,,0.21,,0.26,,,,,,,,"Anatoxin-a: not detected; Cylindrospermopsin: 0.26;  Saxitoxin/Paralytic Shellfish Toxins: 0.5",,2019-04-22 15:50:00,29.6285833333333,-81.5936944444444,0.3,"https://services1.arcgis.com/nRHtyn3uE1kyzoYc/arcgis/rest/services/service_5c5ebb2c750c442da2b09ddcc97bb150/FeatureServer/0/208/attachments/165?token=5-9B4_qFJxwE43FpRKmTcizn9xE4gyQzR7iJriH_WSdv7PgrexGGAhHhsGpscZa8SH_qjt0z84tspBh9UZdaQiiM655xl5nYilYijuNFLU5ctgA5UqoDG-yQnKzdu40YNWB8oief-0n4SY_CsI5ZrvtQHd97t_Zf1Jytpde8Gcx1_zdC8Fhz3OKM_JWL5zg6"
"CM15","Putnam",2019-04-22,"SJRWMD","Yes","Dominant taxon: Aphanizomenon flos-aquae",,,,,0.28,,,,,,,,"Anatoxin-a: not detected; Cylindrospermopsin: 0.28;  Saxitoxin/Paralytic Shellfish Toxins: 0.7",,2019-04-22 15:35:00,29.5912222222222,-81.622,0.3,"https://services1.arcgis.com/nRHtyn3uE1kyzoYc/arcgis/rest/services/service_5c5ebb2c750c442da2b09ddcc97bb150/FeatureServer/0/207/attachments/164?token=5-9B4_qFJxwE43FpRKmTcizn9xE4gyQzR7iJriH_WSdv7PgrexGGAhHhsGpscZa8SH_qjt0z84tspBh9UZdaQiiM655xl5nYilYijuNFLU5ctgA5UqoDG-yQnKzdu40YNWB8oief-0n4SY_CsI5ZrvtQHd97t_Zf1Jytpde8Gcx1_zdC8Fhz3OKM_JWL5zg6"
"LMR Airboat Jump","IndianRiver",2019-04-22,"SJRWMD","Yes","Dominant taxon: Dolichospermum circinale",,,0.33,,,,,,,,,,"Anatoxin-a: not detected; Cylindrospermopsin: not detected;  Saxitoxin/Paralytic Shellfish Toxins: not detected",,2019-04-22 15:31:00,27.6995555555556,-80.6764166666667,0.3,"https://services1.arcgis.com/nRHtyn3uE1kyzoYc/arcgis/rest/services/service_5c5ebb2c750c442da2b09ddcc97bb150/FeatureServer/0/214/attachments/170?token=5-9B4_qFJxwE43FpRKmTcizn9xE4gyQzR7iJriH_WSdv7PgrexGGAhHhsGpscZa8SH_qjt0z84tspBh9UZdaQiiM655xl5nYilYijuNFLU5ctgA5UqoDG-yQnKzdu40YNWB8oief-0n4SY_CsI5ZrvtQHd97t_Zf1Jytpde8Gcx1_zdC8Fhz3OKM_JWL5zg6"
"BB22","Putnam",2019-04-22,"SJRWMD","Yes","Dominant taxon: Aphanizomenon flos-aquae",,,,,0.31,,,,,,,,"Anatoxin-a: not detected; Cylindrospermopsin: 0.31;  Saxitoxin/Paralytic Shellfish Toxins: 0.9",,2019-04-22 15:25:00,29.5960277777778,-81.6784166666667,0.3,"https://services1.arcgis.com/nRHtyn3uE1kyzoYc/arcgis/rest/services/service_5c5ebb2c750c442da2b09ddcc97bb150/FeatureServer/0/206/attachments/163?token=5-9B4_qFJxwE43FpRKmTcizn9xE4gyQzR7iJriH_WSdv7PgrexGGAhHhsGpscZa8SH_qjt0z84tspBh9UZdaQiiM655xl5nYilYijuNFLU5ctgA5UqoDG-yQnKzdu40YNWB8oief-0n4SY_CsI5ZrvtQHd97t_Zf1Jytpde8Gcx1_zdC8Fhz3OKM_JWL5zg6"
"WELAKA","Putnam",2019-04-22,"SJRWMD","Yes","Dominant taxon: Aphanizomenon flos-aquae",,,0.19,"J (J qualifier indicates an estimated value)",0.34,,,,,,,,"Anatoxin-a: not detected; Cylindrospermopsin: 0.34;  Saxitoxin/Paralytic Shellfish Toxins: 0.8",,2019-04-22 15:05:00,29.4892222222222,-81.6816944444444,0.3,"https://services1.arcgis.com/nRHtyn3uE1kyzoYc/arcgis/rest/services/service_5c5ebb2c750c442da2b09ddcc97bb150/FeatureServer/0/205/attachments/162?token=5-9B4_qFJxwE43FpRKmTcizn9xE4gyQzR7iJriH_WSdv7PgrexGGAhHhsGpscZa8SH_qjt0z84tspBh9UZdaQiiM655xl5nYilYijuNFLU5ctgA5UqoDG-yQnKzdu40YNWB8oief-0n4SY_CsI5ZrvtQHd97t_Zf1Jytpde8Gcx1_zdC8Fhz3OKM_JWL5zg6"
"CM65","Putnam",2019-04-22,"SJRWMD","Yes","Dominant taxon: Aphanizomenon flos-aquae",,,0.15,"J (J qualifier indicates an estimated value)",0.37,,,,,,,,"Anatoxin-a: not detected; Cylindrospermopsin: 0.37;  Saxitoxin/Paralytic Shellfish Toxins: 1.1",,2019-04-22 14:29:00,29.4203055555556,-81.6532777777778,0.3,"https://services1.arcgis.com/nRHtyn3uE1kyzoYc/arcgis/rest/services/service_5c5ebb2c750c442da2b09ddcc97bb150/FeatureServer/0/204/attachments/161?token=5-9B4_qFJxwE43FpRKmTcizn9xE4gyQzR7iJriH_WSdv7PgrexGGAhHhsGpscZa8SH_qjt0z84tspBh9UZdaQiiM655xl5nYilYijuNFLU5ctgA5UqoDG-yQnKzdu40YNWB8oief-0n4SY_CsI5ZrvtQHd97t_Zf1Jytpde8Gcx1_zdC8Fhz3OKM_JWL5zg6"
"CM72 near Georgetown (20030373)","Putnam",2019-04-22,"SJRWMD","Yes","Dominant taxon: Aphanizomenon flos-aquae",,,,,0.29,,,,,,,,"Anatoxin-a: not detected; Cylindrospermopsin: 0.29;  Saxitoxin/Paralytic Shellfish Toxins: 0.9",,2019-04-22 14:15:00,29.3786666666667,-81.6288333333333,0.3,"https://services1.arcgis.com/nRHtyn3uE1kyzoYc/arcgis/rest/services/service_5c5ebb2c750c442da2b09ddcc97bb150/FeatureServer/0/203/attachments/160?token=5-9B4_qFJxwE43FpRKmTcizn9xE4gyQzR7iJriH_WSdv7PgrexGGAhHhsGpscZa8SH_qjt0z84tspBh9UZdaQiiM655xl5nYilYijuNFLU5ctgA5UqoDG-yQnKzdu40YNWB8oief-0n4SY_CsI5ZrvtQHd97t_Zf1Jytpde8Gcx1_zdC8Fhz3OKM_JWL5zg6"
"LEO","Volusia",2019-04-22,"SJRWMD","Yes","Dominant taxon: Aphanizomenon flos-aquae",,,0.25,,0.27,,,,,,,,"Anatoxin-a: not detected; Cylindrospermopsin: 0.27;  Saxitoxin/Paralytic Shellfish Toxins: 1.0",,2019-04-22 14:00:00,29.3095,-81.6069722222222,0.3,"https://services1.arcgis.com/nRHtyn3uE1kyzoYc/arcgis/rest/services/service_5c5ebb2c750c442da2b09ddcc97bb150/FeatureServer/0/202/attachments/159?token=5-9B4_qFJxwE43FpRKmTcizn9xE4gyQzR7iJriH_WSdv7PgrexGGAhHhsGpscZa8SH_qjt0z84tspBh9UZdaQiiM655xl5nYilYijuNFLU5ctgA5UqoDG-yQnKzdu40YNWB8oief-0n4SY_CsI5ZrvtQHd97t_Zf1Jytpde8Gcx1_zdC8Fhz3OKM_JWL5zg6"
"Palatka City Dock","Putnam",2019-04-22,"SJRWMD","Yes","Dominant taxon: Aphanizomenon flos-aquae",,,,,0.24,,,,,,,,"Anatoxin-a: not detected; Cylindrospermopsin: 0.24;  Saxitoxin/Paralytic Shellfish Toxins: 0.5",,2019-04-22 12:45:00,29.6436444444444,-81.6307666666667,0.3,
"SJP","Putnam",2019-04-18,"SJRWMD","Yes","Dominant taxon: Aphanizomenon flos-aquae",,,,,0.19,,,,,,,,"Anatoxin-a: not detected; Cylindrospermopsin: 0.19;  Saxitoxin/Paralytic Shellfish Toxins: 0.8",,2019-04-18 17:28:00,29.6443611111111,-81.6259444444444,0.3,"https://services1.arcgis.com/nRHtyn3uE1kyzoYc/arcgis/rest/services/service_5c5ebb2c750c442da2b09ddcc97bb150/FeatureServer/0/201/attachments/158?token=5-9B4_qFJxwE43FpRKmTcizn9xE4gyQzR7iJriH_WSdv7PgrexGGAhHhsGpscZa8SH_qjt0z84tspBh9UZdaQiiM655xl5nYilYijuNFLU5ctgA5UqoDG-yQnKzdu40YNWB8oief-0n4SY_CsI5ZrvtQHd97t_Zf1Jytpde8Gcx1_zdC8Fhz3OKM_JWL5zg6"
"BB22","Putnam",2019-04-18,"SJRWMD","Yes","Dominant taxon: Aphanizomenon flos-aquae",,,,,0.3,,,,,,,,"Anatoxin-a: not detected; Cylindrospermopsin: 0.30;  Saxitoxin/Paralytic Shellfish Toxins: 1.0",,2019-04-18 16:55:00,29.5960277777778,-81.6784166666667,0.3,"https://services1.arcgis.com/nRHtyn3uE1kyzoYc/arcgis/rest/services/service_5c5ebb2c750c442da2b09ddcc97bb150/FeatureServer/0/200/attachments/157?token=5-9B4_qFJxwE43FpRKmTcizn9xE4gyQzR7iJriH_WSdv7PgrexGGAhHhsGpscZa8SH_qjt0z84tspBh9UZdaQiiM655xl5nYilYijuNFLU5ctgA5UqoDG-yQnKzdu40YNWB8oief-0n4SY_CsI5ZrvtQHd97t_Zf1Jytpde8Gcx1_zdC8Fhz3OKM_JWL5zg6"
"CM65","Putnam",2019-04-18,"SJRWMD","Yes","Dominant taxon: Aphanizomenon flos-aquae",,,,,0.3,,,,,,,,"Anatoxin-a: not detected; Cylindrospermopsin: 0.30;  Saxitoxin/Paralytic Shellfish Toxins: 1.8",,2019-04-18 15:15:00,29.4203055555556,-81.6532777777778,0.3,"https://services1.arcgis.com/nRHtyn3uE1kyzoYc/arcgis/rest/services/service_5c5ebb2c750c442da2b09ddcc97bb150/FeatureServer/0/199/attachments/156?token=5-9B4_qFJxwE43FpRKmTcizn9xE4gyQzR7iJriH_WSdv7PgrexGGAhHhsGpscZa8SH_qjt0z84tspBh9UZdaQiiM655xl5nYilYijuNFLU5ctgA5UqoDG-yQnKzdu40YNWB8oief-0n4SY_CsI5ZrvtQHd97t_Zf1Jytpde8Gcx1_zdC8Fhz3OKM_JWL5zg6"
"CM72 near Georgetown (20030373)","Putnam",2019-04-18,"SJRWMD","Yes","Dominant taxon: Aphanizomenon flos-aquae",,,,,0.25,,,,,,,,"Anatoxin-a: not detected; Cylindrospermopsin: 0.25;  Saxitoxin/Paralytic Shellfish Toxins: 1.9",,2019-04-18 15:00:00,29.3786666666667,-81.6288333333333,0.3,"https://services1.arcgis.com/nRHtyn3uE1kyzoYc/arcgis/rest/services/service_5c5ebb2c750c442da2b09ddcc97bb150/FeatureServer/0/198/attachments/155?token=5-9B4_qFJxwE43FpRKmTcizn9xE4gyQzR7iJriH_WSdv7PgrexGGAhHhsGpscZa8SH_qjt0z84tspBh9UZdaQiiM655xl5nYilYijuNFLU5ctgA5UqoDG-yQnKzdu40YNWB8oief-0n4SY_CsI5ZrvtQHd97t_Zf1Jytpde8Gcx1_zdC8Fhz3OKM_JWL5zg6"
"LEO","Volusia",2019-04-18,"SJRWMD","Yes","Dominant taxon: Aphanizomenon flos-aquae",,,,,0.17,,,,,,,,"Anatoxin-a: not detected; Cylindrospermopsin: 0.17;  Saxitoxin/Paralytic Shellfish Toxins: 1.3",,2019-04-18 14:15:00,29.3095,-81.6069722222222,0.3,"https://services1.arcgis.com/nRHtyn3uE1kyzoYc/arcgis/rest/services/service_5c5ebb2c750c442da2b09ddcc97bb150/FeatureServer/0/197/attachments/154?token=5-9B4_qFJxwE43FpRKmTcizn9xE4gyQzR7iJriH_WSdv7PgrexGGAhHhsGpscZa8SH_qjt0z84tspBh9UZdaQiiM655xl5nYilYijuNFLU5ctgA5UqoDG-yQnKzdu40YNWB8oief-0n4SY_CsI5ZrvtQHd97t_Zf1Jytpde8Gcx1_zdC8Fhz3OKM_JWL5zg6"
"Guana River 0.6 mile N. of Six Mile Boat Ramp","StJohns",2019-04-18,"DEP_NE_ROC","Yes","Dominant taxon: Microspora sp.",,,,,,,,,,,,,"Anatoxin-a: not detected; Cylindrospermopsin: not detected",,2019-04-18 13:45:00,30.11649331,-81.35137144,0.1,"https://services1.arcgis.com/nRHtyn3uE1kyzoYc/arcgis/rest/services/service_5c5ebb2c750c442da2b09ddcc97bb150/FeatureServer/0/195/attachments/150?token=5-9B4_qFJxwE43FpRKmTcizn9xE4gyQzR7iJriH_WSdv7PgrexGGAhHhsGpscZa8SH_qjt0z84tspBh9UZdaQiiM655xl5nYilYijuNFLU5ctgA5UqoDG-yQnKzdu40YNWB8oief-0n4SY_CsI5ZrvtQHd97t_Zf1Jytpde8Gcx1_zdC8Fhz3OKM_JWL5zg6"
"SJRCC","Putnam",2019-04-18,"SJRWMD","Yes","Dominant taxon: Aphanizomenon flos-aquae",,,,,0.27,,,,,,,,"Anatoxin-a: not detected; Cylindrospermopsin: 0.27;  Saxitoxin/Paralytic Shellfish Toxins: 1.0",,2019-04-18 12:20:00,29.7001042832562,-81.636763578442,0.3,"https://services1.arcgis.com/nRHtyn3uE1kyzoYc/arcgis/rest/services/service_5c5ebb2c750c442da2b09ddcc97bb150/FeatureServer/0/196/attachments/153?token=5-9B4_qFJxwE43FpRKmTcizn9xE4gyQzR7iJriH_WSdv7PgrexGGAhHhsGpscZa8SH_qjt0z84tspBh9UZdaQiiM655xl5nYilYijuNFLU5ctgA5UqoDG-yQnKzdu40YNWB8oief-0n4SY_CsI5ZrvtQHd97t_Zf1Jytpde8Gcx1_zdC8Fhz3OKM_JWL5zg6"
"Lake Rianhard","Osceola",2019-04-16,"DEP_CEN_ROC","Yes","Co-dominant taxa were: Microcystis aeruginosa and Dolichospermum circinale",,,,,,,,,,,,,"Anatoxin-a: not detected; Cylindrospermopsin: not detected","Algae bloom visible close up, within the water column.  No surface scum.",2019-04-16 13:58:00,28.3164,-81.54117,0.3,"https://services1.arcgis.com/nRHtyn3uE1kyzoYc/arcgis/rest/services/service_5c5ebb2c750c442da2b09ddcc97bb150/FeatureServer/0/192/attachments/147?token=5-9B4_qFJxwE43FpRKmTcizn9xE4gyQzR7iJriH_WSdv7PgrexGGAhHhsGpscZa8SH_qjt0z84tspBh9UZdaQiiM655xl5nYilYijuNFLU5ctgA5UqoDG-yQnKzdu40YNWB8oief-0n4SY_CsI5ZrvtQHd97t_Zf1Jytpde8Gcx1_zdC8Fhz3OKM_JWL5zg6"
"St. Johns River, Brown's Landing","Putnam",2019-04-11,"SJRWMD","Yes","Dominant taxon: Aphanizomenon flos-aquae",,,,,0.13,,,,,,,,"Anatoxin-a: not detected; Cylindrospermopsin: 0.13;  Saxitoxin/Paralytic Shellfish Toxins: 0.80",,2019-04-11 13:50:00,29.59757,-81.6468,0.3,"https://services1.arcgis.com/nRHtyn3uE1kyzoYc/arcgis/rest/services/service_5c5ebb2c750c442da2b09ddcc97bb150/FeatureServer/0/188/attachments/146?token=5-9B4_qFJxwE43FpRKmTcizn9xE4gyQzR7iJriH_WSdv7PgrexGGAhHhsGpscZa8SH_qjt0z84tspBh9UZdaQiiM655xl5nYilYijuNFLU5ctgA5UqoDG-yQnKzdu40YNWB8oief-0n4SY_CsI5ZrvtQHd97t_Zf1Jytpde8Gcx1_zdC8Fhz3OKM_JWL5zg6"
"St. Johns River Channel Marker 13","Putnam",2019-04-11,"SJRWMD","Yes","Dominant taxon: Aphanizomenon flos-aquae",,,,,0.15,,,,,,,,"Anatoxin-a: not detected; Cylindrospermopsin: 0.15;  Saxitoxin/Paralytic Shellfish Toxins: 0.65",,2019-04-11 13:40:00,29.59646,-81.60803,0.3,"https://services1.arcgis.com/nRHtyn3uE1kyzoYc/arcgis/rest/services/service_5c5ebb2c750c442da2b09ddcc97bb150/FeatureServer/0/187/attachments/145?token=5-9B4_qFJxwE43FpRKmTcizn9xE4gyQzR7iJriH_WSdv7PgrexGGAhHhsGpscZa8SH_qjt0z84tspBh9UZdaQiiM655xl5nYilYijuNFLU5ctgA5UqoDG-yQnKzdu40YNWB8oief-0n4SY_CsI5ZrvtQHd97t_Zf1Jytpde8Gcx1_zdC8Fhz3OKM_JWL5zg6"
"LSJR @ End of Moonlite Dr","Putnam",2019-04-10,"DEP","Yes","Dominant taxon: Aphanizomenon flos-aquae",,,,,,,,,,,,,"Anatoxin-a: not detected; Cylindrospermopsin: not detected",,2019-04-10 17:10:00,29.4925211399137,-81.6807069171421,0.3,
"Lake Estelle","Orange",2019-04-09,"DEP_CEN_ROC","Yes","Dominant taxon: Oedogonium sp.",,,,,,,,,,,,,"Anatoxin-a: not detected; Cylindrospermopsin: not detected","Water very clear; bloom appears to be filamentous, epiphytic on Vallisneria. Rain event (.6"" on 4/5/2019)",2019-04-09 17:49:00,28.5741,-81.366,0.3,"https://services1.arcgis.com/nRHtyn3uE1kyzoYc/arcgis/rest/services/service_5c5ebb2c750c442da2b09ddcc97bb150/FeatureServer/0/183/attachments/141?token=5-9B4_qFJxwE43FpRKmTcizn9xE4gyQzR7iJriH_WSdv7PgrexGGAhHhsGpscZa8SH_qjt0z84tspBh9UZdaQiiM655xl5nYilYijuNFLU5ctgA5UqoDG-yQnKzdu40YNWB8oief-0n4SY_CsI5ZrvtQHd97t_Zf1Jytpde8Gcx1_zdC8Fhz3OKM_JWL5zg6"
"Lake Pot","Seminole",2019-04-08,"DEP_CEN_ROC","Yes","Co-dominant taxa were: Coelosphaerium dubium and Anabaena sp.",,,,,,,,,,,,,"Anatoxin-a: not detected; Cylindrospermopsin: not detected",,2019-04-08 16:15:00,28.6541646657138,-81.3577784935801,0.3,"https://services1.arcgis.com/nRHtyn3uE1kyzoYc/arcgis/rest/services/service_5c5ebb2c750c442da2b09ddcc97bb150/FeatureServer/0/182/attachments/135?token=5-9B4_qFJxwE43FpRKmTcizn9xE4gyQzR7iJriH_WSdv7PgrexGGAhHhsGpscZa8SH_qjt0z84tspBh9UZdaQiiM655xl5nYilYijuNFLU5ctgA5UqoDG-yQnKzdu40YNWB8oief-0n4SY_CsI5ZrvtQHd97t_Zf1Jytpde8Gcx1_zdC8Fhz3OKM_JWL5zg6"
"Fellsmere Water Mgmt Area 1","IndianRiver",2019-03-25,"SJRWMD","Yes","Dominant taxon: Microcystis aeruginosa",,,1.32,,0.37,,,,,,,,"Anatoxin-a: not detected; Cylindrospermopsin: 0.37;  Saxitoxin/Paralytic Shellfish Toxins: not detected",,2019-03-25 15:56:02,27.795669,-80.704539,0.3,
"Fellsmere Water Mgmt Area 1","IndianRiver",2019-03-11,"SJRWMD","Yes","Dominant taxon: Microcystis aeruginosa",,,3.88,,0.12,,,,,,,,"Anatoxin-a: not detected; Cylindrospermopsin: 0.12;  Saxitoxin/Paralytic Shellfish Toxins: not detected",,2019-03-11 14:55:00,27.7956831435169,-80.7045243173884,0.3,
"Fellsmere Water Mgmt Area 1","IndianRiver",2019-02-26,"SJRWMD","Yes","Dominant taxon: Microcystis aeruginosa",,,2.74,,0.05,,,,,,,,"Anatoxin-a: not detected; Cylindrospermopsin: 0.05;  Saxitoxin/Paralytic Shellfish Toxins: not detected",,2019-02-26 16:31:00,27.795670976633,-80.7045457930699,0.3,
"Center of Lake Weir","Marion",2019-02-05,"SJRWMD","Yes","Dominant taxon: Botryococcus braunii",,,,,,,,,,,,,"Anatoxin-a: not detected; Cylindrospermopsin: not detected;  Saxitoxin/Paralytic Shellfish Toxins: not detected",,2019-02-05 16:15:00,29.01748,-81.93846,0.3,
"1769 N. Central Ave","Flagler",2019-01-31,"DEP_NE_ROC","Yes","Dominant taxon: Spirogyra sp.",,,,,,,,,,,,,"not collected",,2019-01-31 18:00:00,29.5002490176142,-81.1395151793516,0.3,
"Lake Anne at 343 Lake Annie Drive","Orange",2019-01-15,"DEP_CEN_ROC","Yes","Dominant taxon: Mycrocystis aeruginosa",,,15.1,,,,,,,,,,"Anatoxin-a: not detected; Cylindrospermopsin: not detected",,2019-01-15 15:05:00,28.68822,-81.54644,0.2,
"IRL Near Titusville Marina","Brevard",2019-01-07,"SJRWMD","Yes","Dominant taxon: Raphidophyceae",,,,"analyzed",,,,,,,,,"not analyzed",,2019-01-07 14:27:00,28.6241595260237,-80.8061667762834,0.3,
